time_exchange;time_coinpai;guid;price;base_amount;taker_side
2016-01-23T00:00:00.000000;2016-01-23T00:00:00.000000;e4c8d5dc-8d32-458c-9311-465f3d3b0507;381.01;11.42;UNKNOWN
2016-01-23T00:00:00.000000;2016-01-23T00:00:00.000000;b4800f9e-a634-4dfb-b7aa-c9c8b67239aa;381.0;0.089337;UNKNOWN
2016-01-23T00:00:00.000000;2016-01-23T00:00:00.000000;a989cc14-95a8-47d0-843a-136aac8103bd;381.06;0.490663;UNKNOWN
2016-01-23T00:00:04.000000;2016-01-23T00:00:04.000000;331213df-4680-4db8-a735-6448c5e1bdbc;380.97;2.14291105;UNKNOWN
2016-01-23T00:00:04.000000;2016-01-23T00:00:04.000000;7a133a92-c6a1-4619-ba4e-4f7e95009c1a;380.97;1.04192984;UNKNOWN
2016-01-23T00:00:04.000000;2016-01-23T00:00:04.000000;e23dc6b6-9d57-4899-8033-4dc0820f2e60;380.97;0.10220188;UNKNOWN
2016-01-23T00:00:06.000000;2016-01-23T00:00:06.000000;7308282f-9585-45a9-b26d-1af4c4fef09f;380.96;0.33;UNKNOWN
2016-01-23T00:00:12.000000;2016-01-23T00:00:12.000000;11101fda-fc6b-433d-b11e-d44de4199dc9;380.97;0.104;UNKNOWN
2016-01-23T00:00:14.000000;2016-01-23T00:00:14.000000;b5422f07-fe2d-4394-81c9-2cb650e20e78;380.97;0.33;UNKNOWN
2016-01-23T00:00:46.000000;2016-01-23T00:00:46.000000;b2a7b3ed-fb92-46ed-9696-ea2561a6bb97;380.99;0.011117;UNKNOWN
2016-01-23T00:00:46.000000;2016-01-23T00:00:46.000000;5cb5fe05-6d8c-4d54-9fd8-a4ebf1ee7dbd;381.29;1.988883;UNKNOWN
2016-01-23T00:01:01.000000;2016-01-23T00:01:01.000000;1c359ba1-7609-4f0a-b99a-0ba63fccd980;380.97;0.04;UNKNOWN
2016-01-23T00:01:06.000000;2016-01-23T00:01:06.000000;3160e6a3-4297-4cb6-b5bf-95d02f929e72;380.97;0.38;UNKNOWN
2016-01-23T00:01:10.000000;2016-01-23T00:01:10.000000;88f2a978-170c-4039-9575-0f5c2d43b72f;381.28;8.402;UNKNOWN
2016-01-23T00:01:10.000000;2016-01-23T00:01:10.000000;4bc6ac48-0584-404e-95f2-9b9f95a84ab1;381.28;7.36983458;UNKNOWN
2016-01-23T00:01:10.000000;2016-01-23T00:01:10.000000;7525287b-b6fb-4330-a965-d017ed5a24ef;381.1;18.9068;UNKNOWN
2016-01-23T00:01:13.000000;2016-01-23T00:01:13.000000;8e7c3cb7-78e2-4524-91ab-be3ae8cfc46a;380.97;0.211;UNKNOWN
2016-01-23T00:01:33.000000;2016-01-23T00:01:33.000000;9f7d89b4-7df2-4a14-8846-f34efaa75fa2;381.15;7.4665;UNKNOWN
2016-01-23T00:01:35.000000;2016-01-23T00:01:35.000000;dbe5f78f-26f6-4fa0-983e-efec1d4f6a8d;381.15;0.01;UNKNOWN
2016-01-23T00:02:14.000000;2016-01-23T00:02:14.000000;eedd8af2-2d1d-41e8-b0ac-baed83e0c1da;381.01;0.08;UNKNOWN
2016-01-23T00:02:45.000000;2016-01-23T00:02:45.000000;ee5bb46f-5a2d-4b2f-917f-2c784fd31992;381.01;0.5;UNKNOWN
2016-01-23T00:03:00.000000;2016-01-23T00:03:00.000000;a886bdb7-9377-4fda-a097-115f7a9e958c;380.98;2.0;UNKNOWN
2016-01-23T00:03:06.000000;2016-01-23T00:03:06.000000;84937803-b480-4076-9485-d95815cab3a9;380.99;0.78846484;UNKNOWN
2016-01-23T00:03:13.000000;2016-01-23T00:03:13.000000;508f4ebd-3faa-4719-9025-1ea80319c381;380.98;6.5148;UNKNOWN
2016-01-23T00:03:13.000000;2016-01-23T00:03:13.000000;6419212b-62e6-4fac-a445-f1209c37a596;380.98;1.22283994;UNKNOWN
2016-01-23T00:03:13.000000;2016-01-23T00:03:13.000000;7574fd86-c45d-41cf-adc9-ada511c0a5f4;380.98;0.19716006;UNKNOWN
2016-01-23T00:03:36.000000;2016-01-23T00:03:36.000000;9a64e3d6-5ef4-441d-8818-e26cfce28d22;380.98;5.0;UNKNOWN
2016-01-23T00:03:43.000000;2016-01-23T00:03:43.000000;13984711-abdf-46a4-b8d6-c364a02c4723;381.09;1.10255997;UNKNOWN
2016-01-23T00:03:43.000000;2016-01-23T00:03:43.000000;aa14bc38-859e-44cf-877b-a1f52e0240d5;380.98;3.39744003;UNKNOWN
2016-01-23T00:03:43.000000;2016-01-23T00:03:43.000000;1ffd64ae-6e90-4998-ac79-3931df1ac16d;381.04;0.5;UNKNOWN
2016-01-23T00:04:07.000000;2016-01-23T00:04:07.000000;26d37568-a7b5-4013-8e81-70ba8742a29b;381.07;2.8;UNKNOWN
2016-01-23T00:04:21.000000;2016-01-23T00:04:21.000000;42c1d5be-3548-4061-899d-3f2a2ff79eb1;381.11;0.299379;UNKNOWN
2016-01-23T00:04:34.000000;2016-01-23T00:04:34.000000;3e76bf06-a508-432b-aa25-3ba0b4136888;381.32;3.2;UNKNOWN
2016-01-23T00:04:42.000000;2016-01-23T00:04:42.000000;42f6930b-382c-40c3-990d-2bba6e4cae61;381.27;0.19;UNKNOWN
2016-01-23T00:04:42.000000;2016-01-23T00:04:42.000000;76e053fa-f2cd-4aab-8ba5-b1ec9de6f99c;381.31;1.0;UNKNOWN
2016-01-23T00:05:33.000000;2016-01-23T00:05:33.000000;cb5ed145-0690-488c-9928-7e288e3d0dd2;380.98;0.1050892;UNKNOWN
2016-01-23T00:06:06.000000;2016-01-23T00:06:06.000000;d0ef36fe-98f4-401d-a074-64c2f53083a8;381.32;1.30134973;UNKNOWN
2016-01-23T00:06:19.000000;2016-01-23T00:06:19.000000;e7076abd-3fb6-446e-b8dc-cd97c81643a6;381.31;1.0;UNKNOWN
2016-01-23T00:06:51.000000;2016-01-23T00:06:51.000000;34ec507d-d98b-4a14-8a35-5e55039d7d4e;381.08;0.7581;UNKNOWN
2016-01-23T00:08:23.000000;2016-01-23T00:08:23.000000;c9b88f33-1542-42fc-800f-2a4ca562493c;381.35;0.6348;UNKNOWN
2016-01-23T00:08:23.000000;2016-01-23T00:08:23.000000;3aa5dccd-1c6f-487d-9a18-eca1bc6b677d;381.35;0.5;UNKNOWN
2016-01-23T00:08:23.000000;2016-01-23T00:08:23.000000;c936149a-7617-4b73-a18c-2abc5ae112ed;381.5;1.2652;UNKNOWN
2016-01-23T00:08:24.000000;2016-01-23T00:08:24.000000;c3d812df-4b5a-44ab-87b3-c03ee1b12cb2;381.47;0.053678;UNKNOWN
2016-01-23T00:08:24.000000;2016-01-23T00:08:24.000000;7a611501-17af-4033-befc-8020215cdb7f;381.5;2.346322;UNKNOWN
2016-01-23T00:08:26.000000;2016-01-23T00:08:26.000000;136a3f44-826e-4e28-878d-d1a1005bda2d;381.1;0.3;UNKNOWN
2016-01-23T00:08:26.000000;2016-01-23T00:08:26.000000;72743adf-fa53-4bed-a351-f0cec9636418;381.49;0.03;UNKNOWN
2016-01-23T00:08:27.000000;2016-01-23T00:08:27.000000;51151e2d-cc01-4737-a308-46ade524a12d;381.49;0.210165;UNKNOWN
2016-01-23T00:08:27.000000;2016-01-23T00:08:27.000000;412cc8e0-4cad-4e2f-8681-0ff6542d7970;381.5;0.119835;UNKNOWN
2016-01-23T00:08:51.000000;2016-01-23T00:08:51.000000;539a41ed-3d37-45c7-a887-7c1f4f18ed3e;381.94;10.45298911;UNKNOWN
2016-01-23T00:08:51.000000;2016-01-23T00:08:51.000000;792753c0-5a18-4052-9b5d-99ef7ec46c76;382.26;0.05;UNKNOWN
2016-01-23T00:08:51.000000;2016-01-23T00:08:51.000000;e0a8a754-b5b1-4b1a-a810-17737760d377;381.71;0.468237;UNKNOWN
2016-01-23T00:08:51.000000;2016-01-23T00:08:51.000000;44801f4d-f9fb-4e02-823e-b56ace013bae;382.13;18.6466;UNKNOWN
2016-01-23T00:08:51.000000;2016-01-23T00:08:51.000000;0a1719b2-7551-493b-85bc-9f52962818fc;381.5;36.268643;UNKNOWN
2016-01-23T00:08:51.000000;2016-01-23T00:08:51.000000;5cccdf0a-960e-401e-9cd8-365dd5efce6c;381.5;0.5;UNKNOWN
2016-01-23T00:08:51.000000;2016-01-23T00:08:51.000000;1de0575b-91e5-47d5-8955-3ee64d9314a8;381.93;12.5;UNKNOWN
2016-01-23T00:08:51.000000;2016-01-23T00:08:51.000000;3ca73f75-6f80-47d8-9efa-5f4e5782381e;382.35;1.16843089;UNKNOWN
2016-01-23T00:08:51.000000;2016-01-23T00:08:51.000000;f1d62ae4-b2e0-4202-90b6-58f37837fc37;381.92;15.9451;UNKNOWN
2016-01-23T00:10:07.000000;2016-01-23T00:10:07.000000;9d6f0c64-2b82-4f7d-955e-95b4c7dd269e;381.8;9.5;UNKNOWN
2016-01-23T00:10:14.000000;2016-01-23T00:10:14.000000;75c41173-7155-4f9c-8c80-d32abf20e91f;381.78;0.5;UNKNOWN
2016-01-23T00:10:14.000000;2016-01-23T00:10:14.000000;7498737a-3221-407f-b532-53f36a5f53ed;381.75;6.4525;UNKNOWN
2016-01-23T00:10:15.000000;2016-01-23T00:10:15.000000;33387f94-6cc4-4923-b146-c9f4374072b9;381.72;2.5475;UNKNOWN
2016-01-23T00:10:15.000000;2016-01-23T00:10:15.000000;a7c39321-f7b0-4df2-bb2e-f71c6e686016;382.19;2.4525;UNKNOWN
2016-01-23T00:10:31.000000;2016-01-23T00:10:31.000000;7e68d8fc-f26f-4204-a159-d55e0ae2894e;381.74;1.0;UNKNOWN
2016-01-23T00:10:41.000000;2016-01-23T00:10:41.000000;ca6ef05d-877e-43bf-aa82-dbde28e4251f;381.76;0.5;UNKNOWN
2016-01-23T00:10:41.000000;2016-01-23T00:10:41.000000;44ad2d68-d1c5-4850-b3ca-5461e7f756e8;381.72;0.5;UNKNOWN
2016-01-23T00:10:41.000000;2016-01-23T00:10:41.000000;8425eca8-1d25-470c-ba05-db2621fc2f6d;381.77;6.4813;UNKNOWN
2016-01-23T00:10:41.000000;2016-01-23T00:10:41.000000;8e1a4aaf-00ee-4f7b-9a8d-b0bc4c62b91f;381.77;0.18456902;UNKNOWN
2016-01-23T00:11:11.000000;2016-01-23T00:11:11.000000;80e9f066-4f9a-40e9-860e-797586e64d67;381.71;0.0315;UNKNOWN
2016-01-23T00:11:43.000000;2016-01-23T00:11:43.000000;7d556050-e13d-4a75-92ce-3e7e203ab95f;381.72;0.6;UNKNOWN
2016-01-23T00:12:15.000000;2016-01-23T00:12:15.000000;825e49b4-8262-4850-874d-a4ed60ce1bd6;382.0;0.5;UNKNOWN
2016-01-23T00:12:15.000000;2016-01-23T00:12:15.000000;8bf3d8c4-6503-49ad-9219-f477f31f7f7b;382.0;4.0;UNKNOWN
2016-01-23T00:12:25.000000;2016-01-23T00:12:25.000000;fab3f157-9ea3-4311-a13d-395ce31d2a87;382.63;0.261464;UNKNOWN
2016-01-23T00:12:25.000000;2016-01-23T00:12:25.000000;57ea2561-2c06-46b9-a941-3a0c3010fd91;382.9;0.6629093;UNKNOWN
2016-01-23T00:12:25.000000;2016-01-23T00:12:25.000000;a744dca3-27b5-4570-a1e9-b4584fa4d711;382.65;0.05;UNKNOWN
2016-01-23T00:12:37.000000;2016-01-23T00:12:37.000000;d1fac1be-7380-43a7-b705-4a36a54f8321;382.23;1.73413095;UNKNOWN
2016-01-23T00:12:52.000000;2016-01-23T00:12:52.000000;c3028e8e-6ce6-48be-8097-30e19a747579;382.87;0.01;UNKNOWN
2016-01-23T00:12:52.000000;2016-01-23T00:12:52.000000;c4cae8f1-fee7-42bc-aa56-3685353698a2;382.87;0.03;UNKNOWN
2016-01-23T00:12:52.000000;2016-01-23T00:12:52.000000;86023431-9be6-4087-834c-62c7e51e7556;382.9;3.26;UNKNOWN
2016-01-23T00:12:52.000000;2016-01-23T00:12:52.000000;34a70726-38c9-41d7-90b6-689fe5cb8b3c;382.33;8.05;UNKNOWN
2016-01-23T00:12:52.000000;2016-01-23T00:12:52.000000;f48ea6c3-9c0d-4b4a-b61b-d2f8f76777f4;382.87;0.5;UNKNOWN
2016-01-23T00:12:52.000000;2016-01-23T00:12:52.000000;584143b0-056d-447d-add2-d6f64c396667;382.32;1.45;UNKNOWN
2016-01-23T00:12:52.000000;2016-01-23T00:12:52.000000;ee1b8de7-1008-4d49-ac12-c000d016241a;382.32;0.5;UNKNOWN
2016-01-23T00:13:04.000000;2016-01-23T00:13:04.000000;0b7a5c1d-34e5-46a7-b832-baec649ec0c5;382.38;10.0;UNKNOWN
2016-01-23T00:13:10.000000;2016-01-23T00:13:10.000000;50b3dda1-52e7-404e-a3b9-122b1764b240;382.9;1.0770907;UNKNOWN
2016-01-23T00:13:10.000000;2016-01-23T00:13:10.000000;26c8fa6f-b461-4ad9-8a0c-7d2848dc49d4;382.89;0.28;UNKNOWN
2016-01-23T00:13:10.000000;2016-01-23T00:13:10.000000;58375f22-8af5-4f78-ab63-d6d56f65de7e;382.89;0.23;UNKNOWN
2016-01-23T00:13:10.000000;2016-01-23T00:13:10.000000;a490222b-0895-4140-81e9-54508ca2bd44;382.9;0.25;UNKNOWN
2016-01-23T00:13:10.000000;2016-01-23T00:13:10.000000;9a97ddea-0df8-42bb-9ab8-537d3c586596;382.9;0.5;UNKNOWN
2016-01-23T00:13:10.000000;2016-01-23T00:13:10.000000;c29dfb89-c18d-4c49-a58e-44a6e7a09c79;383.0;0.05;UNKNOWN
2016-01-23T00:13:10.000000;2016-01-23T00:13:10.000000;969a3370-ffab-4385-8205-a291ea8723e8;383.0;14.80762812;UNKNOWN
2016-01-23T00:13:10.000000;2016-01-23T00:13:10.000000;15fc7a59-5eae-40f2-8fb4-05ab86432367;382.95;0.63;UNKNOWN
2016-01-23T00:13:10.000000;2016-01-23T00:13:10.000000;a7a6634e-ef99-4dd1-b559-bb6f4f199706;383.0;5.0;UNKNOWN
2016-01-23T00:13:10.000000;2016-01-23T00:13:10.000000;cff9be5c-f10a-4ba7-95ae-756a8c03ac13;383.23;5.22603447;UNKNOWN
2016-01-23T00:13:10.000000;2016-01-23T00:13:10.000000;0f168393-788c-48d5-b9ac-27db4556a54d;383.0;0.1;UNKNOWN
2016-01-23T00:13:20.000000;2016-01-23T00:13:20.000000;dc19486b-54af-401f-b87e-2c54beaef208;383.73;3.58089234;UNKNOWN
2016-01-23T00:13:20.000000;2016-01-23T00:13:20.000000;1102393d-7066-4668-8981-04032a623dc8;383.45;0.5;UNKNOWN
2016-01-23T00:13:20.000000;2016-01-23T00:13:20.000000;5745dea4-d2e3-4481-b706-789f42430834;383.38;0.4;UNKNOWN
2016-01-23T00:13:20.000000;2016-01-23T00:13:20.000000;809f419f-35bc-4a30-b450-8535061346f1;383.45;0.615;UNKNOWN
2016-01-23T00:13:20.000000;2016-01-23T00:13:20.000000;7dfcb5b7-b814-4875-a575-adf4cacba9a5;383.57;6.31910766;UNKNOWN
2016-01-23T00:13:20.000000;2016-01-23T00:13:20.000000;e868ece7-5d9a-48cc-ae8d-b3c61990de8e;383.39;0.05;UNKNOWN
2016-01-23T00:13:20.000000;2016-01-23T00:13:20.000000;6577cb94-f170-4a93-8444-fc78f8f7d1f7;383.57;0.33089234;UNKNOWN
2016-01-23T00:13:20.000000;2016-01-23T00:13:20.000000;ed85623d-9455-44ad-952d-6efdf0e482f6;383.38;0.356;UNKNOWN
2016-01-23T00:13:26.000000;2016-01-23T00:13:26.000000;a9d4bfe4-eb2a-4173-8052-5ee38dbeec83;382.83;0.05;UNKNOWN
2016-01-23T00:13:31.000000;2016-01-23T00:13:31.000000;1b9f1969-0d7d-401a-960c-03257c9c5f76;383.0;0.05;UNKNOWN
2016-01-23T00:13:32.000000;2016-01-23T00:13:32.000000;3dd2734d-0498-4dcb-8ac7-3506044bc229;383.71;0.456;UNKNOWN
2016-01-23T00:13:32.000000;2016-01-23T00:13:32.000000;bddcbbd1-7f21-40b7-87b5-4cafd94d6dd2;383.7;0.144;UNKNOWN
2016-01-23T00:13:32.000000;2016-01-23T00:13:32.000000;bde86f26-78dc-4521-8136-5ff9c83e0938;383.36;0.4;UNKNOWN
2016-01-23T00:13:41.000000;2016-01-23T00:13:41.000000;6a6ed11b-0330-4b96-bc0f-4910d640b612;383.04;0.05;UNKNOWN
2016-01-23T00:13:44.000000;2016-01-23T00:13:44.000000;54acf5c9-5d2c-4b4a-9352-5a762e8ec2e7;383.81;0.07724103;UNKNOWN
2016-01-23T00:13:47.000000;2016-01-23T00:13:47.000000;4c6a4c97-8e55-48c8-9cee-34451cd16415;383.8;0.1;UNKNOWN
2016-01-23T00:13:48.000000;2016-01-23T00:13:48.000000;64c1500a-81c0-4fea-a54b-dd29fbb3e62c;383.8;0.1;UNKNOWN
2016-01-23T00:13:49.000000;2016-01-23T00:13:49.000000;25267dd8-505f-42b6-998e-2a3f0ddb0a98;383.79;0.06458037;UNKNOWN
2016-01-23T00:13:53.000000;2016-01-23T00:13:53.000000;689b0db2-b95e-4fc3-9b3c-d5d02d31583d;383.78;3.0;UNKNOWN
2016-01-23T00:13:54.000000;2016-01-23T00:13:54.000000;04e54775-98ae-4777-b391-04724c755b0c;383.78;0.51574781;UNKNOWN
2016-01-23T00:13:56.000000;2016-01-23T00:13:56.000000;e50bfe1e-57dd-480c-b118-28e274b2a2f0;383.78;0.4228;UNKNOWN
2016-01-23T00:13:56.000000;2016-01-23T00:13:56.000000;93723906-59c4-4a9b-b611-8dca352d140d;383.78;0.1418;UNKNOWN
2016-01-23T00:13:56.000000;2016-01-23T00:13:56.000000;91e29390-4d81-4266-9246-d434377128e9;383.78;0.4354;UNKNOWN
2016-01-23T00:13:58.000000;2016-01-23T00:13:58.000000;38e496f4-59e7-4bc1-8f76-d4c738a05c92;383.89;0.3198;UNKNOWN
2016-01-23T00:13:58.000000;2016-01-23T00:13:58.000000;d78bd8af-9392-411b-bccf-fab71fb11d42;383.82;0.070881;UNKNOWN
2016-01-23T00:13:58.000000;2016-01-23T00:13:58.000000;4c0f01ee-4bf7-495f-a8e4-6a7fd46dcbd9;383.96;2.109319;UNKNOWN
2016-01-23T00:13:58.000000;2016-01-23T00:13:58.000000;a08110cc-f803-4473-9e6f-fdf4110f3ccc;383.78;0.5;UNKNOWN
2016-01-23T00:14:02.000000;2016-01-23T00:14:02.000000;ce47c315-9668-404e-8ce6-6a08bf8114cb;383.95;0.07;UNKNOWN
2016-01-23T00:14:06.000000;2016-01-23T00:14:06.000000;db06300d-615b-482d-86ac-a47d6fc57b99;383.1;0.04523249;UNKNOWN
2016-01-23T00:14:06.000000;2016-01-23T00:14:06.000000;aabbedb7-cefc-47f8-a27b-45efd0bac90b;383.1;0.5;UNKNOWN
2016-01-23T00:14:06.000000;2016-01-23T00:14:06.000000;5883be14-a9e7-46c0-991f-7cc60247e2ad;383.01;0.24776751;UNKNOWN
2016-01-23T00:14:06.000000;2016-01-23T00:14:06.000000;3f3eb715-99d8-446f-a3f9-3508c22fd7a4;383.94;0.0582;UNKNOWN
2016-01-23T00:14:06.000000;2016-01-23T00:14:06.000000;2746922c-30b1-4395-83c6-1fc4a046e353;384.12;0.0018;UNKNOWN
2016-01-23T00:14:06.000000;2016-01-23T00:14:06.000000;c78d408d-2476-410b-8097-f1888851f923;384.12;0.01;UNKNOWN
2016-01-23T00:14:06.000000;2016-01-23T00:14:06.000000;caad57b8-f559-477a-9c11-c118e6c28a85;383.94;0.2;UNKNOWN
2016-01-23T00:14:06.000000;2016-01-23T00:14:06.000000;ab2f240e-2a19-4872-a8d2-1147227ea542;384.0;0.05;UNKNOWN
2016-01-23T00:14:08.000000;2016-01-23T00:14:08.000000;0786d8dc-d5a6-4b75-97c3-565c3c215b7e;384.13;0.01;UNKNOWN
2016-01-23T00:14:08.000000;2016-01-23T00:14:08.000000;e5b0ead8-32b1-4f60-b666-d0b9bda8bc49;384.18;8.91;UNKNOWN
2016-01-23T00:14:08.000000;2016-01-23T00:14:08.000000;d5887dbd-f7d5-49d3-969c-c6be0bb7b849;383.93;0.3;UNKNOWN
2016-01-23T00:14:08.000000;2016-01-23T00:14:08.000000;0fef9b8c-77c7-476e-b1cd-5912de046cdc;384.19;5.40264795;UNKNOWN
2016-01-23T00:14:08.000000;2016-01-23T00:14:08.000000;9e9b3f37-7be4-4cef-841b-cde594e6565b;384.12;8.5412;UNKNOWN
2016-01-23T00:14:08.000000;2016-01-23T00:14:08.000000;cb6b9952-17bf-461c-bff5-214eb304556a;384.12;10.0;UNKNOWN
2016-01-23T00:14:08.000000;2016-01-23T00:14:08.000000;8551c123-30ef-42f1-9c86-60a02b2f5175;384.12;6.4262;UNKNOWN
2016-01-23T00:14:08.000000;2016-01-23T00:14:08.000000;ff6f28cf-7375-496e-b599-431902b4a06f;384.15;4.40995205;UNKNOWN
2016-01-23T00:14:10.000000;2016-01-23T00:14:10.000000;6e3c6cc2-edfa-4215-abc5-71e49406a5e3;384.19;2.51210218;UNKNOWN
2016-01-23T00:14:10.000000;2016-01-23T00:14:10.000000;c31c2de6-365d-4e88-bf06-362c5beb83fe;384.12;8.48;UNKNOWN
2016-01-23T00:14:10.000000;2016-01-23T00:14:10.000000;6a27862d-d005-4455-86eb-0c69f907b110;384.11;10.0;UNKNOWN
2016-01-23T00:14:12.000000;2016-01-23T00:14:12.000000;68cfca77-0a45-4d08-a3ce-568016fc9690;384.07;0.1;UNKNOWN
2016-01-23T00:14:12.000000;2016-01-23T00:14:12.000000;122cc2b3-0557-423f-aaf2-cddf7f072514;384.07;0.02233068;UNKNOWN
2016-01-23T00:14:25.000000;2016-01-23T00:14:25.000000;3d89ab21-c4a9-419c-922b-e4018e0b28c1;383.51;2.4428;UNKNOWN
2016-01-23T00:14:25.000000;2016-01-23T00:14:25.000000;2030b4b2-d3f4-4a6b-826b-782d3068a4c5;383.51;0.5;UNKNOWN
2016-01-23T00:14:25.000000;2016-01-23T00:14:25.000000;bd19a6db-9bbf-4617-8695-a933666a3f0b;383.52;0.5;UNKNOWN
2016-01-23T00:14:25.000000;2016-01-23T00:14:25.000000;58807c26-f049-450a-9722-bfeee43f4272;383.51;0.12;UNKNOWN
2016-01-23T00:14:25.000000;2016-01-23T00:14:25.000000;5df4aa30-e6a1-4955-94ab-48bcf9a27e50;383.51;6.4372;UNKNOWN
2016-01-23T00:14:34.000000;2016-01-23T00:14:34.000000;91de90a1-5128-415f-a127-61f67e76b2b3;383.5;0.7;UNKNOWN
2016-01-23T00:14:36.000000;2016-01-23T00:14:36.000000;3bed840b-c94a-45eb-be5c-fcbfeb527a43;383.94;4.0;UNKNOWN
2016-01-23T00:14:38.000000;2016-01-23T00:14:38.000000;151e3a57-e13e-43f7-8201-a6a52cc1d96c;383.5;0.04;UNKNOWN
2016-01-23T00:14:44.000000;2016-01-23T00:14:44.000000;4056b13a-4613-40b3-ad62-588eedc6a41d;383.53;0.1;UNKNOWN
2016-01-23T00:14:46.000000;2016-01-23T00:14:46.000000;11dae78e-bec3-478f-b784-c000e1c35a30;383.53;0.16;UNKNOWN
2016-01-23T00:14:48.000000;2016-01-23T00:14:48.000000;0d1b116b-1c03-4a29-b6ea-8e3906e16b96;383.53;0.2;UNKNOWN
2016-01-23T00:14:51.000000;2016-01-23T00:14:51.000000;e4bbc36e-a544-4f39-ad16-06b8b7f68d3e;383.53;0.3;UNKNOWN
2016-01-23T00:14:51.000000;2016-01-23T00:14:51.000000;6cec1164-e24f-44e8-9462-9830797d243c;383.51;0.2;UNKNOWN
2016-01-23T00:15:00.000000;2016-01-23T00:15:00.000000;62ef58cd-e74b-4c85-8c2e-ebd9138b4dec;383.51;0.82;UNKNOWN
2016-01-23T00:15:04.000000;2016-01-23T00:15:04.000000;ed166f85-0576-43d5-8aa5-9a56181c356f;383.85;3.47147558;UNKNOWN
2016-01-23T00:15:06.000000;2016-01-23T00:15:06.000000;1423cc97-bc53-4edc-a256-254d0927a9d5;383.85;0.0639;UNKNOWN
2016-01-23T00:15:13.000000;2016-01-23T00:15:13.000000;04688eda-5f7b-41b2-8a25-17747b3253a9;383.52;0.4652;UNKNOWN
2016-01-23T00:15:20.000000;2016-01-23T00:15:20.000000;ecf5d0f3-e9bf-42fe-bd57-e5d9c5e47d20;383.5;2.9665;UNKNOWN
2016-01-23T00:15:20.000000;2016-01-23T00:15:20.000000;9739e8fc-f988-42c9-ab39-f863b0e2117e;383.52;0.5;UNKNOWN
2016-01-23T00:15:20.000000;2016-01-23T00:15:20.000000;1e4ab2bf-fdef-4bde-b99d-2ebe1ef3193f;383.5;0.2;UNKNOWN
2016-01-23T00:15:20.000000;2016-01-23T00:15:20.000000;d754258a-b318-4f4c-af55-2eef74925967;383.51;6.4935;UNKNOWN
2016-01-23T00:15:30.000000;2016-01-23T00:15:30.000000;95b70af7-be1d-4e43-aa1e-c1e1dd275ae3;383.75;4.0;UNKNOWN
2016-01-23T00:15:33.000000;2016-01-23T00:15:33.000000;86291e5f-878d-4c2b-a9f6-f14ae7983f1a;383.54;0.0142;UNKNOWN
2016-01-23T00:15:35.000000;2016-01-23T00:15:35.000000;86492364-1467-4e07-9f23-3cffe04d361c;383.74;0.05;UNKNOWN
2016-01-23T00:15:36.000000;2016-01-23T00:15:36.000000;d92d4eff-02c8-4874-bc5f-0370f5fab8a4;383.73;0.01674538;UNKNOWN
2016-01-23T00:15:38.000000;2016-01-23T00:15:38.000000;025963b1-6c1c-4c71-a41e-ac7463a2e4a9;383.73;0.08325462;UNKNOWN
2016-01-23T00:15:38.000000;2016-01-23T00:15:38.000000;73fe0a6c-7163-4259-b739-33588c5738e9;383.73;0.5;UNKNOWN
2016-01-23T00:15:38.000000;2016-01-23T00:15:38.000000;b9b45780-040d-4472-b9f2-ffc312f328eb;383.74;1.08674538;UNKNOWN
2016-01-23T00:15:38.000000;2016-01-23T00:15:38.000000;dbdf80b3-1b7f-49d9-ad30-d5dd0a4fff7a;383.73;0.33;UNKNOWN
2016-01-23T00:15:40.000000;2016-01-23T00:15:40.000000;1c9c07f8-0f8e-4ea4-9cf8-ec43f3e8f49f;383.73;2.0;UNKNOWN
2016-01-23T00:15:42.000000;2016-01-23T00:15:42.000000;9cb2e7bf-62f4-48b8-89d1-d9f3337f9912;383.56;0.0143;UNKNOWN
2016-01-23T00:15:48.000000;2016-01-23T00:15:48.000000;1c4843f8-888c-4361-b574-2682c681b1c3;383.7;3.9;UNKNOWN
2016-01-23T00:15:52.000000;2016-01-23T00:15:52.000000;5431e67b-e48c-4b3e-8766-9a5947074449;383.69;0.022;UNKNOWN
2016-01-23T00:16:05.000000;2016-01-23T00:16:05.000000;2d7f44d6-8b48-4b2c-9b11-d3527bc4ef3b;383.55;0.4941;UNKNOWN
2016-01-23T00:16:08.000000;2016-01-23T00:16:08.000000;7622488f-f322-4c2c-b9d2-364eaabc67f8;383.66;0.0604;UNKNOWN
2016-01-23T00:16:12.000000;2016-01-23T00:16:12.000000;44e8335f-aa84-4914-928c-f9849be7485f;383.53;0.4838;UNKNOWN
2016-01-23T00:16:12.000000;2016-01-23T00:16:12.000000;faf10261-e0a8-42db-a669-1d2ee7080066;383.54;0.5;UNKNOWN
2016-01-23T00:16:13.000000;2016-01-23T00:16:13.000000;f8eaee71-7002-426c-a1ce-02450ba24793;383.53;0.9908;UNKNOWN
2016-01-23T00:16:16.000000;2016-01-23T00:16:16.000000;a64f6a3e-be52-41a9-a25c-3f3802ca80d1;383.63;0.1;UNKNOWN
2016-01-23T00:16:18.000000;2016-01-23T00:16:18.000000;f199c6d8-7229-47c8-8d4c-1dcc8901f688;383.53;2.9154;UNKNOWN
2016-01-23T00:16:18.000000;2016-01-23T00:16:18.000000;e51b2c01-f120-4ada-9680-59a872c41784;383.64;0.8;UNKNOWN
2016-01-23T00:16:18.000000;2016-01-23T00:16:18.000000;4d1b053c-50a8-41a0-98e1-962e9d597042;383.63;0.4;UNKNOWN
2016-01-23T00:16:21.000000;2016-01-23T00:16:21.000000;ae738f03-7b2e-48c5-9b97-3f9696035e9d;383.34;0.01;UNKNOWN
2016-01-23T00:16:21.000000;2016-01-23T00:16:21.000000;c4fb0b04-5198-4733-a6a9-99c5a8115695;383.69;0.09;UNKNOWN
2016-01-23T00:16:39.000000;2016-01-23T00:16:39.000000;27d52cf6-7e71-49da-90c9-50b73440bda2;382.9;0.41;UNKNOWN
2016-01-23T00:16:44.000000;2016-01-23T00:16:44.000000;37132faa-87fb-415e-9f83-78c3b2c1b844;382.62;0.05;UNKNOWN
2016-01-23T00:16:48.000000;2016-01-23T00:16:48.000000;eb26de44-fec6-4fd9-bc4f-c6c21a423b9b;382.88;1.0;UNKNOWN
2016-01-23T00:16:51.000000;2016-01-23T00:16:51.000000;4649a3cf-4e75-45da-be90-2293f3173d2f;382.64;1.8165596;UNKNOWN
2016-01-23T00:16:58.000000;2016-01-23T00:16:58.000000;cd8b38d2-a771-49ca-b039-938de5031ba6;382.84;0.0622;UNKNOWN
2016-01-23T00:17:07.000000;2016-01-23T00:17:07.000000;7eb8a0dd-c882-4b77-911f-04e08e29b117;382.7;1.0;UNKNOWN
2016-01-23T00:17:20.000000;2016-01-23T00:17:20.000000;361a698d-1ee4-4a00-8361-6dedd0849744;382.76;1.0;UNKNOWN
2016-01-23T00:17:24.000000;2016-01-23T00:17:24.000000;5a62e302-aae3-4483-8856-87ac3cc36027;382.79;0.4;UNKNOWN
2016-01-23T00:17:27.000000;2016-01-23T00:17:27.000000;0a864385-7b48-46f1-bba4-244f513d5932;382.79;0.5;UNKNOWN
2016-01-23T00:17:50.000000;2016-01-23T00:17:50.000000;cfd18578-9f8a-449f-9af0-2e90fb7e85a8;382.78;6.5047;UNKNOWN
2016-01-23T00:17:50.000000;2016-01-23T00:17:50.000000;1add2236-9e45-4ecd-bf53-6ce9b45891db;382.78;2.5153;UNKNOWN
2016-01-23T00:17:50.000000;2016-01-23T00:17:50.000000;7ebf368a-4016-4db4-804c-d9cf9b639003;382.79;0.98;UNKNOWN
2016-01-23T00:17:57.000000;2016-01-23T00:17:57.000000;f6401820-d27c-441e-8590-85cc716b66ef;382.75;4.28140051;UNKNOWN
2016-01-23T00:18:05.000000;2016-01-23T00:18:05.000000;aaab3902-e651-4b64-816e-692f2b71fdd6;382.82;10.0;UNKNOWN
2016-01-23T00:18:05.000000;2016-01-23T00:18:05.000000;1d2e755b-044c-4688-b078-7b979c898b2a;382.79;0.4;UNKNOWN
2016-01-23T00:18:05.000000;2016-01-23T00:18:05.000000;db2958a9-d450-43e5-98e1-b7020873867f;382.8;0.4;UNKNOWN
2016-01-23T00:18:05.000000;2016-01-23T00:18:05.000000;048dec39-731c-4442-9c6e-df3b44daf67b;383.53;12.0;UNKNOWN
2016-01-23T00:18:05.000000;2016-01-23T00:18:05.000000;e91d2554-6106-425c-ac43-30c5024307fb;383.53;17.0912;UNKNOWN
2016-01-23T00:18:05.000000;2016-01-23T00:18:05.000000;bbfbdcc3-144d-4924-868a-9fcae0a2233a;382.78;0.5;UNKNOWN
2016-01-23T00:18:05.000000;2016-01-23T00:18:05.000000;546e94b0-6fab-43bf-a0a5-3f112a7fa6db;382.86;6.4974;UNKNOWN
2016-01-23T00:18:05.000000;2016-01-23T00:18:05.000000;f607a33d-8efb-44b7-b2e3-7eb9449b6342;383.54;0.56384586;UNKNOWN
2016-01-23T00:18:09.000000;2016-01-23T00:18:09.000000;f546a07e-6b06-40ea-affd-056d4f53b72e;383.51;0.25;UNKNOWN
2016-01-23T00:18:09.000000;2016-01-23T00:18:09.000000;d0f7c942-77f1-41a0-9bd0-da6a349b441c;383.51;0.25;UNKNOWN
2016-01-23T00:18:09.000000;2016-01-23T00:18:09.000000;096f7f5e-0a13-44f2-b727-0202a3b0652d;383.51;0.25;UNKNOWN
2016-01-23T00:18:09.000000;2016-01-23T00:18:09.000000;1778de0c-7400-4a01-87bc-55a2dd0b283b;383.6;0.25;UNKNOWN
2016-01-23T00:18:13.000000;2016-01-23T00:18:13.000000;3f521139-1569-4f81-9fba-ca40f85eb389;382.73;0.1810376;UNKNOWN
2016-01-23T00:18:14.000000;2016-01-23T00:18:14.000000;17e4a3ca-ff7b-4dd5-bb2e-cbc87a9dc4eb;383.51;0.05;UNKNOWN
2016-01-23T00:18:35.000000;2016-01-23T00:18:35.000000;d3033fd1-d7f1-4ab7-a437-728cce0e5261;383.02;0.27;UNKNOWN
2016-01-23T00:18:38.000000;2016-01-23T00:18:38.000000;790a992a-703c-45a8-ad31-27893227dc76;383.0;3.5146;UNKNOWN
2016-01-23T00:18:38.000000;2016-01-23T00:18:38.000000;aee06e03-7078-43b0-b248-61bb3eaabd59;383.01;6.4854;UNKNOWN
2016-01-23T00:18:48.000000;2016-01-23T00:18:48.000000;c3b06dff-4677-4f50-a52a-5a6a5ccb24bb;382.98;2.0;UNKNOWN
2016-01-23T00:18:56.000000;2016-01-23T00:18:56.000000;5c76dd32-9448-42e9-beef-9e6ac490b3a2;382.51;0.0315;UNKNOWN
2016-01-23T00:19:05.000000;2016-01-23T00:19:05.000000;5ef4983a-f29f-4913-925d-770b34f77b79;382.61;0.0315;UNKNOWN
2016-01-23T00:19:07.000000;2016-01-23T00:19:07.000000;12c72361-6cf5-41a1-b93d-4b572fa727df;382.96;0.25;UNKNOWN
2016-01-23T00:19:08.000000;2016-01-23T00:19:08.000000;f533d00f-8b0e-49e6-b3b9-d46f93b63987;383.02;0.1;UNKNOWN
2016-01-23T00:19:08.000000;2016-01-23T00:19:08.000000;3d35b3ab-ba9f-4387-8766-6dd757c14ee2;382.96;0.5;UNKNOWN
2016-01-23T00:19:08.000000;2016-01-23T00:19:08.000000;0abe6864-d33e-4a78-8bbb-76dc2377ae0c;382.97;0.4;UNKNOWN
2016-01-23T00:19:26.000000;2016-01-23T00:19:26.000000;a44b0670-2187-4dc0-b627-d4cb762cf6c8;382.72;6.0;UNKNOWN
2016-01-23T00:19:26.000000;2016-01-23T00:19:26.000000;7f8d5c4c-e470-4c86-9524-0c0e00603fae;382.71;3.24682877;UNKNOWN
2016-01-23T00:19:26.000000;2016-01-23T00:19:26.000000;c6b39219-6419-4841-80e7-79d6ac98f23c;382.72;0.5;UNKNOWN
2016-01-23T00:19:41.000000;2016-01-23T00:19:41.000000;52be7b2d-d3fb-4d45-a1b6-6506b7e27f92;382.98;0.28;UNKNOWN
2016-01-23T00:19:41.000000;2016-01-23T00:19:41.000000;d3aed150-8013-4ac4-83cd-b4a3c0b8383d;383.02;0.72;UNKNOWN
2016-01-23T00:19:48.000000;2016-01-23T00:19:48.000000;27e0fa6e-a5fe-48df-8489-3ed61ce619c1;383.56;2.79;UNKNOWN
2016-01-23T00:19:48.000000;2016-01-23T00:19:48.000000;38286631-c417-4697-b2ca-853768002414;382.97;0.4;UNKNOWN
2016-01-23T00:19:48.000000;2016-01-23T00:19:48.000000;ec64393c-b1a7-4a9c-a1ff-7641843bca0d;383.02;8.91;UNKNOWN
2016-01-23T00:19:48.000000;2016-01-23T00:19:48.000000;916357f9-9f3c-4d77-935c-3e7d4c7a45df;383.56;0.00688895;UNKNOWN
2016-01-23T00:19:48.000000;2016-01-23T00:19:48.000000;fffa3112-748b-4f9b-8a1f-1e753e0f41bd;383.09;6.4369;UNKNOWN
2016-01-23T00:19:52.000000;2016-01-23T00:19:52.000000;80f1fb49-a20f-44a5-b67f-3c966699205d;383.55;0.12;UNKNOWN
2016-01-23T00:20:23.000000;2016-01-23T00:20:23.000000;36b39232-b4b7-4738-9183-fe6d1bac490a;382.97;0.02;UNKNOWN
2016-01-23T00:20:47.000000;2016-01-23T00:20:47.000000;fef33e6d-fc1e-4086-b30a-872b32746fc6;382.64;0.0216;UNKNOWN
2016-01-23T00:21:05.000000;2016-01-23T00:21:05.000000;42860fcd-9a6f-4737-99bf-dbc0c03e056e;382.6;0.0171;UNKNOWN
2016-01-23T00:21:17.000000;2016-01-23T00:21:17.000000;ee10e0cb-d515-4f3e-9eec-675d418d4c7b;382.6;0.25;UNKNOWN
2016-01-23T00:21:17.000000;2016-01-23T00:21:17.000000;81885532-1eda-4509-8ef6-0944857617a8;382.6;0.25;UNKNOWN
2016-01-23T00:21:34.000000;2016-01-23T00:21:34.000000;1aa75701-adc5-45e4-afee-ad8b73a77ba6;382.61;0.36;UNKNOWN
2016-01-23T00:21:43.000000;2016-01-23T00:21:43.000000;382767f7-407a-4f07-9e0f-20319257f16c;382.6;0.4829;UNKNOWN
2016-01-23T00:21:56.000000;2016-01-23T00:21:56.000000;f5a3d67e-5c9a-4936-9676-0b9bf76e1e7d;382.56;0.02;UNKNOWN
2016-01-23T00:23:11.000000;2016-01-23T00:23:11.000000;f0f41400-05fc-4f58-9475-19e9415f0d9b;382.7;1.0;UNKNOWN
2016-01-23T00:23:29.000000;2016-01-23T00:23:29.000000;78e614ff-44b5-4d9c-95cc-f7da8dce5c6a;382.7;1.0;UNKNOWN
2016-01-23T00:23:40.000000;2016-01-23T00:23:40.000000;ad341e7e-c779-4b25-be42-b8541688a08e;382.7;3.62;UNKNOWN
2016-01-23T00:23:40.000000;2016-01-23T00:23:40.000000;dac6dfe6-d546-4d86-a701-58c4b11ddd16;382.7;4.001;UNKNOWN
2016-01-23T00:23:42.000000;2016-01-23T00:23:42.000000;58a38190-6f95-4989-be6e-bcd3414a86e2;382.69;0.10466343;UNKNOWN
2016-01-23T00:24:13.000000;2016-01-23T00:24:13.000000;a7ace7b7-fa5e-4265-a07a-23f185236320;382.69;0.03618413;UNKNOWN
2016-01-23T00:24:16.000000;2016-01-23T00:24:16.000000;3b78013a-5146-41e8-9aac-7fb6be9af0c1;382.7;26.279;UNKNOWN
2016-01-23T00:24:16.000000;2016-01-23T00:24:16.000000;9ee362de-9f42-48da-b764-c9f85b6465d2;382.7;0.1102792;UNKNOWN
2016-01-23T00:24:16.000000;2016-01-23T00:24:16.000000;86736fb2-b2b1-4172-8497-d08e0ef25355;382.7;14.1;UNKNOWN
2016-01-23T00:24:17.000000;2016-01-23T00:24:17.000000;73ad0ceb-3291-4530-bdc2-bb3b8d416988;382.99;0.029122;UNKNOWN
2016-01-23T00:24:17.000000;2016-01-23T00:24:17.000000;9257ce5a-c450-4fd6-98e3-6ae5d22f547f;382.99;12.263;UNKNOWN
2016-01-23T00:24:17.000000;2016-01-23T00:24:17.000000;4fc1136c-1b60-4562-87d3-d0178692d6aa;382.96;0.010878;UNKNOWN
2016-01-23T00:24:21.000000;2016-01-23T00:24:21.000000;734d9247-fa6e-4222-bf11-6a31e872d757;382.98;0.011519;UNKNOWN
2016-01-23T00:24:21.000000;2016-01-23T00:24:21.000000;07b71eae-97c4-42cc-9816-6657c5d2a110;382.98;0.012179;UNKNOWN
2016-01-23T00:24:22.000000;2016-01-23T00:24:22.000000;cdde44db-cdfc-4a6a-8c1f-a768b9f23998;382.99;1.0;UNKNOWN
2016-01-23T00:24:25.000000;2016-01-23T00:24:25.000000;28f04a8f-2540-434e-9c7f-0f633172df66;382.99;33.5995;UNKNOWN
2016-01-23T00:24:27.000000;2016-01-23T00:24:27.000000;640111cd-3e9c-4619-85c7-6a26107e5140;383.02;10.0;UNKNOWN
2016-01-23T00:24:27.000000;2016-01-23T00:24:27.000000;28ba74b4-52c2-4903-8111-e6a3c342776f;382.99;3.108378;UNKNOWN
2016-01-23T00:24:51.000000;2016-01-23T00:24:51.000000;0ba2f421-bcb2-4d9e-930c-826092ff2dc6;383.5;2.3;UNKNOWN
2016-01-23T00:24:53.000000;2016-01-23T00:24:53.000000;14005300-b154-4f58-9a47-00933f87b925;383.5;8.3;UNKNOWN
2016-01-23T00:25:04.000000;2016-01-23T00:25:04.000000;1a40d7bc-58a4-4fbe-a1f3-80d3d58d2547;383.69;0.41;UNKNOWN
2016-01-23T00:25:04.000000;2016-01-23T00:25:04.000000;75058d28-61cc-434d-8c3d-f0224dfb9e78;383.82;0.070523;UNKNOWN
2016-01-23T00:25:04.000000;2016-01-23T00:25:04.000000;a26c2a41-797f-425c-bfe7-42f11bb3b0c1;384.22;0.1041;UNKNOWN
2016-01-23T00:25:04.000000;2016-01-23T00:25:04.000000;31115ca0-8e40-48c7-a20d-022d94f74877;384.26;0.01;UNKNOWN
2016-01-23T00:25:04.000000;2016-01-23T00:25:04.000000;345a5eec-28f5-4353-870e-c54085549d65;383.5;39.4;UNKNOWN
2016-01-23T00:25:04.000000;2016-01-23T00:25:04.000000;89f67414-d343-4292-be79-bfc4588ae0ce;384.26;0.01;UNKNOWN
2016-01-23T00:25:04.000000;2016-01-23T00:25:04.000000;9fa55f2d-a439-49a8-b5d1-7b5218bb66d4;384.24;0.01;UNKNOWN
2016-01-23T00:25:04.000000;2016-01-23T00:25:04.000000;de7efba6-dbc0-4da9-9630-698f194d7ace;384.34;0.15;UNKNOWN
2016-01-23T00:25:04.000000;2016-01-23T00:25:04.000000;bb7e87c1-40f3-4cf5-8a28-699bd2d70119;384.35;2.51648644;UNKNOWN
2016-01-23T00:25:04.000000;2016-01-23T00:25:04.000000;92210051-a431-4ac2-92f5-da86581dd37d;384.0;0.2;UNKNOWN
2016-01-23T00:25:05.000000;2016-01-23T00:25:05.000000;89b30087-2a02-431f-9024-891663ba9711;384.84;0.66459273;UNKNOWN
2016-01-23T00:25:05.000000;2016-01-23T00:25:05.000000;ad0227a3-31f7-4cff-acd1-f28bff30bfb5;384.9;14.2583403;UNKNOWN
2016-01-23T00:25:05.000000;2016-01-23T00:25:05.000000;62796df3-37a0-4e18-86e1-eb4d8e154c50;384.69;8.63188479;UNKNOWN
2016-01-23T00:25:05.000000;2016-01-23T00:25:05.000000;2ccd2e4b-8fad-4f58-90c9-1f83a57506ea;384.8;1.0;UNKNOWN
2016-01-23T00:25:05.000000;2016-01-23T00:25:05.000000;061bd926-e087-4463-8f39-1f3cc5154e11;384.8;17.619;UNKNOWN
2016-01-23T00:25:05.000000;2016-01-23T00:25:05.000000;e8929928-fe11-4e91-98a1-a8090ccd872e;384.89;5.0;UNKNOWN
2016-01-23T00:25:05.000000;2016-01-23T00:25:05.000000;498d4544-f1c8-4472-b69c-43ae3f34a05a;384.67;1.0;UNKNOWN
2016-01-23T00:25:05.000000;2016-01-23T00:25:05.000000;13bf81e3-2b8d-44f7-b196-4c2fa5af6046;384.66;0.1;UNKNOWN
2016-01-23T00:25:05.000000;2016-01-23T00:25:05.000000;85f04b85-3573-4fed-a825-29dd77d9dd8f;384.35;2.48351356;UNKNOWN
2016-01-23T00:25:05.000000;2016-01-23T00:25:05.000000;810793a8-d6eb-4f78-a64e-9d30fa75a324;384.59;5.0;UNKNOWN
2016-01-23T00:25:05.000000;2016-01-23T00:25:05.000000;344556cd-34e7-44f6-8940-93f9c006d5ae;384.8;5.0;UNKNOWN
2016-01-23T00:25:05.000000;2016-01-23T00:25:05.000000;965edfdf-1470-4985-ad7e-63f3d1ac0a29;384.82;5.0;UNKNOWN
2016-01-23T00:25:05.000000;2016-01-23T00:25:05.000000;c64cdee9-5b69-4400-a835-856216263acf;384.84;2.0;UNKNOWN
2016-01-23T00:25:06.000000;2016-01-23T00:25:06.000000;53c7a674-c870-45be-895d-5a2fd99fbcbd;384.9;2.69648644;UNKNOWN
2016-01-23T00:25:16.000000;2016-01-23T00:25:16.000000;e7a65e2d-085c-4e38-8ea4-91d791969bac;384.95;5.0;UNKNOWN
2016-01-23T00:25:16.000000;2016-01-23T00:25:16.000000;86ab0faa-1280-4671-bae1-b592f2c97192;384.95;8.0;UNKNOWN
2016-01-23T00:25:35.000000;2016-01-23T00:25:35.000000;c19ab772-73be-42ff-b0e3-90497c71cab9;384.51;0.05;UNKNOWN
2016-01-23T00:25:37.000000;2016-01-23T00:25:37.000000;a33babf1-56aa-462e-8fc2-5a56c78bb55f;384.52;0.01;UNKNOWN
2016-01-23T00:25:57.000000;2016-01-23T00:25:57.000000;82963ffc-677a-4657-8a4f-2b0b5aeca03c;384.31;0.01;UNKNOWN
2016-01-23T00:26:01.000000;2016-01-23T00:26:01.000000;cbe742ca-cf18-4d25-a4c7-945442140a1d;384.33;5.0;UNKNOWN
2016-01-23T00:26:01.000000;2016-01-23T00:26:01.000000;e495f0f2-04a3-42b0-b624-637bcc50c5f6;384.34;3.0;UNKNOWN
2016-01-23T00:26:04.000000;2016-01-23T00:26:04.000000;ce9fef5a-def5-4074-85a0-29c9ea0bbea6;384.33;0.05;UNKNOWN
2016-01-23T00:26:05.000000;2016-01-23T00:26:05.000000;a3a68f66-fbb2-40a6-a91a-a40ef51ecf98;384.7;6.79157955;UNKNOWN
2016-01-23T00:26:05.000000;2016-01-23T00:26:05.000000;fc2a39e4-aee4-4062-bd54-017ceccc40c5;384.7;3.20842045;UNKNOWN
2016-01-23T00:26:05.000000;2016-01-23T00:26:05.000000;0ad66c45-8256-4167-8aea-49397986d4cf;384.54;20.32;UNKNOWN
2016-01-23T00:26:05.000000;2016-01-23T00:26:05.000000;a07cec54-f9ae-45fd-b7c5-8ff037215d27;384.95;9.84947766;UNKNOWN
2016-01-23T00:26:05.000000;2016-01-23T00:26:05.000000;90dc95bc-6571-4cde-b782-52442c0d0986;384.56;0.4;UNKNOWN
2016-01-23T00:26:05.000000;2016-01-23T00:26:05.000000;1be16c30-0016-43f7-ae0f-63729cab9cf4;384.6;0.45018629;UNKNOWN
2016-01-23T00:26:05.000000;2016-01-23T00:26:05.000000;7e2d4d1c-0bbd-47ea-b35d-f5d90f4743ac;384.55;0.01;UNKNOWN
2016-01-23T00:26:05.000000;2016-01-23T00:26:05.000000;eda1753a-6859-462a-be1d-c13a1efb7e7d;384.79;0.07053;UNKNOWN
2016-01-23T00:26:07.000000;2016-01-23T00:26:07.000000;366b37e1-859d-4e69-b8c2-9ca95a891067;384.09;8.0;UNKNOWN
2016-01-23T00:26:22.000000;2016-01-23T00:26:22.000000;608ca8ec-2433-4211-b699-6e491168c092;384.15;0.19499781;UNKNOWN
2016-01-23T00:26:41.000000;2016-01-23T00:26:41.000000;67147953-a07a-459b-a4ea-2ee0f827a5db;384.11;1.6399249;UNKNOWN
2016-01-23T00:26:49.000000;2016-01-23T00:26:49.000000;a28dd3a9-5fa3-4696-9510-f952c3ed4890;384.1;0.1098;UNKNOWN
2016-01-23T00:26:49.000000;2016-01-23T00:26:49.000000;3a1a2c4a-b594-4654-ad34-4029c7795b3b;384.1;5.33930488;UNKNOWN
2016-01-23T00:26:51.000000;2016-01-23T00:26:51.000000;10d617dc-c5ec-4392-91ae-725409552021;384.11;3.0;UNKNOWN
2016-01-23T00:27:01.000000;2016-01-23T00:27:01.000000;0d8627b0-79a0-48dd-8716-9034a7a5c1bf;384.31;0.0704;UNKNOWN
2016-01-23T00:27:01.000000;2016-01-23T00:27:01.000000;165f4e0a-4168-48ad-98b6-ed703bcb9a1a;384.27;0.4;UNKNOWN
2016-01-23T00:27:01.000000;2016-01-23T00:27:01.000000;4ab2b200-66fa-4584-b9b7-4c0f01e74aa0;384.35;0.5;UNKNOWN
2016-01-23T00:27:05.000000;2016-01-23T00:27:05.000000;ade68d9b-0cac-4bad-a0b4-346d4a8e7803;384.76;8.2;UNKNOWN
2016-01-23T00:27:05.000000;2016-01-23T00:27:05.000000;055a33be-8c32-4e06-b087-af547c3e9a40;384.77;5.03811768;UNKNOWN
2016-01-23T00:27:09.000000;2016-01-23T00:27:09.000000;71667e8b-1d40-44fe-bda7-1d42282192b2;384.38;0.070403;UNKNOWN
2016-01-23T00:27:33.000000;2016-01-23T00:27:33.000000;db697c3b-ac83-4571-a320-cadba0e402e8;384.71;0.05;UNKNOWN
2016-01-23T00:27:33.000000;2016-01-23T00:27:33.000000;6536a421-be5b-4a0f-8b38-d14cffb7f0c3;384.8;16.5221;UNKNOWN
2016-01-23T00:27:33.000000;2016-01-23T00:27:33.000000;980fe5f1-fb7c-4a8c-aa93-dbd8fb3ff8cd;384.7;6.4279;UNKNOWN
2016-01-23T00:27:33.000000;2016-01-23T00:27:33.000000;7a9317f8-1f33-48c4-a251-27fcf5e6f586;384.8;0.60989;UNKNOWN
2016-01-23T00:27:33.000000;2016-01-23T00:27:33.000000;3aa36024-29ca-4afd-81a2-2511c948153d;384.69;0.05;UNKNOWN
2016-01-23T00:27:33.000000;2016-01-23T00:27:33.000000;df9a68bf-423a-4485-8735-ab030e6a8bba;384.71;0.01;UNKNOWN
2016-01-23T00:27:33.000000;2016-01-23T00:27:33.000000;7c70f941-6ccd-4ea1-83b8-3c30a9cc4890;384.7;0.07;UNKNOWN
2016-01-23T00:27:33.000000;2016-01-23T00:27:33.000000;607c30f9-0134-40fc-aea6-d48a7b3aabfc;384.69;0.4;UNKNOWN
2016-01-23T00:27:33.000000;2016-01-23T00:27:33.000000;8fc1fbe0-4cc9-4746-8708-299fb21f199a;384.71;0.01;UNKNOWN
2016-01-23T00:27:33.000000;2016-01-23T00:27:33.000000;0db00eee-1a50-45fb-bb56-2f5a1c1b1beb;384.69;0.01;UNKNOWN
2016-01-23T00:27:33.000000;2016-01-23T00:27:33.000000;e651687a-a3bd-45f7-81f7-d726af38a2d1;384.71;0.01;UNKNOWN
2016-01-23T00:27:33.000000;2016-01-23T00:27:33.000000;692c7a2f-1bc9-405d-8d34-94c1c0276e5a;384.93;0.07032;UNKNOWN
2016-01-23T00:27:33.000000;2016-01-23T00:27:33.000000;0b76af2b-4a14-4a01-9363-120690ba2b0c;384.95;27.15052234;UNKNOWN
2016-01-23T00:27:33.000000;2016-01-23T00:27:33.000000;e2a5ea84-cefc-488a-a205-722bf6b67dbd;384.98;0.05;UNKNOWN
2016-01-23T00:27:33.000000;2016-01-23T00:27:33.000000;e49003a4-cfce-4d07-9082-7bc28f708480;384.94;2.0;UNKNOWN
2016-01-23T00:27:33.000000;2016-01-23T00:27:33.000000;50e57231-3a13-4c81-9905-0591ab70a379;384.98;1.55926766;UNKNOWN
2016-01-23T00:28:28.000000;2016-01-23T00:28:28.000000;68d1e928-3164-48d9-8a1c-8b5b719802dc;384.69;0.36;UNKNOWN
2016-01-23T00:28:28.000000;2016-01-23T00:28:28.000000;7b8471f7-e69f-4c57-be87-efa639cde692;384.69;0.01;UNKNOWN
2016-01-23T00:28:28.000000;2016-01-23T00:28:28.000000;9710147b-d4f9-403e-84b1-fbc53ce45dc4;384.69;0.37;UNKNOWN
2016-01-23T00:28:28.000000;2016-01-23T00:28:28.000000;ced8753e-852b-4772-92a3-527ac22c1bc7;384.69;0.48;UNKNOWN
2016-01-23T00:28:49.000000;2016-01-23T00:28:49.000000;af14eaed-a7e8-41c0-9927-887e3476e857;384.66;0.02;UNKNOWN
2016-01-23T00:28:49.000000;2016-01-23T00:28:49.000000;8a178c8a-5c76-4484-b9be-77f680c56689;384.67;0.4;UNKNOWN
2016-01-23T00:28:49.000000;2016-01-23T00:28:49.000000;6006cc38-472c-4b8d-8054-0f5e28847d51;384.68;0.3;UNKNOWN
2016-01-23T00:28:49.000000;2016-01-23T00:28:49.000000;77616896-1230-4a66-a19f-4303a8d00e4b;384.68;0.01;UNKNOWN
2016-01-23T00:28:49.000000;2016-01-23T00:28:49.000000;9c249ce0-68f6-41f7-8d7e-49719d50b8a4;384.68;0.14;UNKNOWN
2016-01-23T00:28:49.000000;2016-01-23T00:28:49.000000;9dc7f897-58a4-4c77-8a89-34aaa16062a7;384.66;0.13;UNKNOWN
2016-01-23T00:29:02.000000;2016-01-23T00:29:02.000000;ed46c62c-512f-4a1a-bf40-c4951047c0c6;384.35;0.0148;UNKNOWN
2016-01-23T00:29:03.000000;2016-01-23T00:29:03.000000;c0198991-aa32-451c-838f-014d367cb33f;384.35;0.0148;UNKNOWN
2016-01-23T00:29:03.000000;2016-01-23T00:29:03.000000;6975b92f-8cd0-4721-b8d0-192ed46cff5f;384.22;0.0352;UNKNOWN
2016-01-23T00:29:04.000000;2016-01-23T00:29:04.000000;71150fe4-e7a7-4748-81ce-e43c9f37537e;384.61;1.03100087;UNKNOWN
2016-01-23T00:29:04.000000;2016-01-23T00:29:04.000000;4783e626-e4c6-49bb-b5f8-48a9d7443b92;384.65;0.4;UNKNOWN
2016-01-23T00:29:04.000000;2016-01-23T00:29:04.000000;5d447493-20bb-4aa7-b202-dae0b8850e71;384.67;0.070321;UNKNOWN
2016-01-23T00:29:04.000000;2016-01-23T00:29:04.000000;882b39b9-8dd6-409e-9f74-8495f4333390;384.8;5.0;UNKNOWN
2016-01-23T00:29:04.000000;2016-01-23T00:29:04.000000;6ed6c7ce-c94a-49eb-bed8-c2873399e413;384.94;3.51970914;UNKNOWN
2016-01-23T00:29:04.000000;2016-01-23T00:29:04.000000;2ceebb51-23c9-4f76-9820-96056c2286c2;384.62;0.36;UNKNOWN
2016-01-23T00:29:04.000000;2016-01-23T00:29:04.000000;2544c8d0-77b5-4467-9260-8ebb0b1139d9;384.63;0.4;UNKNOWN
2016-01-23T00:29:04.000000;2016-01-23T00:29:04.000000;3d4205e3-a017-4514-9511-dbe5cb10d5fc;384.64;0.06;UNKNOWN
2016-01-23T00:29:05.000000;2016-01-23T00:29:05.000000;e617a756-c204-4ff4-9267-9d583bbaa132;384.98;17.48407116;UNKNOWN
2016-01-23T00:29:05.000000;2016-01-23T00:29:05.000000;4415585b-4a49-46ae-af74-420b6a1800fb;384.94;18.4648;UNKNOWN
2016-01-23T00:29:05.000000;2016-01-23T00:29:05.000000;fe492496-f9ce-46d7-a9ac-4e5b25097fb6;384.98;0.75;UNKNOWN
2016-01-23T00:29:05.000000;2016-01-23T00:29:05.000000;ebceb6f3-f3a8-41a0-9e5e-b231fa4eb481;384.98;2.0;UNKNOWN
2016-01-23T00:29:05.000000;2016-01-23T00:29:05.000000;d71c3930-c8b8-4016-9c91-708de4cf20d3;384.98;2.72562884;UNKNOWN
2016-01-23T00:29:05.000000;2016-01-23T00:29:05.000000;1c62590c-7e22-41e5-b209-3db74d513256;384.99;2.0;UNKNOWN
2016-01-23T00:29:05.000000;2016-01-23T00:29:05.000000;bb7ccfb2-56a7-4504-a1e8-c1fa496a1725;385.0;4.01658268;UNKNOWN
2016-01-23T00:29:05.000000;2016-01-23T00:29:05.000000;f8bda8cf-6109-4d29-a61a-aebd916b36b7;384.99;0.1;UNKNOWN
2016-01-23T00:29:05.000000;2016-01-23T00:29:05.000000;433f60db-39d0-4e9f-8a48-9a71129e2cd6;384.99;0.7;UNKNOWN
2016-01-23T00:29:05.000000;2016-01-23T00:29:05.000000;7c031f2c-7cc0-4e3c-8400-fc973f0bb99a;385.0;29.74158525;UNKNOWN
2016-01-23T00:29:05.000000;2016-01-23T00:29:05.000000;ad7441d6-830a-4788-90c1-9f20358529ba;384.94;4.94629086;UNKNOWN
2016-01-23T00:29:07.000000;2016-01-23T00:29:07.000000;30416b6a-08ff-4f28-a7c2-c3c6b5c3c0d7;384.99;20.0;UNKNOWN
2016-01-23T00:29:07.000000;2016-01-23T00:29:07.000000;6064afa6-2bdf-473a-9c86-a9d62370b891;385.02;0.25;UNKNOWN
2016-01-23T00:29:07.000000;2016-01-23T00:29:07.000000;ae872119-91dc-49b8-9003-d1f33d081509;385.1;2.0;UNKNOWN
2016-01-23T00:29:07.000000;2016-01-23T00:29:07.000000;6eb9a44b-649c-44bf-b196-bfb698a85557;385.15;0.05;UNKNOWN
2016-01-23T00:29:07.000000;2016-01-23T00:29:07.000000;e0dcfe3f-b831-40e8-aafb-07a1071e5a3b;385.19;1.0;UNKNOWN
2016-01-23T00:29:07.000000;2016-01-23T00:29:07.000000;ae693d99-a8cf-4925-950f-184a83835b7f;385.18;19.8984;UNKNOWN
2016-01-23T00:29:07.000000;2016-01-23T00:29:07.000000;dab0da45-0051-441b-b5c1-5a1ed38424b1;384.62;0.12;UNKNOWN
2016-01-23T00:29:07.000000;2016-01-23T00:29:07.000000;364c9da2-8279-4a69-a8e1-b87659c5e7fe;385.0;0.1096902;UNKNOWN
2016-01-23T00:29:07.000000;2016-01-23T00:29:07.000000;b423f638-9cc8-4279-ae02-d200f228f18d;385.0;0.05;UNKNOWN
2016-01-23T00:29:07.000000;2016-01-23T00:29:07.000000;b8c59fb8-8c5c-4369-8644-bdb09fc7fd92;385.0;16.24183207;UNKNOWN
2016-01-23T00:29:07.000000;2016-01-23T00:29:07.000000;a9280c1d-9514-4077-9bbf-fb18f1bd9298;385.0;0.2;UNKNOWN
2016-01-23T00:29:07.000000;2016-01-23T00:29:07.000000;486030d3-4677-474c-a3fb-8d197a873d87;385.0;0.1;UNKNOWN
2016-01-23T00:29:07.000000;2016-01-23T00:29:07.000000;4223e15e-f5d6-4e26-868e-99c9bec75a26;385.37;4.99786923;UNKNOWN
2016-01-23T00:29:10.000000;2016-01-23T00:29:10.000000;26a00555-0383-4050-9c9b-bec10d5ac7e4;384.99;10.55740395;UNKNOWN
2016-01-23T00:29:10.000000;2016-01-23T00:29:10.000000;a43b7254-78f9-4f09-bd70-04097d93b557;384.97;0.1;UNKNOWN
2016-01-23T00:29:13.000000;2016-01-23T00:29:13.000000;87d7d1bd-7752-4daa-b4ba-c5c08b1b2853;384.32;3.0;UNKNOWN
2016-01-23T00:29:16.000000;2016-01-23T00:29:16.000000;1bc37091-61ea-42f8-9a44-6b8ade2df3f2;384.33;2.3;UNKNOWN
2016-01-23T00:29:16.000000;2016-01-23T00:29:16.000000;15c61bbe-e6e8-4e48-a704-76db21615233;384.33;0.7427;UNKNOWN
2016-01-23T00:29:20.000000;2016-01-23T00:29:20.000000;6827cecc-3e01-4426-93bd-b5e787dad9d5;384.1;3.9;UNKNOWN
2016-01-23T00:29:29.000000;2016-01-23T00:29:29.000000;7df3a892-9f09-4ee3-b05e-ad9a72a2a9fe;384.88;0.1;UNKNOWN
2016-01-23T00:29:29.000000;2016-01-23T00:29:29.000000;7693ab72-a964-43ba-b2ed-4e9a1b2f7f58;384.88;0.1;UNKNOWN
2016-01-23T00:29:30.000000;2016-01-23T00:29:30.000000;824a141c-82c6-4b50-a30f-d0132ed0bcf8;384.88;0.1;UNKNOWN
2016-01-23T00:29:36.000000;2016-01-23T00:29:36.000000;606cc73f-d5f7-434d-a666-9bfea5f2f15a;384.89;0.1;UNKNOWN
2016-01-23T00:29:47.000000;2016-01-23T00:29:47.000000;758224fc-bcf6-4222-b9b7-50aff5ffd16f;384.29;0.5223;UNKNOWN
2016-01-23T00:30:04.000000;2016-01-23T00:30:04.000000;b6c883e5-db00-4ebd-83ee-77252100db31;384.8;0.1;UNKNOWN
2016-01-23T00:30:05.000000;2016-01-23T00:30:05.000000;aa3c2915-5e05-4600-8759-2751bb51919b;385.36;7.68161912;UNKNOWN
2016-01-23T00:30:05.000000;2016-01-23T00:30:05.000000;ac3db73d-c5ff-4da3-a6eb-f095d19a52ac;386.0;2.9;UNKNOWN
2016-01-23T00:30:05.000000;2016-01-23T00:30:05.000000;45440576-e2e3-4664-a6d1-df04bed16e03;385.77;0.070324;UNKNOWN
2016-01-23T00:30:05.000000;2016-01-23T00:30:05.000000;3448e598-a6cb-4a74-9e42-9d941f569209;385.33;6.58243377;UNKNOWN
2016-01-23T00:30:05.000000;2016-01-23T00:30:05.000000;f2963054-04e0-468f-9af5-1398390de64a;385.82;1.80225388;UNKNOWN
2016-01-23T00:30:05.000000;2016-01-23T00:30:05.000000;5a5f5ef2-2e99-45bc-b3e9-057498188969;386.0;1.05958117;UNKNOWN
2016-01-23T00:30:05.000000;2016-01-23T00:30:05.000000;75cbf7ca-5c4e-4ae9-8564-c7f00e91550a;385.82;6.39845351;UNKNOWN
2016-01-23T00:30:05.000000;2016-01-23T00:30:05.000000;96a700fe-69b8-4916-8d38-c078d417ced7;385.36;7.35177728;UNKNOWN
2016-01-23T00:30:05.000000;2016-01-23T00:30:05.000000;26b95aff-5751-4f82-b5cc-5f09d1e10d71;386.0;11.45224188;UNKNOWN
2016-01-23T00:30:05.000000;2016-01-23T00:30:05.000000;e2793e06-eb99-45e7-b167-34cc3d6f4292;384.87;15.99098134;UNKNOWN
2016-01-23T00:30:05.000000;2016-01-23T00:30:05.000000;e3b76178-b14f-42cb-9902-9d102823c1fb;386.0;3.74546528;UNKNOWN
2016-01-23T00:30:05.000000;2016-01-23T00:30:05.000000;a6d48cbb-70d3-43be-bd84-aef3a1870863;385.89;3.47163118;UNKNOWN
2016-01-23T00:30:05.000000;2016-01-23T00:30:05.000000;f8428699-1737-4086-8b6c-b07050469418;385.64;0.05;UNKNOWN
2016-01-23T00:30:05.000000;2016-01-23T00:30:05.000000;75e0aa7d-67b6-4da9-9671-a44607755308;385.43;10.3809;UNKNOWN
2016-01-23T00:30:05.000000;2016-01-23T00:30:05.000000;9fb6e71c-1963-4238-910d-dad55e7296e8;385.82;3.74329996;UNKNOWN
2016-01-23T00:30:05.000000;2016-01-23T00:30:05.000000;49d90b43-41ec-4877-a6bb-4fb9e72dac9a;385.44;12.5;UNKNOWN
2016-01-23T00:30:05.000000;2016-01-23T00:30:05.000000;f8330fbd-7ddb-4ab9-bf03-b508c0c78c42;385.6;1.52225818;UNKNOWN
2016-01-23T00:30:05.000000;2016-01-23T00:30:05.000000;10042224-9177-409a-9807-2605e5e71888;385.88;0.67812952;UNKNOWN
2016-01-23T00:30:05.000000;2016-01-23T00:30:05.000000;a777d69e-a65e-47dd-bea4-16860ac49272;385.36;3.42077182;UNKNOWN
2016-01-23T00:30:05.000000;2016-01-23T00:30:05.000000;dba153cf-702c-4562-aed5-020241381be5;385.89;7.75772368;UNKNOWN
2016-01-23T00:30:05.000000;2016-01-23T00:30:05.000000;4227ec12-5d74-4da5-ac3d-f5c6c3aa86be;386.0;0.05;UNKNOWN
2016-01-23T00:30:05.000000;2016-01-23T00:30:05.000000;7c25ec55-37a7-4ae3-a82a-4a6113008dc3;385.89;28.77064514;UNKNOWN
2016-01-23T00:30:05.000000;2016-01-23T00:30:05.000000;46bd13e3-1919-41a4-9902-85f7f21b0aa6;385.85;1.0;UNKNOWN
2016-01-23T00:30:05.000000;2016-01-23T00:30:05.000000;b5d1376d-2459-4201-931e-80771349fed3;386.0;0.4267;UNKNOWN
2016-01-23T00:30:05.000000;2016-01-23T00:30:05.000000;5662d5f6-f6f5-44ab-90dd-e1348b8518fe;385.88;4.53298136;UNKNOWN
2016-01-23T00:30:05.000000;2016-01-23T00:30:05.000000;c1feb17d-3188-4ee3-8c9f-f0eff5e81429;385.88;3.63572119;UNKNOWN
2016-01-23T00:30:05.000000;2016-01-23T00:30:05.000000;59fbee6e-e992-4dc7-8d38-126d46d0adcd;385.88;0.05316793;UNKNOWN
2016-01-23T00:30:05.000000;2016-01-23T00:30:05.000000;bf43bb0c-c9fe-488c-aa6d-34d0fff0f9dc;385.34;6.14149648;UNKNOWN
2016-01-23T00:30:05.000000;2016-01-23T00:30:05.000000;e9a93ba8-44ec-46bd-adc6-d07995091655;385.82;8.02619265;UNKNOWN
2016-01-23T00:30:05.000000;2016-01-23T00:30:05.000000;7888f029-0901-40c6-83e8-edb6b96045dc;384.81;0.01;UNKNOWN
2016-01-23T00:30:05.000000;2016-01-23T00:30:05.000000;0814a770-8c0f-4dc8-90a6-215718242dbe;385.33;2.07356623;UNKNOWN
2016-01-23T00:30:05.000000;2016-01-23T00:30:05.000000;c88e8abc-36d8-41a3-bce3-810ceab68d7b;385.58;0.1876;UNKNOWN
2016-01-23T00:30:05.000000;2016-01-23T00:30:05.000000;0307d68e-e6ce-43e7-b06c-0a8b5070881e;385.6;18.83624182;UNKNOWN
2016-01-23T00:30:05.000000;2016-01-23T00:30:05.000000;054dfc77-7a58-498d-8cc3-2b864ad91865;384.8;6.3457;UNKNOWN
2016-01-23T00:30:05.000000;2016-01-23T00:30:05.000000;216a8261-e2cf-4085-a82a-554cfaec059e;384.99;0.25;UNKNOWN
2016-01-23T00:30:05.000000;2016-01-23T00:30:05.000000;0a84a6df-69ac-4d67-b589-b627436c3a65;385.61;0.05;UNKNOWN
2016-01-23T00:30:05.000000;2016-01-23T00:30:05.000000;d465cf30-c06a-46ce-9794-b63aebc6c16e;385.34;2.71650352;UNKNOWN
2016-01-23T00:30:05.000000;2016-01-23T00:30:05.000000;f1d63804-6c2f-4f19-94f1-3ec0e20350d6;385.29;11.39631762;UNKNOWN
2016-01-23T00:30:05.000000;2016-01-23T00:30:05.000000;f46bee56-31f7-4e9c-bd43-b82c787f6a5d;385.31;10.0;UNKNOWN
2016-01-23T00:30:05.000000;2016-01-23T00:30:05.000000;06b39782-4cc5-4ef6-9263-370b044ffac8;384.81;3.22;UNKNOWN
2016-01-23T00:30:05.000000;2016-01-23T00:30:05.000000;0ee2034f-af47-4303-b9c0-a0ef1c94fcaa;384.81;0.03;UNKNOWN
2016-01-23T00:30:05.000000;2016-01-23T00:30:05.000000;e1c28084-1b9a-4c17-ba9a-e29c43bf1ffb;385.29;6.45848238;UNKNOWN
2016-01-23T00:30:05.000000;2016-01-23T00:30:05.000000;335a94fe-d19f-493e-9623-157bbd46e6bc;384.87;15.25256505;UNKNOWN
2016-01-23T00:30:05.000000;2016-01-23T00:30:05.000000;20235dfe-cf85-40f5-9f84-f8191e3bad61;384.83;0.15;UNKNOWN
2016-01-23T00:30:05.000000;2016-01-23T00:30:05.000000;1346fd1c-1c00-41aa-bead-584294699e03;385.36;1.58443178;UNKNOWN
2016-01-23T00:30:05.000000;2016-01-23T00:30:05.000000;5c8d2655-0b5a-472d-94c7-0fb7de27072e;384.83;0.2899941;UNKNOWN
2016-01-23T00:30:05.000000;2016-01-23T00:30:05.000000;ef4d71cb-86bf-48c9-b98a-7044c3fb4e1b;384.87;3.75645361;UNKNOWN
2016-01-23T00:30:05.000000;2016-01-23T00:30:05.000000;3a4db749-d892-4567-adbf-491715ef7e90;384.83;0.2100059;UNKNOWN
2016-01-23T00:30:05.000000;2016-01-23T00:30:05.000000;af40a352-dca8-4388-9da0-3d0a7753350a;384.83;0.02;UNKNOWN
2016-01-23T00:30:05.000000;2016-01-23T00:30:05.000000;5ed1b156-5188-48e8-8b23-3941c75eb24c;385.0;3.8;UNKNOWN
2016-01-23T00:30:06.000000;2016-01-23T00:30:06.000000;9df6cafd-a517-4660-86df-4c5f92ed301d;386.0;2.0;UNKNOWN
2016-01-23T00:30:06.000000;2016-01-23T00:30:06.000000;b8ff2eac-c7dd-4c06-99b6-1a37a667d2c3;386.03;2.48851592;UNKNOWN
2016-01-23T00:30:06.000000;2016-01-23T00:30:06.000000;bceead2d-46ee-4dd6-b07d-bd5dbcebc6e0;386.0;6.74271167;UNKNOWN
2016-01-23T00:30:07.000000;2016-01-23T00:30:07.000000;b26685b7-b9ae-4519-85aa-08415ae1f501;385.15;6.81451752;UNKNOWN
2016-01-23T00:30:09.000000;2016-01-23T00:30:09.000000;98da6b20-e06d-4029-bb39-042066fb3e5a;384.06;18.2918;UNKNOWN
2016-01-23T00:30:09.000000;2016-01-23T00:30:09.000000;6468a400-30a0-4e3d-9973-25da45d36d48;384.5;0.2;UNKNOWN
2016-01-23T00:30:09.000000;2016-01-23T00:30:09.000000;2464c8b8-5d0a-45fb-adc9-1ecc97611c31;383.84;18.6367;UNKNOWN
2016-01-23T00:30:09.000000;2016-01-23T00:30:09.000000;d4bf5dfd-b683-4b5c-adfa-7fa9f009ce2b;383.64;16.8121;UNKNOWN
2016-01-23T00:30:09.000000;2016-01-23T00:30:09.000000;9f516b20-ce4b-4e69-b043-e51b5b184f54;383.51;10.3944;UNKNOWN
2016-01-23T00:30:09.000000;2016-01-23T00:30:09.000000;243558f3-6f1f-41b0-bc58-86e4bb261ad3;382.71;0.02400488;UNKNOWN
2016-01-23T00:30:09.000000;2016-01-23T00:30:09.000000;d3aeeb8b-9a81-4b3d-b54e-b1e1d50d9c3b;383.06;17.3553;UNKNOWN
2016-01-23T00:30:09.000000;2016-01-23T00:30:09.000000;36d62d55-549f-40f1-b26c-beb03a78a1e7;382.86;16.4406;UNKNOWN
2016-01-23T00:30:09.000000;2016-01-23T00:30:09.000000;7f573ad2-60a7-43a8-a294-c026e593fd46;382.72;0.88;UNKNOWN
2016-01-23T00:30:09.000000;2016-01-23T00:30:09.000000;a9226e0c-9999-4663-8fe0-e711357deddb;384.25;9.0;UNKNOWN
2016-01-23T00:30:09.000000;2016-01-23T00:30:09.000000;c2848f55-0f84-4e35-9924-118dc41a34d4;384.13;18.0;UNKNOWN
2016-01-23T00:30:09.000000;2016-01-23T00:30:09.000000;06342606-41bd-41ed-b52c-8b1452f431f6;382.91;0.05;UNKNOWN
2016-01-23T00:30:09.000000;2016-01-23T00:30:09.000000;ac20f4b7-b3e2-433f-b2e1-143d0a831754;384.1;40.76069512;UNKNOWN
2016-01-23T00:30:09.000000;2016-01-23T00:30:09.000000;8d6d4d57-5dd5-453e-ab55-d4cf76829b2d;383.44;18.9409;UNKNOWN
2016-01-23T00:30:09.000000;2016-01-23T00:30:09.000000;0d20491d-0109-4c63-a3a3-2b45101274bb;383.5;0.05;UNKNOWN
2016-01-23T00:30:09.000000;2016-01-23T00:30:09.000000;5d659337-846f-4c38-91f1-72d9a2813227;383.26;16.5391;UNKNOWN
2016-01-23T00:30:09.000000;2016-01-23T00:30:09.000000;b0e509ac-6ed7-4e37-ab98-2fa0bf99c7a5;384.26;19.6413;UNKNOWN
2016-01-23T00:30:09.000000;2016-01-23T00:30:09.000000;4cb9dacc-2e3e-4675-a276-c79eb07a5609;384.26;6.4831;UNKNOWN
2016-01-23T00:30:09.000000;2016-01-23T00:30:09.000000;a593e19e-178a-462b-961b-e309c4d06026;384.13;12.0;UNKNOWN
2016-01-23T00:30:09.000000;2016-01-23T00:30:09.000000;f2901bbd-812d-49a8-bc79-249e0422c886;384.27;6.0;UNKNOWN
2016-01-23T00:30:09.000000;2016-01-23T00:30:09.000000;5c482187-76d1-4dd8-a28a-7145cc6d102c;384.27;3.0;UNKNOWN
2016-01-23T00:30:09.000000;2016-01-23T00:30:09.000000;933549bd-4cf7-4f3b-8868-0230ff4a0cc5;384.27;0.5;UNKNOWN
2016-01-23T00:30:10.000000;2016-01-23T00:30:10.000000;98d708a2-a330-4fcb-a6cc-88bd4ca432c5;385.32;2.30324584;UNKNOWN
2016-01-23T00:30:10.000000;2016-01-23T00:30:10.000000;cb6f5f50-8715-4867-b36c-36b5c5ab7154;385.28;2.0;UNKNOWN
2016-01-23T00:30:10.000000;2016-01-23T00:30:10.000000;34cacb39-1c7a-4f51-955d-20821a515fa1;385.15;1.65848248;UNKNOWN
2016-01-23T00:30:10.000000;2016-01-23T00:30:10.000000;533683bb-d3df-48a8-b2e4-31f333579646;385.28;4.34151752;UNKNOWN
2016-01-23T00:30:10.000000;2016-01-23T00:30:10.000000;4a5d7f30-203c-436f-81f7-2b052b4b3ce7;385.3;0.35848248;UNKNOWN
2016-01-23T00:30:10.000000;2016-01-23T00:30:10.000000;a1ada0b8-04d2-4d9d-8ab3-66c79df42e17;385.28;1.79848248;UNKNOWN
2016-01-23T00:30:10.000000;2016-01-23T00:30:10.000000;7e5e9713-de71-4cfc-ae1c-8db22f339dc2;385.3;4.20151752;UNKNOWN
2016-01-23T00:30:11.000000;2016-01-23T00:30:11.000000;50f74270-0e2b-48c0-87b2-57ebf88b5098;385.27;8.50401565;UNKNOWN
2016-01-23T00:30:11.000000;2016-01-23T00:30:11.000000;a9070398-204f-4984-99cf-df4921b28a04;385.27;2.89356979;UNKNOWN
2016-01-23T00:30:11.000000;2016-01-23T00:30:11.000000;7d0efa17-a7b7-44ba-b7f3-acb3625a268f;385.27;1.29902985;UNKNOWN
2016-01-23T00:30:11.000000;2016-01-23T00:30:11.000000;1b821d07-1cbd-48db-84a0-fe743fa945d9;385.27;1.80740036;UNKNOWN
2016-01-23T00:30:17.000000;2016-01-23T00:30:17.000000;2af8e4c8-9c90-44ef-bec9-9124fa548d24;384.07;1.15447318;UNKNOWN
2016-01-23T00:30:20.000000;2016-01-23T00:30:20.000000;2ccd344c-6af4-4a17-97ac-c0c212cbb80d;385.01;0.09498827;UNKNOWN
2016-01-23T00:30:22.000000;2016-01-23T00:30:22.000000;28f066f9-97a8-4559-a4fa-154b1bc4666f;384.07;0.273;UNKNOWN
2016-01-23T00:30:22.000000;2016-01-23T00:30:22.000000;f1b60e26-24f7-404f-a214-2887413a163f;384.07;0.2415;UNKNOWN
2016-01-23T00:30:39.000000;2016-01-23T00:30:39.000000;915b7a50-e971-4e27-87c8-e3d0ab734231;384.59;1.5;UNKNOWN
2016-01-23T00:30:51.000000;2016-01-23T00:30:51.000000;05d00252-e4c6-4f61-b3d8-d4e120d15ae3;384.47;0.5;UNKNOWN
2016-01-23T00:30:51.000000;2016-01-23T00:30:51.000000;5afed0e8-d734-436c-9208-574d13008f34;384.48;0.05;UNKNOWN
2016-01-23T00:30:51.000000;2016-01-23T00:30:51.000000;458cfe90-2a6a-4820-9a0b-6d034d6ffeed;384.48;6.4698;UNKNOWN
2016-01-23T00:30:51.000000;2016-01-23T00:30:51.000000;409dd530-f27a-471e-9ddb-58410d933efa;384.57;9.17457082;UNKNOWN
2016-01-23T00:30:51.000000;2016-01-23T00:30:51.000000;a3ec6815-a15f-4e68-a9e6-5564f65bafb3;384.47;6.0;UNKNOWN
2016-01-23T00:30:51.000000;2016-01-23T00:30:51.000000;50d052c5-280a-42f7-9364-ce3235726dd5;384.48;0.45;UNKNOWN
2016-01-23T00:30:51.000000;2016-01-23T00:30:51.000000;c55a874b-e1b9-45f2-9c5f-cd91e0a80577;384.47;3.0;UNKNOWN
2016-01-23T00:30:51.000000;2016-01-23T00:30:51.000000;9a29da49-cf18-4826-ba23-b777dc22c8c3;383.8;0.05;UNKNOWN
2016-01-23T00:30:51.000000;2016-01-23T00:30:51.000000;1c009a7c-3b00-410a-9341-a6de29d1fd0b;384.5;5.0;UNKNOWN
2016-01-23T00:31:01.000000;2016-01-23T00:31:01.000000;baacdbae-bfac-4d94-b853-681d5d8b5e2b;384.33;0.02;UNKNOWN
2016-01-23T00:31:06.000000;2016-01-23T00:31:06.000000;bee50df3-c4eb-4363-8b0d-5e472edadc70;383.87;0.5148;UNKNOWN
2016-01-23T00:31:07.000000;2016-01-23T00:31:07.000000;42846c99-ce5d-4a74-a3b9-82dcbe512000;383.87;1.07204932;UNKNOWN
2016-01-23T00:31:15.000000;2016-01-23T00:31:15.000000;faec7dbe-11c8-4e0f-ac4c-af1bbb90c964;383.94;0.5148;UNKNOWN
2016-01-23T00:31:26.000000;2016-01-23T00:31:26.000000;b579120a-8369-45f3-8734-ccb28f7e16be;383.98;0.5146;UNKNOWN
2016-01-23T00:31:31.000000;2016-01-23T00:31:31.000000;80962a78-e87b-461e-8f74-ad3f9a42e1a3;384.01;5.0;UNKNOWN
2016-01-23T00:31:37.000000;2016-01-23T00:31:37.000000;b09129cc-25df-424e-ad3f-63147cff9d9b;383.85;0.5;UNKNOWN
2016-01-23T00:31:37.000000;2016-01-23T00:31:37.000000;e7f7d2d7-abaf-4025-97e4-62eafaf75b9f;383.84;0.014;UNKNOWN
2016-01-23T00:31:40.000000;2016-01-23T00:31:40.000000;52a9fd1c-c4e3-429b-9ff2-e7bea7f85861;383.86;4.954058;UNKNOWN
2016-01-23T00:31:40.000000;2016-01-23T00:31:40.000000;90375ef6-0be8-4844-8db0-78bfaf261ad5;383.86;0.5;UNKNOWN
2016-01-23T00:31:40.000000;2016-01-23T00:31:40.000000;d4d88688-fd51-47a2-b556-1e326a4622ee;383.86;3.0;UNKNOWN
2016-01-23T00:31:48.000000;2016-01-23T00:31:48.000000;6ba73622-ffe4-40ba-90c8-b853a419a87e;383.81;0.1;UNKNOWN
2016-01-23T00:32:02.000000;2016-01-23T00:32:02.000000;cbf261f9-a7d7-4d69-98c2-1e1292e357cf;383.81;0.5154;UNKNOWN
2016-01-23T00:32:13.000000;2016-01-23T00:32:13.000000;d4a0e3af-6972-4c80-ac60-8910be2395bc;384.0;0.02;UNKNOWN
2016-01-23T00:32:22.000000;2016-01-23T00:32:22.000000;d6789d08-c651-478c-94ab-2e37da1268b3;383.81;0.4933;UNKNOWN
2016-01-23T00:32:36.000000;2016-01-23T00:32:36.000000;f007de2a-c8b8-4ee1-8573-35a939367a68;384.44;0.46;UNKNOWN
2016-01-23T00:32:36.000000;2016-01-23T00:32:36.000000;2ab61701-c4d4-4ef7-8942-31b70df1efe5;384.43;0.5;UNKNOWN
2016-01-23T00:32:36.000000;2016-01-23T00:32:36.000000;42cfd975-1414-43b4-bfad-816ea07bcf06;384.4;0.1;UNKNOWN
2016-01-23T00:32:36.000000;2016-01-23T00:32:36.000000;82a2efeb-1900-4bef-914f-f1a08e2e8e57;384.39;0.19;UNKNOWN
2016-01-23T00:32:41.000000;2016-01-23T00:32:41.000000;0cf23772-7dbe-41ac-98ed-38841e49322c;383.89;1.9851;UNKNOWN
2016-01-23T00:32:55.000000;2016-01-23T00:32:55.000000;60bab0e0-743d-4f1f-9ee8-f6746542186a;383.87;0.5141;UNKNOWN
2016-01-23T00:32:57.000000;2016-01-23T00:32:57.000000;5eb57877-68e2-4414-8193-9618bfd05a3c;383.87;5.33333;UNKNOWN
2016-01-23T00:33:04.000000;2016-01-23T00:33:04.000000;86c0fcd3-06df-41d3-9900-33ab0acf7a33;383.33;0.14;UNKNOWN
2016-01-23T00:33:04.000000;2016-01-23T00:33:04.000000;fa94ac7b-8f29-45ee-b36d-f6d66b90e2d9;383.33;5.0;UNKNOWN
2016-01-23T00:33:05.000000;2016-01-23T00:33:05.000000;f28ea018-e525-4ef9-8de2-f42190fb50f4;384.41;0.45426223;UNKNOWN
2016-01-23T00:33:37.000000;2016-01-23T00:33:37.000000;e26dab0c-30e3-496b-9a97-9af630f9326c;384.44;0.52;UNKNOWN
2016-01-23T00:33:37.000000;2016-01-23T00:33:37.000000;6e08a543-d7e6-4f83-b9c4-93cc91282b2a;384.35;0.01;UNKNOWN
2016-01-23T00:33:37.000000;2016-01-23T00:33:37.000000;dccd8d11-f2f0-4ff2-883e-8cb4a90b9e23;384.55;0.19172791;UNKNOWN
2016-01-23T00:33:37.000000;2016-01-23T00:33:37.000000;759aa149-fe28-406f-b6e4-4edbbf25aefe;384.35;0.04;UNKNOWN
2016-01-23T00:33:37.000000;2016-01-23T00:33:37.000000;1f4f6d21-881e-4be0-882c-6b52cd22bbfa;384.35;0.26;UNKNOWN
2016-01-23T00:33:37.000000;2016-01-23T00:33:37.000000;9979df0f-ab05-4679-90b9-1f1f8317a04f;384.55;0.33293057;UNKNOWN
2016-01-23T00:33:49.000000;2016-01-23T00:33:49.000000;64e6efb4-3d8e-41dd-aa86-c99e0451cf54;384.75;1.0;UNKNOWN
2016-01-23T00:34:06.000000;2016-01-23T00:34:06.000000;03ed5011-56c8-42d8-9a6b-a1fc4d38ab57;384.73;0.16569081;UNKNOWN
2016-01-23T00:34:06.000000;2016-01-23T00:34:06.000000;96e2a892-8772-46f6-bd89-27cdfe754616;384.72;0.01;UNKNOWN
2016-01-23T00:34:12.000000;2016-01-23T00:34:12.000000;d898df55-5d32-40e6-824c-15a6a0bbde03;384.12;1.1;UNKNOWN
2016-01-23T00:34:13.000000;2016-01-23T00:34:13.000000;4cd94d82-effd-4f31-b226-805f6ce0e565;384.12;0.34;UNKNOWN
2016-01-23T00:34:34.000000;2016-01-23T00:34:34.000000;3f367b7d-4771-4079-b28e-f2d796a27e72;384.67;0.47;UNKNOWN
2016-01-23T00:34:34.000000;2016-01-23T00:34:34.000000;f9ab09fd-1aad-49fd-8e4b-94e6c925b8cb;384.68;0.49;UNKNOWN
2016-01-23T00:34:34.000000;2016-01-23T00:34:34.000000;a72da098-8fe3-4a0d-9bf8-b15250920d70;384.67;0.02;UNKNOWN
2016-01-23T00:34:34.000000;2016-01-23T00:34:34.000000;ea80bcd9-6ed8-4549-b072-076bf86cea61;384.68;0.02;UNKNOWN
2016-01-23T00:34:51.000000;2016-01-23T00:34:51.000000;a0dea5e1-5da2-430f-a58e-c3d707f1a365;384.92;0.3343;UNKNOWN
2016-01-23T00:34:51.000000;2016-01-23T00:34:51.000000;773de254-0fa1-4c88-8ac0-55c9b5e00ec2;384.95;3.0;UNKNOWN
2016-01-23T00:34:51.000000;2016-01-23T00:34:51.000000;28868889-f640-495c-b6b2-b40a15ead097;384.96;15.6657;UNKNOWN
2016-01-23T00:34:51.000000;2016-01-23T00:34:51.000000;0aaedf37-dd7e-4163-9eb8-c77a0c65daf1;384.93;1.0;UNKNOWN
2016-01-23T00:35:10.000000;2016-01-23T00:35:10.000000;1f3ac8a2-e77f-4641-a94a-0c8e4927e385;384.44;1.0226;UNKNOWN
2016-01-23T00:35:44.000000;2016-01-23T00:35:44.000000;7fa96c2c-f51d-4450-a0ce-a2850079612f;384.63;0.4927;UNKNOWN
2016-01-23T00:35:53.000000;2016-01-23T00:35:53.000000;85d1a534-405c-4bb1-95b2-61ae2fdf4662;384.66;0.5;UNKNOWN
2016-01-23T00:35:59.000000;2016-01-23T00:35:59.000000;5be705bc-5f88-4ee1-8849-24b476bc5375;384.65;0.26696956;UNKNOWN
2016-01-23T00:36:02.000000;2016-01-23T00:36:02.000000;8751a2ec-3f60-474f-996f-32a764db5e6c;384.65;0.084;UNKNOWN
2016-01-23T00:36:11.000000;2016-01-23T00:36:11.000000;091b75d1-0a93-4548-8f06-e97d8611502c;384.41;0.1815;UNKNOWN
2016-01-23T00:36:19.000000;2016-01-23T00:36:19.000000;e99168d4-2bb1-4924-8ce8-5ea98244731f;384.46;0.5;UNKNOWN
2016-01-23T00:36:19.000000;2016-01-23T00:36:19.000000;04bdd9bc-0704-439a-b9cb-13a0f2073d81;384.46;0.013;UNKNOWN
2016-01-23T00:36:27.000000;2016-01-23T00:36:27.000000;d1ba5f34-f02b-4ef5-9df5-0eeb7203c763;384.54;0.2315;UNKNOWN
2016-01-23T00:36:36.000000;2016-01-23T00:36:36.000000;f6e11223-c0f1-43c5-911b-0125a2d55510;384.6;0.1012;UNKNOWN
2016-01-23T00:36:56.000000;2016-01-23T00:36:56.000000;50368c11-9916-474e-a595-aaafc0b6d0a6;384.37;0.5135;UNKNOWN
2016-01-23T00:37:12.000000;2016-01-23T00:37:12.000000;b6b829b4-724d-4a0a-a7cd-52e1ded5814b;384.51;0.02576788;UNKNOWN
2016-01-23T00:37:13.000000;2016-01-23T00:37:13.000000;5a566a64-1942-4d3f-ae01-073238c54871;384.9;0.18221787;UNKNOWN
2016-01-23T00:37:16.000000;2016-01-23T00:37:16.000000;0f820e2b-1ff9-45c4-96ab-849f17f20811;384.9;0.1059;UNKNOWN
2016-01-23T00:37:24.000000;2016-01-23T00:37:24.000000;ef342cc8-0030-4b8b-abd0-edf0908c2712;384.9;0.0532;UNKNOWN
2016-01-23T00:37:33.000000;2016-01-23T00:37:33.000000;8fb9c16a-29e0-43b3-819b-012b4dabaa3e;384.9;0.0244;UNKNOWN
2016-01-23T00:37:42.000000;2016-01-23T00:37:42.000000;a34f4e5d-0f44-4b9b-b49b-8349f00c918b;384.9;0.0925;UNKNOWN
2016-01-23T00:37:50.000000;2016-01-23T00:37:50.000000;92a7d446-cd2c-46a0-8489-ba293220b0e5;384.96;15.14164403;UNKNOWN
2016-01-23T00:38:03.000000;2016-01-23T00:38:03.000000;ea564bbb-846d-44b4-9d2b-670a3a671d1f;384.96;1.0;UNKNOWN
2016-01-23T00:38:11.000000;2016-01-23T00:38:11.000000;70430980-9fbc-4b19-8dae-c39e125f4234;384.96;3.19265597;UNKNOWN
2016-01-23T00:38:16.000000;2016-01-23T00:38:16.000000;8aa40ff2-025e-4a89-b753-8484579ec7f4;385.0;0.5;UNKNOWN
2016-01-23T00:38:16.000000;2016-01-23T00:38:16.000000;5b707f2f-4d61-40d7-855e-168801259c8a;384.99;0.25;UNKNOWN
2016-01-23T00:38:30.000000;2016-01-23T00:38:30.000000;727f8c2c-98e2-459b-a1cf-deb2433cd25d;385.0;0.005;UNKNOWN
2016-01-23T00:38:34.000000;2016-01-23T00:38:34.000000;4584b6db-b81a-457c-a2c5-5beb49ec5c3e;385.2;0.5;UNKNOWN
2016-01-23T00:38:34.000000;2016-01-23T00:38:34.000000;ff23a6e2-b35e-4be6-b82a-e0747d7c495f;385.8;0.070329;UNKNOWN
2016-01-23T00:38:34.000000;2016-01-23T00:38:34.000000;9710bd87-0ba8-472d-af77-034a7a50d1e2;385.82;0.05;UNKNOWN
2016-01-23T00:38:34.000000;2016-01-23T00:38:34.000000;a3a2f222-1b35-46af-b5c0-bdaa8a8487d3;385.7;0.1;UNKNOWN
2016-01-23T00:38:34.000000;2016-01-23T00:38:34.000000;9f582f50-4942-48e9-9e74-54997a18645b;385.52;0.05;UNKNOWN
2016-01-23T00:38:34.000000;2016-01-23T00:38:34.000000;e574aaf3-dbcd-4fb0-8357-494bce8d4038;385.8;0.25;UNKNOWN
2016-01-23T00:38:34.000000;2016-01-23T00:38:34.000000;9dc3b9cf-38ac-4f7f-a1d1-5ceb34c86f50;385.94;1.779787;UNKNOWN
2016-01-23T00:38:34.000000;2016-01-23T00:38:34.000000;89ad4f00-863e-4015-a982-4493bf4f1be3;385.17;0.199884;UNKNOWN
2016-01-23T00:38:37.000000;2016-01-23T00:38:37.000000;6ffa3d96-01f8-40a0-8cd2-72d0ff134d22;385.7;0.5;UNKNOWN
2016-01-23T00:38:37.000000;2016-01-23T00:38:37.000000;a7df3692-d6e5-465c-ad52-174786e29185;385.95;1.0;UNKNOWN
2016-01-23T00:38:37.000000;2016-01-23T00:38:37.000000;1d563e1a-9f8d-4190-9824-df0e363bef44;386.0;0.25;UNKNOWN
2016-01-23T00:38:37.000000;2016-01-23T00:38:37.000000;c374c3c6-243e-48d8-9e41-f73963d7e4b3;386.0;0.05;UNKNOWN
2016-01-23T00:38:37.000000;2016-01-23T00:38:37.000000;191e3f2e-9f73-4c3b-9600-0d10635bb8e4;385.99;0.25;UNKNOWN
2016-01-23T00:38:42.000000;2016-01-23T00:38:42.000000;25238852-5a22-427e-b7f9-c0dbd21333af;385.18;0.25;UNKNOWN
2016-01-23T00:38:55.000000;2016-01-23T00:38:55.000000;9d0b020b-f17e-4dab-b013-54737abe418e;386.2;1.4105113;UNKNOWN
2016-01-23T00:38:55.000000;2016-01-23T00:38:55.000000;086a38ad-7390-47ab-b2af-236b62af9fc7;386.0;0.5;UNKNOWN
2016-01-23T00:38:55.000000;2016-01-23T00:38:55.000000;bb643a8f-8711-41d4-b3dd-9a59d721bdd9;386.13;0.26156687;UNKNOWN
2016-01-23T00:38:55.000000;2016-01-23T00:38:55.000000;1601ccdf-46c3-4d23-85a6-a4222cf6796f;386.0;0.7;UNKNOWN
2016-01-23T00:38:55.000000;2016-01-23T00:38:55.000000;e57a37f8-4260-4283-bf17-b8c70d1c4787;386.2;1.53843313;UNKNOWN
2016-01-23T00:38:55.000000;2016-01-23T00:38:55.000000;7fecfb42-ca7e-4e16-be69-09f3c9952ed9;386.2;10.0;UNKNOWN
2016-01-23T00:38:55.000000;2016-01-23T00:38:55.000000;da8a249d-547e-4540-9087-a0dbac49ca52;386.2;2.0;UNKNOWN
2016-01-23T00:38:59.000000;2016-01-23T00:38:59.000000;9c5bbe45-9f50-4e1a-b1b0-e65a95da45a6;385.31;0.2134722;UNKNOWN
2016-01-23T00:39:01.000000;2016-01-23T00:39:01.000000;ef10d843-cd0f-4533-b675-3eff9de9fb9f;386.19;1.0;UNKNOWN
2016-01-23T00:39:11.000000;2016-01-23T00:39:11.000000;1c76b566-19fb-43ce-82b1-c47170951a94;386.2;0.5;UNKNOWN
2016-01-23T00:39:11.000000;2016-01-23T00:39:11.000000;705cabc2-f47f-4d8b-8a5a-9275ca20809e;386.19;6.02;UNKNOWN
2016-01-23T00:39:11.000000;2016-01-23T00:39:11.000000;ce95a9d7-b882-4406-966f-d6a9d59c954e;386.19;0.5;UNKNOWN
2016-01-23T00:39:11.000000;2016-01-23T00:39:11.000000;1db9f3a6-9e3a-4b1f-93b5-9f40a37ab8b6;386.25;0.05;UNKNOWN
2016-01-23T00:39:11.000000;2016-01-23T00:39:11.000000;3b9c448f-e6c2-4d46-ac39-8eb1960b7fd7;386.2;8.05105557;UNKNOWN
2016-01-23T00:39:11.000000;2016-01-23T00:39:11.000000;cc20479d-4325-4722-b5c0-5cfe245cf3c4;386.25;0.05;UNKNOWN
2016-01-23T00:39:11.000000;2016-01-23T00:39:11.000000;b13395bd-ac75-4250-960c-43363845d3bf;386.36;2.04703851;UNKNOWN
2016-01-23T00:39:11.000000;2016-01-23T00:39:11.000000;3eafdb95-8ae5-42ed-bcc6-8a071d22c86c;386.35;0.25;UNKNOWN
2016-01-23T00:39:15.000000;2016-01-23T00:39:15.000000;9c41aa28-fbe3-4357-93d0-72d6f06c81eb;386.36;1.0;UNKNOWN
2016-01-23T00:39:20.000000;2016-01-23T00:39:20.000000;97df3f4a-f661-4ec4-8472-8ce6d6cda2f6;386.76;0.0502;UNKNOWN
2016-01-23T00:39:20.000000;2016-01-23T00:39:20.000000;fe4c2a46-5924-46b2-8de7-67737ce21064;386.88;11.81893251;UNKNOWN
2016-01-23T00:39:20.000000;2016-01-23T00:39:20.000000;adaf22b3-a03e-42de-9f92-ce919a7a0901;386.42;0.085106;UNKNOWN
2016-01-23T00:39:20.000000;2016-01-23T00:39:20.000000;a0c34920-d96c-4929-ba0e-fd0602b75b77;386.2;0.01;UNKNOWN
2016-01-23T00:39:20.000000;2016-01-23T00:39:20.000000;163fb24b-a63f-431c-a664-c6820d54fa4b;386.48;0.8818;UNKNOWN
2016-01-23T00:39:20.000000;2016-01-23T00:39:20.000000;96d3e45c-ac26-4c38-bb4e-172c3519b1fd;386.87;19.761;UNKNOWN
2016-01-23T00:39:20.000000;2016-01-23T00:39:20.000000;10e3c538-6963-4028-b596-0eda8d685cc6;386.52;0.05;UNKNOWN
2016-01-23T00:39:20.000000;2016-01-23T00:39:20.000000;3cfbc1ec-0d19-4a52-84c6-5f65cad0de60;386.67;0.4;UNKNOWN
2016-01-23T00:39:20.000000;2016-01-23T00:39:20.000000;c05392d4-3ca6-4994-9241-918722182542;386.36;6.95296149;UNKNOWN
2016-01-23T00:39:22.000000;2016-01-23T00:39:22.000000;65004a72-bdc0-47f9-bc36-72d33d110d0c;386.89;0.81893251;UNKNOWN
2016-01-23T00:39:22.000000;2016-01-23T00:39:22.000000;4b7b04db-f0f3-4394-98c6-d00366f87dc4;386.88;0.18106749;UNKNOWN
2016-01-23T00:39:26.000000;2016-01-23T00:39:26.000000;df91ea5e-5a29-4435-a4ad-ee5bb0ee3278;386.89;5.0;UNKNOWN
2016-01-23T00:39:28.000000;2016-01-23T00:39:28.000000;9d64b4cf-b742-4e42-ae9f-4d431e2a7614;386.24;0.01;UNKNOWN
2016-01-23T00:39:38.000000;2016-01-23T00:39:38.000000;1e6e8785-fae1-4d12-9ae6-210446316dac;386.27;0.2456;UNKNOWN
2016-01-23T00:39:38.000000;2016-01-23T00:39:38.000000;3b7309ca-0150-45e1-9da6-ace3b24fa205;386.27;0.01;UNKNOWN
2016-01-23T00:39:45.000000;2016-01-23T00:39:45.000000;7231aa37-74d6-41c5-bfd9-8c2f57a4fdec;386.31;0.01;UNKNOWN
2016-01-23T00:39:55.000000;2016-01-23T00:39:55.000000;29b46776-44f9-4658-950d-0bb81244006c;386.37;0.01;UNKNOWN
2016-01-23T00:40:03.000000;2016-01-23T00:40:03.000000;5f57b739-d6ed-47cd-b8e9-25d222b40801;386.42;0.01;UNKNOWN
2016-01-23T00:40:03.000000;2016-01-23T00:40:03.000000;9ebac47d-f717-418d-8625-1035aaa44814;386.4;0.05;UNKNOWN
2016-01-23T00:40:04.000000;2016-01-23T00:40:04.000000;68eafce9-74c6-4f92-b29f-b607600424dd;386.76;0.454384;UNKNOWN
2016-01-23T00:40:04.000000;2016-01-23T00:40:04.000000;510ecc79-c004-45f3-a523-779eeacc9964;386.8;0.25;UNKNOWN
2016-01-23T00:40:04.000000;2016-01-23T00:40:04.000000;341403f9-e88a-4da6-9d75-db7441d2b766;386.77;0.5;UNKNOWN
2016-01-23T00:40:04.000000;2016-01-23T00:40:04.000000;2d88038d-7928-49d3-8ea9-434564a196c5;386.99;0.91531848;UNKNOWN
2016-01-23T00:40:04.000000;2016-01-23T00:40:04.000000;784eb2d3-87c3-45ef-bce0-4a221ea6dd28;386.93;1.0;UNKNOWN
2016-01-23T00:40:04.000000;2016-01-23T00:40:04.000000;747cd425-86ce-43e9-90a4-12cc1b0bb9e5;386.77;0.5;UNKNOWN
2016-01-23T00:40:04.000000;2016-01-23T00:40:04.000000;7aeaa6f8-71d7-404b-962d-9e5186e8154e;386.83;0.1534;UNKNOWN
2016-01-23T00:40:04.000000;2016-01-23T00:40:04.000000;155b9113-7d27-482f-bbcc-346008bf1660;386.85;0.07023;UNKNOWN
2016-01-23T00:40:04.000000;2016-01-23T00:40:04.000000;01fe5561-a366-41ea-97bc-d14fbe2f2dad;386.77;0.5;UNKNOWN
2016-01-23T00:40:04.000000;2016-01-23T00:40:04.000000;5de290c8-4c34-4d21-84c7-51bc545d81f0;387.0;20.89898591;UNKNOWN
2016-01-23T00:40:04.000000;2016-01-23T00:40:04.000000;228114ac-466a-4a1a-8296-7063227ecf89;387.0;5.0;UNKNOWN
2016-01-23T00:40:04.000000;2016-01-23T00:40:04.000000;d457de62-5455-4908-bdb2-7f46a9bb7448;386.99;13.19;UNKNOWN
2016-01-23T00:40:04.000000;2016-01-23T00:40:04.000000;16afeea7-3d89-448f-b20f-d09392477263;387.0;0.05;UNKNOWN
2016-01-23T00:40:11.000000;2016-01-23T00:40:11.000000;d4b2a450-4ae3-44ab-ba02-f168c3e968ab;386.78;0.28;UNKNOWN
2016-01-23T00:40:11.000000;2016-01-23T00:40:11.000000;44826bf0-f2af-4e6e-8a05-4ff423e9c9bf;386.77;0.505177;UNKNOWN
2016-01-23T00:40:13.000000;2016-01-23T00:40:13.000000;a564db1d-085a-4c25-a2a5-b7708b50080e;386.78;0.01;UNKNOWN
2016-01-23T00:40:18.000000;2016-01-23T00:40:18.000000;5b5a9e45-45a2-4893-a649-3bc35221eaa5;386.8;1.7925;UNKNOWN
2016-01-23T00:40:22.000000;2016-01-23T00:40:22.000000;f541460e-51a7-4bdf-b495-2ae749e84088;386.78;0.01;UNKNOWN
2016-01-23T00:40:24.000000;2016-01-23T00:40:24.000000;538d0930-654f-4583-a1a4-ec1bc9461d6c;386.79;0.08324674;UNKNOWN
2016-01-23T00:40:27.000000;2016-01-23T00:40:27.000000;933b0f70-fcd7-4105-a631-f0f95981e818;386.8;0.5;UNKNOWN
2016-01-23T00:40:31.000000;2016-01-23T00:40:31.000000;5eb95f2e-32da-4e12-ab16-7439ff67db5e;386.76;0.1268;UNKNOWN
2016-01-23T00:40:31.000000;2016-01-23T00:40:31.000000;a9498717-deda-4bf7-b400-6f74c33a9688;386.75;0.1232;UNKNOWN
2016-01-23T00:40:34.000000;2016-01-23T00:40:34.000000;390f1daf-8b5c-4d74-a8db-e7b7abd650b3;386.8;0.1;UNKNOWN
2016-01-23T00:40:46.000000;2016-01-23T00:40:46.000000;bc08a0be-d9b4-42ff-8211-40a977681207;386.21;1.38;UNKNOWN
2016-01-23T00:40:51.000000;2016-01-23T00:40:51.000000;785ea905-a8b7-49a3-9890-e5f77b1a3d08;386.78;1.0;UNKNOWN
2016-01-23T00:40:51.000000;2016-01-23T00:40:51.000000;54d74a1b-70da-4346-9b55-cdd2c85cfa56;386.2;1.49;UNKNOWN
2016-01-23T00:40:51.000000;2016-01-23T00:40:51.000000;96936c76-f41f-4ad8-8e74-f8b97f66443d;385.75;8.79;UNKNOWN
2016-01-23T00:40:51.000000;2016-01-23T00:40:51.000000;dfb09dd1-3426-4290-820a-3088ef02a88b;384.95;32.109;UNKNOWN
2016-01-23T00:40:51.000000;2016-01-23T00:40:51.000000;b24cbc49-471f-4da4-92f5-4ba4ff53390c;384.96;17.277;UNKNOWN
2016-01-23T00:40:51.000000;2016-01-23T00:40:51.000000;5ec2ccde-5621-49ba-823c-04bf8997706f;384.96;20.0;UNKNOWN
2016-01-23T00:40:51.000000;2016-01-23T00:40:51.000000;87014686-de3e-46dd-9912-493652246f12;384.97;17.4183;UNKNOWN
2016-01-23T00:40:51.000000;2016-01-23T00:40:51.000000;52774565-80a0-4142-ba87-349515ae20c2;385.0;20.2753;UNKNOWN
2016-01-23T00:40:51.000000;2016-01-23T00:40:51.000000;e2f9bcf8-a30b-46c1-bbd1-7d9e113244bb;385.23;20.4161;UNKNOWN
2016-01-23T00:40:51.000000;2016-01-23T00:40:51.000000;339c4e19-1fa7-4139-8fc1-cf870338d585;385.49;20.2243;UNKNOWN
2016-01-23T00:40:51.000000;2016-01-23T00:40:51.000000;4d08f5d6-7a48-42ab-b7a8-35be2f990a43;386.55;0.5;UNKNOWN
2016-01-23T00:40:51.000000;2016-01-23T00:40:51.000000;186ed09c-9d08-4cea-865b-ec3c276c465e;386.21;1.5;UNKNOWN
2016-01-23T00:40:51.000000;2016-01-23T00:40:51.000000;8f48c8fb-bd66-4955-bd15-3d2a7dd80521;386.21;0.5;UNKNOWN
2016-01-23T00:40:51.000000;2016-01-23T00:40:51.000000;fce3a96a-ac9e-49ff-a657-1ef2e16e4f77;386.77;0.5;UNKNOWN
2016-01-23T00:40:55.000000;2016-01-23T00:40:55.000000;c9e4e25e-ab23-4501-907a-ed7553d79017;386.02;0.01;UNKNOWN
2016-01-23T00:41:08.000000;2016-01-23T00:41:08.000000;9b1770e8-a349-4db0-b541-76ed076c2c6d;384.99;5.0;UNKNOWN
2016-01-23T00:41:17.000000;2016-01-23T00:41:17.000000;bcda6a7d-0e1a-4c1a-875e-401d3146b084;385.01;3.0;UNKNOWN
2016-01-23T00:41:17.000000;2016-01-23T00:41:17.000000;7a320050-bf0d-423c-bfea-c27e6a13a720;384.99;6.4183;UNKNOWN
2016-01-23T00:41:17.000000;2016-01-23T00:41:17.000000;1c2e2c26-b40c-4ad6-9174-c9290e387d66;384.98;0.671;UNKNOWN
2016-01-23T00:41:17.000000;2016-01-23T00:41:17.000000;92a6c032-6200-41de-80c5-d0da000524a5;385.01;0.5;UNKNOWN
2016-01-23T00:41:17.000000;2016-01-23T00:41:17.000000;72b932fc-d183-4e68-a162-85c3efbeb9aa;384.98;0.274;UNKNOWN
2016-01-23T00:41:17.000000;2016-01-23T00:41:17.000000;4a3f4ecf-4361-49d1-8ac1-fab40cc745a5;384.98;0.676;UNKNOWN
2016-01-23T00:41:17.000000;2016-01-23T00:41:17.000000;75dc1961-b212-48e8-8986-59f7f3a85b49;384.98;0.327;UNKNOWN
2016-01-23T00:41:17.000000;2016-01-23T00:41:17.000000;b899b719-4bfc-4fb8-9e97-f46bde036aa3;384.98;0.288;UNKNOWN
2016-01-23T00:41:17.000000;2016-01-23T00:41:17.000000;ad9a8a19-51c0-40ef-85cb-16795be7ba43;384.98;0.364;UNKNOWN
2016-01-23T00:41:17.000000;2016-01-23T00:41:17.000000;b0d9fd4d-c0d8-44c1-977f-b5495707b263;384.98;0.27;UNKNOWN
2016-01-23T00:41:17.000000;2016-01-23T00:41:17.000000;857fce66-2ccd-4c2c-840e-7baf9ff3f7c4;384.98;0.287;UNKNOWN
2016-01-23T00:41:17.000000;2016-01-23T00:41:17.000000;8e1503eb-5a71-4e45-abd9-4aff29cf25c4;384.98;0.295;UNKNOWN
2016-01-23T00:41:17.000000;2016-01-23T00:41:17.000000;ea13877b-d64f-4142-8445-3c8b2b089c2c;384.98;0.278;UNKNOWN
2016-01-23T00:41:17.000000;2016-01-23T00:41:17.000000;fcf05d0f-1ed7-4fbd-be3c-4f4f0a080d33;384.98;0.278;UNKNOWN
2016-01-23T00:41:17.000000;2016-01-23T00:41:17.000000;15e7d4d9-62e4-48e6-923d-f6e105f430bd;384.98;0.272;UNKNOWN
2016-01-23T00:41:17.000000;2016-01-23T00:41:17.000000;9a539dab-0176-491e-9cb5-86fc5257b495;384.98;0.692;UNKNOWN
2016-01-23T00:41:17.000000;2016-01-23T00:41:17.000000;d6a160d4-111f-449c-a763-dce8ad8bb560;384.98;0.675;UNKNOWN
2016-01-23T00:41:17.000000;2016-01-23T00:41:17.000000;17944ff8-ba24-4cac-85cf-98f75391d97b;384.98;0.284;UNKNOWN
2016-01-23T00:41:17.000000;2016-01-23T00:41:17.000000;b65cb705-b848-477b-9ee7-e46aa564c60e;384.95;0.7417;UNKNOWN
2016-01-23T00:41:17.000000;2016-01-23T00:41:17.000000;b3d8b23a-5839-4485-bd17-1ff97c6d8cfa;384.98;0.694;UNKNOWN
2016-01-23T00:41:17.000000;2016-01-23T00:41:17.000000;af64cbbd-c5ef-407b-9251-b86dd84b91d3;384.98;0.5;UNKNOWN
2016-01-23T00:41:17.000000;2016-01-23T00:41:17.000000;deb2e25b-0551-4a8a-9199-46b1bf96ec0e;384.98;0.285;UNKNOWN
2016-01-23T00:41:17.000000;2016-01-23T00:41:17.000000;f760853c-42c7-4918-8921-303cee010a63;384.98;0.688;UNKNOWN
2016-01-23T00:41:17.000000;2016-01-23T00:41:17.000000;6170f803-ca5e-4665-8c10-a74327ce605c;384.98;0.692;UNKNOWN
2016-01-23T00:41:17.000000;2016-01-23T00:41:17.000000;098c62ac-de95-4ea9-83ad-1f3f2d84ebed;384.98;0.277;UNKNOWN
2016-01-23T00:41:17.000000;2016-01-23T00:41:17.000000;d8438339-3ea6-43c0-b6e4-314e1f3b2d11;384.98;0.273;UNKNOWN
2016-01-23T00:41:21.000000;2016-01-23T00:41:21.000000;7b525946-693c-4d90-afb4-9190d2f211a6;385.79;6.1527;UNKNOWN
2016-01-23T00:41:21.000000;2016-01-23T00:41:21.000000;d832520c-16ac-4759-af26-c42cbe1bd25f;385.7;0.1;UNKNOWN
2016-01-23T00:41:21.000000;2016-01-23T00:41:21.000000;254ea7ce-da33-43a3-9fea-c7eb3998c0bf;385.79;0.23259;UNKNOWN
2016-01-23T00:41:34.000000;2016-01-23T00:41:34.000000;51d8083e-6207-4ea5-871a-93855cd42d90;385.08;1.0;UNKNOWN
2016-01-23T00:41:40.000000;2016-01-23T00:41:40.000000;7ffbf4c2-fb89-4adc-87f4-a0700105d2f0;385.09;2.15;UNKNOWN
2016-01-23T00:41:40.000000;2016-01-23T00:41:40.000000;d1815605-1eb7-465a-9227-8640d4f24143;385.1;0.5;UNKNOWN
2016-01-23T00:41:40.000000;2016-01-23T00:41:40.000000;3b84dcd3-e03c-446f-be24-2c37e2563a34;385.1;3.0;UNKNOWN
2016-01-23T00:41:40.000000;2016-01-23T00:41:40.000000;3a44baa3-bffe-486d-a2b2-3b0944c8a4ea;385.11;19.35;UNKNOWN
2016-01-23T00:42:13.000000;2016-01-23T00:42:13.000000;fb23e2b3-9e33-45c2-a708-82aa86e40f1a;385.81;0.5;UNKNOWN
2016-01-23T00:42:13.000000;2016-01-23T00:42:13.000000;b5a59040-f603-451d-aec2-bcc52bdd5852;386.4;0.130741;UNKNOWN
2016-01-23T00:42:13.000000;2016-01-23T00:42:13.000000;a4c04753-67b8-4ac9-be50-c92d87d6e38d;385.81;0.5;UNKNOWN
2016-01-23T00:42:13.000000;2016-01-23T00:42:13.000000;6df8b404-8b48-40e4-adb2-55c137a8cf78;385.81;0.5;UNKNOWN
2016-01-23T00:42:13.000000;2016-01-23T00:42:13.000000;0ac2fd4f-4ee1-4022-9e03-a7751a23fb3b;385.97;0.469259;UNKNOWN
2016-01-23T00:42:13.000000;2016-01-23T00:42:13.000000;736bf4a7-0b36-4d25-b212-05c704edc082;385.99;0.25;UNKNOWN
2016-01-23T00:42:24.000000;2016-01-23T00:42:24.000000;9221fd9e-1e61-4a6c-9e56-987827675b7b;385.8;0.092517;UNKNOWN
2016-01-23T00:42:31.000000;2016-01-23T00:42:31.000000;15f61c40-3374-4c76-8cc6-5e614d404dfe;386.4;5.0;UNKNOWN
2016-01-23T00:42:35.000000;2016-01-23T00:42:35.000000;72f210f6-a8cb-4786-bb2d-5b645654f075;386.4;1.98780998;UNKNOWN
2016-01-23T00:42:43.000000;2016-01-23T00:42:43.000000;4449c0e5-f6c6-4e8c-a242-e61bedec1ab2;386.5;6.61855098;UNKNOWN
2016-01-23T00:42:43.000000;2016-01-23T00:42:43.000000;48372d75-8871-4a1d-8172-cde66e65bb0d;386.4;17.88144902;UNKNOWN
2016-01-23T00:42:43.000000;2016-01-23T00:42:43.000000;7e194615-4ab8-4f22-a465-fbae28710235;386.4;0.5;UNKNOWN
2016-01-23T00:42:53.000000;2016-01-23T00:42:53.000000;7b389da0-af32-4969-8aab-d4971fbd9e6a;386.5;0.07;UNKNOWN
2016-01-23T00:42:54.000000;2016-01-23T00:42:54.000000;abf6d29f-db47-4a6b-b2ec-e5a5b61cda17;386.5;2.6735;UNKNOWN
2016-01-23T00:42:58.000000;2016-01-23T00:42:58.000000;1a8f22d2-33e5-4030-9198-175815ad6b6f;386.21;0.05;UNKNOWN
2016-01-23T00:42:58.000000;2016-01-23T00:42:58.000000;2827a7dc-d3c2-4204-b202-e76517630569;386.54;0.4;UNKNOWN
2016-01-23T00:42:58.000000;2016-01-23T00:42:58.000000;19c127fc-3c5c-46e7-a40b-61f4bab43f2c;386.8;4.47109837;UNKNOWN
2016-01-23T00:42:59.000000;2016-01-23T00:42:59.000000;90ae608f-b562-4906-9e58-98924d7d3c9d;386.8;0.267;UNKNOWN
2016-01-23T00:43:00.000000;2016-01-23T00:43:00.000000;71cb969b-d234-41f3-acaa-b1c16e13392a;386.8;0.3;UNKNOWN
2016-01-23T00:43:02.000000;2016-01-23T00:43:02.000000;405d5b81-caed-4b83-8c16-a00607d8ae57;386.8;0.1;UNKNOWN
2016-01-23T00:43:08.000000;2016-01-23T00:43:08.000000;a00f3c59-f08c-4431-81ff-50a7bf19282a;386.8;0.01;UNKNOWN
2016-01-23T00:43:10.000000;2016-01-23T00:43:10.000000;c69797f5-5fb3-44e9-99d2-e1d2676f8c5e;386.8;0.01;UNKNOWN
2016-01-23T00:43:14.000000;2016-01-23T00:43:14.000000;d04348f6-927d-4a82-8e8f-533bab10eee5;386.8;2.4;UNKNOWN
2016-01-23T00:43:16.000000;2016-01-23T00:43:16.000000;72626c15-26d5-48cd-9894-02c9494c5ed0;386.99;0.063;UNKNOWN
2016-01-23T00:43:16.000000;2016-01-23T00:43:16.000000;9e06f39e-bad6-434d-8caf-ee1ead947a5a;386.87;0.5;UNKNOWN
2016-01-23T00:43:16.000000;2016-01-23T00:43:16.000000;99d41801-2a72-4389-8cef-1b9e958e0f2e;386.8;2.73920163;UNKNOWN
2016-01-23T00:43:16.000000;2016-01-23T00:43:16.000000;9233e9d4-5a14-424b-bb46-4ca877844c3c;386.89;0.25;UNKNOWN
2016-01-23T00:43:16.000000;2016-01-23T00:43:16.000000;4b8c3aea-6899-4775-b6b3-4f0af2a641a5;386.99;0.25;UNKNOWN
2016-01-23T00:43:16.000000;2016-01-23T00:43:16.000000;15d66e40-480c-4a85-a46c-2a7ba2b55a48;387.0;80.99911684;UNKNOWN
2016-01-23T00:43:17.000000;2016-01-23T00:43:17.000000;5f9d1827-a18d-4496-b91c-6dddfbe52149;387.0;11.48612644;UNKNOWN
2016-01-23T00:43:25.000000;2016-01-23T00:43:25.000000;7ca64cd3-414d-4361-bb33-123ea8dae6f2;386.99;20.0;UNKNOWN
2016-01-23T00:43:40.000000;2016-01-23T00:43:40.000000;ae124efe-11d0-4da2-b4f2-ca8cb5916948;386.99;0.35;UNKNOWN
2016-01-23T00:43:43.000000;2016-01-23T00:43:43.000000;123c20e9-1a55-43af-9a84-db6f4160362a;387.0;3.0;UNKNOWN
2016-01-23T00:43:45.000000;2016-01-23T00:43:45.000000;53092f19-506b-47e3-a094-89fd96c99368;387.0;0.5;UNKNOWN
2016-01-23T00:43:46.000000;2016-01-23T00:43:46.000000;741d7da9-3d15-49a1-a875-70a02627f9b7;387.0;0.1;UNKNOWN
2016-01-23T00:43:47.000000;2016-01-23T00:43:47.000000;919405b7-6870-490a-ab49-265bb9fa430e;387.0;0.4;UNKNOWN
2016-01-23T00:43:47.000000;2016-01-23T00:43:47.000000;1c700e56-4bda-40c3-9ac5-b403cafc6146;387.0;0.1;UNKNOWN
2016-01-23T00:43:48.000000;2016-01-23T00:43:48.000000;17b873e0-9aba-45b0-bb6b-cdd2f8d82bec;387.0;0.1;UNKNOWN
2016-01-23T00:43:48.000000;2016-01-23T00:43:48.000000;f1d23977-4dba-480a-85c3-2e5397adcf01;387.0;8.595;UNKNOWN
2016-01-23T00:43:48.000000;2016-01-23T00:43:48.000000;db461c37-6c05-4bc7-99cf-759f498be63d;387.0;8.709;UNKNOWN
2016-01-23T00:43:50.000000;2016-01-23T00:43:50.000000;579b8244-e23e-40c6-8500-22f59fcc5b60;387.0;0.5;UNKNOWN
2016-01-23T00:43:53.000000;2016-01-23T00:43:53.000000;b55fb174-f0d8-4a04-b064-7250646604d8;387.0;0.5;UNKNOWN
2016-01-23T00:43:53.000000;2016-01-23T00:43:53.000000;5fd8da7e-fa33-4c24-9816-3080a9b2474d;386.99;0.5;UNKNOWN
2016-01-23T00:43:54.000000;2016-01-23T00:43:54.000000;4b8c8c22-6715-4730-a5a3-d0d4e0675f6f;386.99;0.2468;UNKNOWN
2016-01-23T00:43:54.000000;2016-01-23T00:43:54.000000;769341d4-eb51-43c4-97b8-06415bb52c97;387.0;0.5;UNKNOWN
2016-01-23T00:43:55.000000;2016-01-23T00:43:55.000000;dd66664f-96c2-43f8-85ab-60a3d3a6d690;387.0;0.72;UNKNOWN
2016-01-23T00:43:56.000000;2016-01-23T00:43:56.000000;6cf4240e-ed0b-497a-b35b-0d3f070e071e;387.0;8.124;UNKNOWN
2016-01-23T00:43:56.000000;2016-01-23T00:43:56.000000;bd095d55-ab2b-44e1-8a11-c5a45a52c0c8;387.0;7.35;UNKNOWN
2016-01-23T00:43:56.000000;2016-01-23T00:43:56.000000;c1cfaf4b-623d-40c5-966b-31ad3163cd7b;387.0;0.01;UNKNOWN
2016-01-23T00:43:57.000000;2016-01-23T00:43:57.000000;3328ce58-4bf0-49a5-a400-3b39bb97270b;387.0;0.5;UNKNOWN
2016-01-23T00:43:57.000000;2016-01-23T00:43:57.000000;c79d3c56-63c8-4185-8bc6-ebdbb93d5f64;387.0;0.01;UNKNOWN
2016-01-23T00:43:57.000000;2016-01-23T00:43:57.000000;9c9feeb0-78d0-45d3-8412-d4f2a49ac7ab;386.99;0.2469;UNKNOWN
2016-01-23T00:43:57.000000;2016-01-23T00:43:57.000000;546c9b02-d5c6-4f4a-93d8-228f9a2a3b5c;387.0;20.0;UNKNOWN
2016-01-23T00:43:59.000000;2016-01-23T00:43:59.000000;0193ddc6-8a2f-472e-ac2f-d07b035ff401;387.0;0.01;UNKNOWN
2016-01-23T00:43:59.000000;2016-01-23T00:43:59.000000;6800b22f-ac18-4b7c-81c1-1afe1c98d7e4;387.0;0.01;UNKNOWN
2016-01-23T00:43:59.000000;2016-01-23T00:43:59.000000;561ad04c-67ad-4ece-a5c5-2d2fb1585209;387.0;0.5;UNKNOWN
2016-01-23T00:44:00.000000;2016-01-23T00:44:00.000000;da010236-59ea-4e5c-abe1-ae8ee36ee340;387.0;0.01;UNKNOWN
2016-01-23T00:44:00.000000;2016-01-23T00:44:00.000000;32212ed3-8d38-43c3-9381-3bb7e90c6491;387.0;3.06964281;UNKNOWN
2016-01-23T00:44:02.000000;2016-01-23T00:44:02.000000;574991ed-32c2-411b-9cf0-20e75ce2f057;387.0;0.5;UNKNOWN
2016-01-23T00:44:03.000000;2016-01-23T00:44:03.000000;2d7d7795-6f3d-405a-8603-9fcd5516ca24;386.99;0.05;UNKNOWN
2016-01-23T00:44:03.000000;2016-01-23T00:44:03.000000;11822de5-9d4e-4381-b95d-e95a1a3eb851;387.0;4.41;UNKNOWN
2016-01-23T00:44:03.000000;2016-01-23T00:44:03.000000;5ebea9fb-7197-40b7-a5d9-5ea47ed1788c;387.0;4.874;UNKNOWN
2016-01-23T00:44:04.000000;2016-01-23T00:44:04.000000;e6d4763c-64b2-4be4-af92-85f887813019;387.0;20.0;UNKNOWN
2016-01-23T00:44:04.000000;2016-01-23T00:44:04.000000;af8fdff9-f371-49b5-92e9-4534dedb4c59;387.0;0.25;UNKNOWN
2016-01-23T00:44:04.000000;2016-01-23T00:44:04.000000;64a471c3-e6db-4852-9d14-37d55ff733d0;387.0;142.95816245;UNKNOWN
2016-01-23T00:44:06.000000;2016-01-23T00:44:06.000000;c057eb00-12b5-49ca-91be-8ed3c7b0fec3;387.0;4.81;UNKNOWN
2016-01-23T00:44:07.000000;2016-01-23T00:44:07.000000;25ecc22a-6bfd-4bfb-b50b-5df6b33a05ab;387.0;25.0;UNKNOWN
2016-01-23T00:44:07.000000;2016-01-23T00:44:07.000000;b8cb4273-ada5-4869-bdf6-c6529df852d0;387.0;0.5;UNKNOWN
2016-01-23T00:44:08.000000;2016-01-23T00:44:08.000000;1dd32db9-9484-4196-bbb5-f7b6d8271352;387.0;119.99596555;UNKNOWN
2016-01-23T00:44:08.000000;2016-01-23T00:44:08.000000;a00a3c46-cf8c-45ad-a8a2-0e064a870cb3;387.19;0.05;UNKNOWN
2016-01-23T00:44:08.000000;2016-01-23T00:44:08.000000;3cb7a48b-05af-4bc5-99d6-d7699b744573;387.0;5.0;UNKNOWN
2016-01-23T00:44:08.000000;2016-01-23T00:44:08.000000;526c6128-fee2-4c79-9f43-1df73da20f42;387.29;0.05;UNKNOWN
2016-01-23T00:44:08.000000;2016-01-23T00:44:08.000000;7842f238-4a2d-4b89-96bc-bd88b92efbc7;387.0;0.255211;UNKNOWN
2016-01-23T00:44:08.000000;2016-01-23T00:44:08.000000;26096cbf-6a7d-4e46-93dc-1f94e7ba4d7c;387.0;0.23;UNKNOWN
2016-01-23T00:44:08.000000;2016-01-23T00:44:08.000000;0045d3c6-845d-4db3-a4d8-886dc74563c4;387.5;44.41882345;UNKNOWN
2016-01-23T00:44:10.000000;2016-01-23T00:44:10.000000;1f4160b3-dfe8-4c3c-a0bb-cf4178d24714;387.5;2.2;UNKNOWN
2016-01-23T00:44:13.000000;2016-01-23T00:44:13.000000;da3fb89e-d26d-42e7-8ec6-62b7693b10fe;387.5;1.26;UNKNOWN
2016-01-23T00:44:16.000000;2016-01-23T00:44:16.000000;1fd63037-f935-48b8-acae-68a0a001ba0a;387.5;0.5;UNKNOWN
2016-01-23T00:44:17.000000;2016-01-23T00:44:17.000000;9a1cef96-5af8-4c6b-9a18-d3a0e360e276;387.5;0.25;UNKNOWN
2016-01-23T00:44:19.000000;2016-01-23T00:44:19.000000;8ad74613-eb33-4041-a2ee-7213ced08a89;387.5;0.1;UNKNOWN
2016-01-23T00:44:20.000000;2016-01-23T00:44:20.000000;c8b62962-a402-4126-9122-e9dd35a9fa0b;387.5;0.1;UNKNOWN
2016-01-23T00:44:26.000000;2016-01-23T00:44:26.000000;3963020b-0ce0-48c9-adfb-d9f27e40d4a5;387.5;1.90882345;UNKNOWN
2016-01-23T00:44:26.000000;2016-01-23T00:44:26.000000;0e15eb8d-41bf-482a-9a37-04791c5632bb;387.5;25.0;UNKNOWN
2016-01-23T00:44:26.000000;2016-01-23T00:44:26.000000;23e206ce-9006-4887-9d22-6ceea3483561;387.5;1.17117655;UNKNOWN
2016-01-23T00:44:30.000000;2016-01-23T00:44:30.000000;e1b4df46-b2c6-4830-96e7-12b408b8077c;387.49;4.06485249;UNKNOWN
2016-01-23T00:44:30.000000;2016-01-23T00:44:30.000000;d91add4a-f856-4914-a93f-a498718d92f1;387.49;0.93514751;UNKNOWN
2016-01-23T00:44:51.000000;2016-01-23T00:44:51.000000;1deec888-47ed-4a64-8240-b51b2ad5115b;387.79;3.0;UNKNOWN
2016-01-23T00:44:51.000000;2016-01-23T00:44:51.000000;78fe5dcf-990a-4972-bb1d-ae593cabc7fd;387.79;6.0;UNKNOWN
2016-01-23T00:44:51.000000;2016-01-23T00:44:51.000000;82132953-f364-4227-be1f-8211ca4403fe;387.79;0.5;UNKNOWN
2016-01-23T00:44:58.000000;2016-01-23T00:44:58.000000;61481359-c9f0-4f1a-add8-3e56ece3b591;387.79;1.0;UNKNOWN
2016-01-23T00:45:04.000000;2016-01-23T00:45:04.000000;618ff194-1661-4608-83bc-9d4a8cd184fd;387.73;0.05;UNKNOWN
2016-01-23T00:45:05.000000;2016-01-23T00:45:05.000000;99d9fce9-73bb-48b5-90ac-e5e839c1ba20;387.9;8.3628899;UNKNOWN
2016-01-23T00:45:05.000000;2016-01-23T00:45:05.000000;5ec9135c-a9a1-4a63-9fb9-637e745134f0;387.79;6.3944;UNKNOWN
2016-01-23T00:45:05.000000;2016-01-23T00:45:05.000000;5e7e0108-b932-4077-b63e-36b64753e64d;387.8;2.0;UNKNOWN
2016-01-23T00:45:05.000000;2016-01-23T00:45:05.000000;243fb8b4-8059-4f50-afe3-4a73bd7d1bef;387.89;0.25;UNKNOWN
2016-01-23T00:45:05.000000;2016-01-23T00:45:05.000000;64efa344-87d7-41ab-bc5d-a4e712f6301f;387.77;0.05;UNKNOWN
2016-01-23T00:45:08.000000;2016-01-23T00:45:08.000000;67a1d2b8-f46a-4105-b1e3-818feb51453b;388.0;0.05;UNKNOWN
2016-01-23T00:45:08.000000;2016-01-23T00:45:08.000000;86340bba-47a7-4f49-8568-989bd3a5477d;388.0;4.0;UNKNOWN
2016-01-23T00:45:08.000000;2016-01-23T00:45:08.000000;c032e826-3449-4a63-bbff-45d7de1f5b0f;388.22;2.52377675;UNKNOWN
2016-01-23T00:45:08.000000;2016-01-23T00:45:08.000000;af7ae8b0-aff7-46d1-83d5-bdddb63c3729;388.0;0.15;UNKNOWN
2016-01-23T00:45:08.000000;2016-01-23T00:45:08.000000;e03a660f-6e0a-4dac-a680-3afe7fefa828;387.9;1.6371101;UNKNOWN
2016-01-23T00:45:08.000000;2016-01-23T00:45:08.000000;938f1b96-a52d-459b-86ea-8386e7fe631c;387.98;0.05;UNKNOWN
2016-01-23T00:45:19.000000;2016-01-23T00:45:19.000000;382e9e1a-6581-420a-9033-419e35c8f0a3;387.87;0.070165;UNKNOWN
2016-01-23T00:45:20.000000;2016-01-23T00:45:20.000000;aecec975-1de0-4fb8-b823-5dcac1eea4a3;388.22;0.01;UNKNOWN
2016-01-23T00:45:26.000000;2016-01-23T00:45:26.000000;67ac806e-696a-47af-95fa-1f49221d1049;388.21;1.0;UNKNOWN
2016-01-23T00:45:26.000000;2016-01-23T00:45:26.000000;a4dceed2-4fc9-4fd4-b106-27d5f228313c;388.21;3.0;UNKNOWN
2016-01-23T00:45:39.000000;2016-01-23T00:45:39.000000;992ca148-ae7e-4058-999e-57d57833a919;387.99;0.5;UNKNOWN
2016-01-23T00:45:44.000000;2016-01-23T00:45:44.000000;c70c00d3-f87c-434c-9599-08ed06123db1;388.2;0.15;UNKNOWN
2016-01-23T00:45:59.000000;2016-01-23T00:45:59.000000;ace73281-f4aa-4caf-afae-fa0ac2b79a29;387.99;0.85;UNKNOWN
2016-01-23T00:45:59.000000;2016-01-23T00:45:59.000000;fcec6ca5-2d34-4df0-84d9-a48530fcbecc;388.2;0.05;UNKNOWN
2016-01-23T00:45:59.000000;2016-01-23T00:45:59.000000;25f33485-cd8b-4acc-9666-79acc70603cd;388.0;0.5;UNKNOWN
2016-01-23T00:46:11.000000;2016-01-23T00:46:11.000000;288135bc-fff4-4aca-b177-f1e74456c096;387.87;0.029835;UNKNOWN
2016-01-23T00:46:11.000000;2016-01-23T00:46:11.000000;1742978c-c4e1-4959-b138-37c76e30c564;387.87;0.1;UNKNOWN
2016-01-23T00:46:11.000000;2016-01-23T00:46:11.000000;2185d606-4a39-438a-8fd4-da4faa371964;387.87;0.21360605;UNKNOWN
2016-01-23T00:46:11.000000;2016-01-23T00:46:11.000000;911b2c81-2bb2-4358-a802-40a90cb86238;387.87;0.11648765;UNKNOWN
2016-01-23T00:46:11.000000;2016-01-23T00:46:11.000000;69aee867-c125-4949-b9d7-51ad57729957;387.46;4.4400713;UNKNOWN
2016-01-23T00:46:11.000000;2016-01-23T00:46:11.000000;66ba24a5-5414-4c2f-b5e3-1a0f8c3d3021;387.87;0.1;UNKNOWN
2016-01-23T00:46:22.000000;2016-01-23T00:46:22.000000;4a52d907-101d-4572-a965-9e1ce11ce613;387.57;0.01;UNKNOWN
2016-01-23T00:46:24.000000;2016-01-23T00:46:24.000000;f0ebb880-cea5-499b-9564-bc0ca592e956;387.27;3.7393064;UNKNOWN
2016-01-23T00:46:51.000000;2016-01-23T00:46:51.000000;9fd85ca7-e005-4511-bb0d-ecd123c1bb16;387.46;0.5;UNKNOWN
2016-01-23T00:46:51.000000;2016-01-23T00:46:51.000000;a8e78698-e6d4-4fc0-8cdf-f796c255407d;387.46;0.0147163;UNKNOWN
2016-01-23T00:46:58.000000;2016-01-23T00:46:58.000000;d28ea7f4-a5dc-476b-adb3-0a870914934b;387.46;6.0;UNKNOWN
2016-01-23T00:47:00.000000;2016-01-23T00:47:00.000000;6fa2d59b-e19d-4d19-a77a-6a3e94c6b5a9;387.46;0.5;UNKNOWN
2016-01-23T00:47:00.000000;2016-01-23T00:47:00.000000;1526296c-d598-4690-8489-809475af6809;387.46;0.08;UNKNOWN
2016-01-23T00:47:04.000000;2016-01-23T00:47:04.000000;815935a2-3350-4c03-89ed-6c125aa8d856;387.65;0.5;UNKNOWN
2016-01-23T00:47:04.000000;2016-01-23T00:47:04.000000;747bf1d4-8f0a-4016-b2d0-2eadf4ce4dad;389.0;0.5;UNKNOWN
2016-01-23T00:47:04.000000;2016-01-23T00:47:04.000000;06b8e95a-6894-460f-bcdd-38a407d9ee9e;389.0;48.12553869;UNKNOWN
2016-01-23T00:47:04.000000;2016-01-23T00:47:04.000000;4147c36a-d1f9-4073-a1f2-5d4b2df32232;389.0;0.05;UNKNOWN
2016-01-23T00:47:04.000000;2016-01-23T00:47:04.000000;cafa269e-02f9-49b7-932d-b47c275afe77;388.93;6.25;UNKNOWN
2016-01-23T00:47:04.000000;2016-01-23T00:47:04.000000;3c20a955-53cb-4a18-87e4-f5dca680539b;388.19;18.0;UNKNOWN
2016-01-23T00:47:04.000000;2016-01-23T00:47:04.000000;a71a5d3f-4c9e-4d2c-a1c3-80c871b59ada;388.0;2.0;UNKNOWN
2016-01-23T00:47:04.000000;2016-01-23T00:47:04.000000;22d32a9b-03fd-4d70-aff5-16252cbeda45;389.0;5.0;UNKNOWN
2016-01-23T00:47:04.000000;2016-01-23T00:47:04.000000;64766709-5da0-4afe-843d-c0d6e61ae2cb;388.2;100.0;UNKNOWN
2016-01-23T00:47:04.000000;2016-01-23T00:47:04.000000;213745e6-bab8-4841-a8cb-c7109fb6a126;387.7;3.0;UNKNOWN
2016-01-23T00:47:04.000000;2016-01-23T00:47:04.000000;88f61551-a052-48ad-a298-04cbfb4bf4b8;388.19;12.0;UNKNOWN
2016-01-23T00:47:04.000000;2016-01-23T00:47:04.000000;1c7f0fb6-f3f9-4f02-a7aa-793bac73e62f;388.99;20.0;UNKNOWN
2016-01-23T00:47:04.000000;2016-01-23T00:47:04.000000;980166b0-ad6b-422e-8d07-ef1fa0670a02;388.22;10.0;UNKNOWN
2016-01-23T00:47:04.000000;2016-01-23T00:47:04.000000;b510efe2-fa36-491b-aefe-6cde2059d0be;387.4;7.61;UNKNOWN
2016-01-23T00:47:04.000000;2016-01-23T00:47:04.000000;8075f112-6640-42bb-89e1-2cff75507225;388.22;7.46622325;UNKNOWN
2016-01-23T00:47:04.000000;2016-01-23T00:47:04.000000;03cb9f5e-9e53-44ee-b0b7-6d394a66ee13;388.13;10.0;UNKNOWN
2016-01-23T00:47:04.000000;2016-01-23T00:47:04.000000;eecfa5f7-84d8-4dc1-9c9c-62f3722a930f;387.65;0.25;UNKNOWN
2016-01-23T00:47:04.000000;2016-01-23T00:47:04.000000;41a6a402-d1e4-4539-b3e7-1928b4cace8b;388.58;22.578;UNKNOWN
2016-01-23T00:47:04.000000;2016-01-23T00:47:04.000000;1e2d1652-0773-4388-880b-a5afd89c7571;388.65;0.25;UNKNOWN
2016-01-23T00:47:04.000000;2016-01-23T00:47:04.000000;4de436d7-7240-4b26-a326-6fea0c330e3b;388.9;2.0;UNKNOWN
2016-01-23T00:47:04.000000;2016-01-23T00:47:04.000000;92c46966-57f8-4bcd-8dca-cf29b3fc9ec5;388.82;0.05;UNKNOWN
2016-01-23T00:47:04.000000;2016-01-23T00:47:04.000000;141c6498-7cfa-4234-b726-3c2dc67a44a4;388.92;0.05;UNKNOWN
2016-01-23T00:47:04.000000;2016-01-23T00:47:04.000000;e3701d7b-1452-4bd7-a545-b2e65aeacfb0;388.67;1.0;UNKNOWN
2016-01-23T00:47:04.000000;2016-01-23T00:47:04.000000;3f0e4d56-9066-4a83-abbb-5586ef7f7319;388.85;23.7938;UNKNOWN
2016-01-23T00:47:04.000000;2016-01-23T00:47:04.000000;495d6da6-79a7-4b3d-b8bf-e4fef707706a;388.89;0.25;UNKNOWN
2016-01-23T00:47:05.000000;2016-01-23T00:47:05.000000;e528374a-4bb8-456d-a55c-fdb7ff1bdd75;387.0;0.25;UNKNOWN
2016-01-23T00:47:05.000000;2016-01-23T00:47:05.000000;e1a81bfd-0a96-48cb-9598-105de15ceb09;387.12;0.08;UNKNOWN
2016-01-23T00:47:06.000000;2016-01-23T00:47:06.000000;27c0e58b-4e9a-4bc2-9345-3efdaecf1592;387.0;0.5;UNKNOWN
2016-01-23T00:47:16.000000;2016-01-23T00:47:16.000000;64ba1ef5-7d9b-4120-925d-53aff6e514ce;386.99;0.01;UNKNOWN
2016-01-23T00:47:16.000000;2016-01-23T00:47:16.000000;a97656e2-875d-43fc-a5fc-fbcf2eaef7be;386.99;0.5;UNKNOWN
2016-01-23T00:47:16.000000;2016-01-23T00:47:16.000000;16da32fc-05c9-4b32-9c69-57a1f11739ec;386.99;0.01;UNKNOWN
2016-01-23T00:47:16.000000;2016-01-23T00:47:16.000000;a95f06ea-dd9f-4bf9-9c17-38bf0fd57799;387.0;2.67;UNKNOWN
2016-01-23T00:47:16.000000;2016-01-23T00:47:16.000000;d5f77199-16db-4818-8419-7f93937e7be0;386.99;0.33;UNKNOWN
2016-01-23T00:47:16.000000;2016-01-23T00:47:16.000000;ec3b91c3-a2c6-432e-8cdf-d22e86212cd6;386.99;0.15;UNKNOWN
2016-01-23T00:47:18.000000;2016-01-23T00:47:18.000000;d407760c-184c-4d2a-b822-80619cc7b3c5;388.93;0.5;UNKNOWN
2016-01-23T00:47:18.000000;2016-01-23T00:47:18.000000;d26da0a9-6cc3-4b0a-8eda-b94f9e7fc795;387.03;0.5;UNKNOWN
2016-01-23T00:47:18.000000;2016-01-23T00:47:18.000000;89768711-e527-49c0-a3e3-66956971193c;387.0;0.85194916;UNKNOWN
2016-01-23T00:47:19.000000;2016-01-23T00:47:19.000000;82bf6b71-f6ed-420e-9d6d-c45a6935a027;387.0;0.5;UNKNOWN
2016-01-23T00:47:37.000000;2016-01-23T00:47:37.000000;9f906c9c-f2d3-4752-b4f3-734f8598f308;387.25;0.01;UNKNOWN
2016-01-23T00:47:42.000000;2016-01-23T00:47:42.000000;cae95bd7-1523-47f3-86ac-1246e717ea41;387.3;1.76496606;UNKNOWN
2016-01-23T00:47:45.000000;2016-01-23T00:47:45.000000;16cbc712-b344-4713-b4e4-f549887295f3;387.31;5.0;UNKNOWN
2016-01-23T00:47:51.000000;2016-01-23T00:47:51.000000;04d71cf9-1267-4890-a868-29fa96ba6c37;387.31;0.5;UNKNOWN
2016-01-23T00:47:51.000000;2016-01-23T00:47:51.000000;4c9ccd82-114f-4f1f-bae5-554abdb75be2;387.35;0.5;UNKNOWN
2016-01-23T00:47:51.000000;2016-01-23T00:47:51.000000;bbf53595-391f-4e0a-8411-a08aca36ea46;387.36;18.57;UNKNOWN
2016-01-23T00:47:51.000000;2016-01-23T00:47:51.000000;e194b22b-b41d-41f1-bebe-272f53682deb;387.27;0.276;UNKNOWN
2016-01-23T00:47:51.000000;2016-01-23T00:47:51.000000;c413ad03-477b-493a-843b-e0c43aeb42a5;386.92;21.7184;UNKNOWN
2016-01-23T00:47:51.000000;2016-01-23T00:47:51.000000;9220a20f-74ed-4490-940b-3c4d00069023;387.01;21.4734;UNKNOWN
2016-01-23T00:47:51.000000;2016-01-23T00:47:51.000000;15831a24-3bad-43c1-ae6e-ad832ee4b107;387.35;3.0;UNKNOWN
2016-01-23T00:47:51.000000;2016-01-23T00:47:51.000000;b5ffc4b8-2514-40eb-8425-ccb8a8bdf639;387.2;23.6828;UNKNOWN
2016-01-23T00:47:51.000000;2016-01-23T00:47:51.000000;f6a286b1-b414-4ab5-9d6e-8ae626d0af13;387.27;0.31;UNKNOWN
2016-01-23T00:47:51.000000;2016-01-23T00:47:51.000000;abafc27a-bc0f-46a1-affb-31d71aef6c14;387.27;0.272;UNKNOWN
2016-01-23T00:47:51.000000;2016-01-23T00:47:51.000000;3293df67-9c2e-469f-9397-c00e65023727;386.63;22.2987;UNKNOWN
2016-01-23T00:47:51.000000;2016-01-23T00:47:51.000000;2bb089c4-be5f-4ed8-a8b9-92293bc5d71d;386.09;22.3183;UNKNOWN
2016-01-23T00:47:51.000000;2016-01-23T00:47:51.000000;8696e633-f33c-4242-89b8-2ca88fa32419;386.01;24.18524916;UNKNOWN
2016-01-23T00:47:51.000000;2016-01-23T00:47:51.000000;891fca3f-9e0c-4128-8f6c-9378ca16a68a;386.03;0.05;UNKNOWN
2016-01-23T00:47:51.000000;2016-01-23T00:47:51.000000;f9615e3b-1967-4607-a27e-d8759efb4d47;386.38;10.47;UNKNOWN
2016-01-23T00:47:51.000000;2016-01-23T00:47:51.000000;b07b68e1-992a-452c-a8c2-095e67122934;386.24;12.5;UNKNOWN
2016-01-23T00:47:51.000000;2016-01-23T00:47:51.000000;8d1f2b4e-157c-48f8-a617-b8f4ed3a5150;386.37;22.9671;UNKNOWN
2016-01-23T00:47:51.000000;2016-01-23T00:47:51.000000;74128606-85d3-42cb-9b57-8c1c2e959835;387.0;15.32805084;UNKNOWN
2016-01-23T00:47:51.000000;2016-01-23T00:47:51.000000;6b4ef901-bd4a-4dde-a905-93a6d94a3bd2;386.1;9.53;UNKNOWN
2016-01-23T00:47:51.000000;2016-01-23T00:47:51.000000;15001e99-292a-4cad-8784-342882cd260a;386.32;0.05;UNKNOWN
2016-01-23T00:47:52.000000;2016-01-23T00:47:52.000000;85307352-4d7f-44f5-ad1a-8d30833ee97f;387.35;3.0;UNKNOWN
2016-01-23T00:47:52.000000;2016-01-23T00:47:52.000000;541a3099-b7f0-4ac0-817b-66f72dc8cf27;387.02;10.0;UNKNOWN
2016-01-23T00:47:52.000000;2016-01-23T00:47:52.000000;58c0fc2f-a3c4-4f2b-b408-18697fa02744;387.35;0.5;UNKNOWN
2016-01-23T00:47:52.000000;2016-01-23T00:47:52.000000;052f0641-b02f-46ad-9214-9331d3ca49a4;387.34;0.5;UNKNOWN
2016-01-23T00:47:52.000000;2016-01-23T00:47:52.000000;0a6f9ff5-7450-4482-a1d8-43c10bf4c126;387.02;6.0;UNKNOWN
2016-01-23T00:47:53.000000;2016-01-23T00:47:53.000000;8ab034a0-df33-44f0-8da4-bffcaac316ec;387.02;6.0;UNKNOWN
2016-01-23T00:47:57.000000;2016-01-23T00:47:57.000000;ffa2999c-8d39-482b-9df8-aa676e9ad2d8;387.04;2.92;UNKNOWN
2016-01-23T00:47:57.000000;2016-01-23T00:47:57.000000;07a5cd0a-37c8-49a9-9e1e-930d6e09afcf;387.13;0.08;UNKNOWN
2016-01-23T00:48:02.000000;2016-01-23T00:48:02.000000;c0021c52-4ba5-4eb9-af75-07490e98c1ea;386.02;0.5;UNKNOWN
2016-01-23T00:48:02.000000;2016-01-23T00:48:02.000000;3f1eb5ff-55fd-4cfd-b981-bc3ef6f8020c;386.02;2.0;UNKNOWN
2016-01-23T00:48:09.000000;2016-01-23T00:48:09.000000;aabebf9c-c8c6-46c2-b137-f4ecfce84a3b;386.04;0.2;UNKNOWN
2016-01-23T00:48:21.000000;2016-01-23T00:48:21.000000;512897d9-f0fb-4010-a27f-44bfb824a1cd;386.09;2.0;UNKNOWN
2016-01-23T00:48:22.000000;2016-01-23T00:48:22.000000;25e885f1-d8d3-4ecb-8a04-1937b182fa7b;386.09;0.35;UNKNOWN
2016-01-23T00:48:23.000000;2016-01-23T00:48:23.000000;3fa377db-1a1b-41e4-9ec2-b3a28738e2eb;387.08;0.05;UNKNOWN
2016-01-23T00:48:33.000000;2016-01-23T00:48:33.000000;b22aa0bf-2b62-4fcd-b20e-c4c83291d7c3;387.04;0.040307;UNKNOWN
2016-01-23T00:48:33.000000;2016-01-23T00:48:33.000000;b5c32e4f-41ca-4139-94ac-64b36e60f560;387.04;0.05;UNKNOWN
2016-01-23T00:48:36.000000;2016-01-23T00:48:36.000000;7e02628e-c969-4144-abb7-c6df61300a86;386.17;0.05;UNKNOWN
2016-01-23T00:48:36.000000;2016-01-23T00:48:36.000000;a1eddc70-5430-4df5-938e-519c6c43e414;386.16;3.95;UNKNOWN
2016-01-23T00:48:47.000000;2016-01-23T00:48:47.000000;020b4e49-c517-4966-8acb-ccd6f49b04f2;386.2;0.03;UNKNOWN
2016-01-23T00:49:31.000000;2016-01-23T00:49:31.000000;377a0f41-7cee-4371-83f4-9504e0f145af;386.89;0.01;UNKNOWN
2016-01-23T00:49:31.000000;2016-01-23T00:49:31.000000;44886272-2fd2-4ddb-b7a7-25f46a3eee29;386.9;2.204;UNKNOWN
2016-01-23T00:50:01.000000;2016-01-23T00:50:01.000000;a30fd3fd-e7ff-4735-9d7e-642297e70692;386.55;4.0;UNKNOWN
2016-01-23T00:50:05.000000;2016-01-23T00:50:05.000000;d680096f-676c-4453-896c-9b987233ca0e;386.53;0.2;UNKNOWN
2016-01-23T00:50:08.000000;2016-01-23T00:50:08.000000;ae203844-5ef9-4cb8-8522-7f8ff741a5a4;386.84;20.14;UNKNOWN
2016-01-23T00:50:08.000000;2016-01-23T00:50:08.000000;dcda8627-c4b2-4c1f-b629-018f497d6e9d;387.21;5.0;UNKNOWN
2016-01-23T00:50:08.000000;2016-01-23T00:50:08.000000;6da7bb76-79c6-464e-b22f-a9fe17e07c68;386.85;0.5;UNKNOWN
2016-01-23T00:50:08.000000;2016-01-23T00:50:08.000000;cb081184-53be-4793-8247-4a0296a91d22;386.85;0.5;UNKNOWN
2016-01-23T00:50:08.000000;2016-01-23T00:50:08.000000;bb40a164-a4cb-4588-aeb3-a8632ce8cea1;386.87;0.25;UNKNOWN
2016-01-23T00:50:08.000000;2016-01-23T00:50:08.000000;adb07aec-28bd-413a-851c-b0bd08e155ab;386.84;6.3693;UNKNOWN
2016-01-23T00:50:08.000000;2016-01-23T00:50:08.000000;e720d797-2459-4fb9-8d98-4fbb6cec61e4;386.85;0.49;UNKNOWN
2016-01-23T00:50:08.000000;2016-01-23T00:50:08.000000;35714592-5fda-4de1-ab44-e4b28b172abd;386.85;0.5;UNKNOWN
2016-01-23T00:50:08.000000;2016-01-23T00:50:08.000000;23b581b3-8a02-4569-8f0c-21ad370a5ee5;387.78;10.2812;UNKNOWN
2016-01-23T00:50:08.000000;2016-01-23T00:50:08.000000;7b205ce4-f570-4731-ae66-b622e5c37f0b;387.78;14.52786217;UNKNOWN
2016-01-23T00:50:40.000000;2016-01-23T00:50:40.000000;b2a940fd-2c57-4cfd-ab38-3c14ef5eef7e;387.05;1.9;UNKNOWN
2016-01-23T00:50:40.000000;2016-01-23T00:50:40.000000;d1bc951d-a38b-49ca-b28b-98ae9ce90508;387.06;0.5;UNKNOWN
2016-01-23T00:50:48.000000;2016-01-23T00:50:48.000000;9716b911-47ef-41e2-a67b-f936fc720d36;387.0;12.5038;UNKNOWN
2016-01-23T00:50:48.000000;2016-01-23T00:50:48.000000;18494dbb-f3e4-40de-b866-3b8490ac4f2f;387.04;0.718;UNKNOWN
2016-01-23T00:50:48.000000;2016-01-23T00:50:48.000000;74a1c8ad-856c-4231-96b8-9ffd5dfb47cf;387.04;0.693;UNKNOWN
2016-01-23T00:50:48.000000;2016-01-23T00:50:48.000000;a6ff05d4-0bb9-4c68-a08d-8afe62379f66;387.04;0.691;UNKNOWN
2016-01-23T00:50:48.000000;2016-01-23T00:50:48.000000;8766c63f-e605-4c44-8509-784014035168;387.06;0.273;UNKNOWN
2016-01-23T00:50:48.000000;2016-01-23T00:50:48.000000;ecd39707-598e-4097-9dfe-e3f6015e3938;387.06;0.735;UNKNOWN
2016-01-23T00:50:48.000000;2016-01-23T00:50:48.000000;6e512b2b-8a7d-4b00-8c3b-741b34982b5d;387.04;0.658;UNKNOWN
2016-01-23T00:50:48.000000;2016-01-23T00:50:48.000000;adc89667-4048-43fa-9e88-75e993bf7fd6;387.06;0.748;UNKNOWN
2016-01-23T00:50:48.000000;2016-01-23T00:50:48.000000;8eb6e6b6-78f6-40d0-8610-231c5befd196;387.06;0.727;UNKNOWN
2016-01-23T00:50:48.000000;2016-01-23T00:50:48.000000;c8b7aff8-5753-4362-bc5c-efdee86ebfd7;387.06;0.715;UNKNOWN
2016-01-23T00:50:48.000000;2016-01-23T00:50:48.000000;bd367914-e471-460f-9b45-324c787c7510;387.06;0.69;UNKNOWN
2016-01-23T00:50:48.000000;2016-01-23T00:50:48.000000;504d69cd-a24b-4230-99e7-1277f36e305d;387.06;0.31;UNKNOWN
2016-01-23T00:50:48.000000;2016-01-23T00:50:48.000000;7d717158-228c-498c-9dcc-5e96509752b8;387.04;0.711;UNKNOWN
2016-01-23T00:50:48.000000;2016-01-23T00:50:48.000000;b6c4d153-c360-470b-936f-548787a89bc0;387.06;0.709;UNKNOWN
2016-01-23T00:50:48.000000;2016-01-23T00:50:48.000000;0642f470-931f-4b72-82b4-a66380302cc8;387.06;0.669;UNKNOWN
2016-01-23T00:50:48.000000;2016-01-23T00:50:48.000000;0689e2a1-c53e-4559-a9d9-71703b7c3582;387.06;0.705;UNKNOWN
2016-01-23T00:50:48.000000;2016-01-23T00:50:48.000000;248c1c5c-018f-41aa-a751-0e1e93ec2015;387.06;0.272;UNKNOWN
2016-01-23T00:50:48.000000;2016-01-23T00:50:48.000000;adf1a52c-3c97-4107-b2b8-bf145502a357;387.08;6.4212;UNKNOWN
2016-01-23T00:50:48.000000;2016-01-23T00:50:48.000000;76e52320-21dc-4748-a2b5-b32d23370d50;387.06;0.277;UNKNOWN
2016-01-23T00:50:48.000000;2016-01-23T00:50:48.000000;9dfeb889-fc58-4764-946e-a4e33cfdbba2;387.06;0.5;UNKNOWN
2016-01-23T00:50:48.000000;2016-01-23T00:50:48.000000;473f3e50-e7d9-48e8-aac0-b013eda42be5;387.06;0.274;UNKNOWN
2016-01-23T00:51:03.000000;2016-01-23T00:51:03.000000;b658b1ea-767c-4a60-80db-a4fb5d36eec2;387.06;0.01;UNKNOWN
2016-01-23T00:51:05.000000;2016-01-23T00:51:05.000000;3996e9b3-a6f7-4ff0-87e1-0f0bdc5b91eb;387.85;8.704;UNKNOWN
2016-01-23T00:51:05.000000;2016-01-23T00:51:05.000000;537f311a-7413-4328-8d5f-97813d2b6f73;387.85;0.5;UNKNOWN
2016-01-23T00:51:05.000000;2016-01-23T00:51:05.000000;d4ead924-3d2f-4ddd-a17a-e0c234c88b38;387.68;0.5;UNKNOWN
2016-01-23T00:51:05.000000;2016-01-23T00:51:05.000000;319c170e-5eea-4d05-bf2d-68dc4c786e7f;387.69;0.5;UNKNOWN
2016-01-23T00:51:05.000000;2016-01-23T00:51:05.000000;a6a11260-e0a1-42db-a3f2-45ae748ff4cf;387.68;0.5;UNKNOWN
2016-01-23T00:51:05.000000;2016-01-23T00:51:05.000000;a21e6655-0084-41dd-9b3a-9b05951d1930;387.86;3.0;UNKNOWN
2016-01-23T00:51:05.000000;2016-01-23T00:51:05.000000;072a96e9-0ff4-4f52-8327-a80afc69ae92;387.7;0.3;UNKNOWN
2016-01-23T00:51:05.000000;2016-01-23T00:51:05.000000;fe383a94-18a8-454e-9db9-6d09297b1929;387.69;0.2;UNKNOWN
2016-01-23T00:51:05.000000;2016-01-23T00:51:05.000000;f51e0b9f-d2a5-4a23-8071-1fffd9419aa5;387.86;6.0;UNKNOWN
2016-01-23T00:51:05.000000;2016-01-23T00:51:05.000000;7f3da873-c62d-478f-83c8-d3f59e883e6f;387.87;3.2;UNKNOWN
2016-01-23T00:51:05.000000;2016-01-23T00:51:05.000000;d6ef4f14-63f4-4ea7-be23-094eb492ac9a;387.87;5.01402113;UNKNOWN
2016-01-23T00:51:06.000000;2016-01-23T00:51:06.000000;50e94e8f-4dc3-4982-8c18-946a8212ee71;387.08;0.01;UNKNOWN
2016-01-23T00:51:10.000000;2016-01-23T00:51:10.000000;37808c2a-8a6f-4201-85be-ede65741413b;387.1;1.0;UNKNOWN
2016-01-23T00:51:22.000000;2016-01-23T00:51:22.000000;fca2d12e-5bc4-4e8d-82f1-f459403961b3;387.14;1.34543292;UNKNOWN
2016-01-23T00:51:23.000000;2016-01-23T00:51:23.000000;3322411a-afcb-4c9d-8423-338f7a10c195;387.13;0.5;UNKNOWN
2016-01-23T00:51:23.000000;2016-01-23T00:51:23.000000;ad44654b-24b8-4e5b-b05e-ba9f7b06aedb;387.12;2.5;UNKNOWN
2016-01-23T00:51:33.000000;2016-01-23T00:51:33.000000;a87831e4-9153-42c0-acdf-00c0f63ff7d2;387.14;0.2413;UNKNOWN
2016-01-23T00:51:33.000000;2016-01-23T00:51:33.000000;7c096c9b-d1c3-4e67-9102-962b9d2ec8e6;387.14;0.721;UNKNOWN
2016-01-23T00:51:33.000000;2016-01-23T00:51:33.000000;1ee58dbe-198f-42e0-98f5-d091768692e5;387.14;0.716;UNKNOWN
2016-01-23T00:51:33.000000;2016-01-23T00:51:33.000000;c83de7e4-1209-4535-8141-bb0b404512db;387.14;0.709;UNKNOWN
2016-01-23T00:51:33.000000;2016-01-23T00:51:33.000000;e0f3f8aa-53b3-4a53-80a2-098076f7c00f;387.14;0.677;UNKNOWN
2016-01-23T00:51:33.000000;2016-01-23T00:51:33.000000;befc8df7-8e85-4cb9-b490-5cc6a1884796;387.14;0.28;UNKNOWN
2016-01-23T00:51:33.000000;2016-01-23T00:51:33.000000;3db8b771-2c21-4192-a970-5a29d09ecf5e;387.14;0.659;UNKNOWN
2016-01-23T00:51:33.000000;2016-01-23T00:51:33.000000;a1f2411a-7613-4f3b-ae45-5b3c7dada4a7;387.14;0.67;UNKNOWN
2016-01-23T00:51:33.000000;2016-01-23T00:51:33.000000;27f0c177-31d9-4884-8aa0-45935fef131b;387.14;0.679;UNKNOWN
2016-01-23T00:51:33.000000;2016-01-23T00:51:33.000000;62dd6419-a087-4092-b5f4-3b7e600313b6;387.14;0.311;UNKNOWN
2016-01-23T00:51:33.000000;2016-01-23T00:51:33.000000;9bf4a7b7-c297-421f-b9c4-d6843ea58e5b;387.14;0.749;UNKNOWN
2016-01-23T00:51:33.000000;2016-01-23T00:51:33.000000;eea40f33-9c81-47d2-b180-44fd24763b70;387.14;0.728;UNKNOWN
2016-01-23T00:51:33.000000;2016-01-23T00:51:33.000000;9ddf15c8-06b6-4c06-a188-a45960a6077f;387.14;0.674;UNKNOWN
2016-01-23T00:51:33.000000;2016-01-23T00:51:33.000000;99c4afc4-52d2-4451-956a-616f210d8a55;387.14;0.667;UNKNOWN
2016-01-23T00:51:33.000000;2016-01-23T00:51:33.000000;0f87ddf9-3eab-4bd7-a00f-5d89bb93f6ab;387.14;0.712;UNKNOWN
2016-01-23T00:51:33.000000;2016-01-23T00:51:33.000000;0bf8ddf8-e901-4e3c-adbb-81cf692d1195;387.15;6.3627;UNKNOWN
2016-01-23T00:51:33.000000;2016-01-23T00:51:33.000000;f57ec10b-4f14-4e71-b5cd-bf46d6b6dda0;387.14;0.743;UNKNOWN
2016-01-23T00:51:33.000000;2016-01-23T00:51:33.000000;4133fd93-034b-4bf3-85f3-fa87de413673;387.14;0.71;UNKNOWN
2016-01-23T00:51:33.000000;2016-01-23T00:51:33.000000;1c28e03d-cd72-4740-8cf9-6f9af08461cc;387.14;0.691;UNKNOWN
2016-01-23T00:51:40.000000;2016-01-23T00:51:40.000000;7311671a-fe14-4617-aac9-df07117d047d;387.69;0.2579;UNKNOWN
2016-01-23T00:51:41.000000;2016-01-23T00:51:41.000000;b2e0b99b-8ec1-4990-93c8-46f671bfb078;387.69;0.08;UNKNOWN
2016-01-23T00:51:43.000000;2016-01-23T00:51:43.000000;56225007-0d47-49c4-a43e-351b3b6a26b8;387.18;0.5;UNKNOWN
2016-01-23T00:51:49.000000;2016-01-23T00:51:49.000000;4d55035e-8dde-4ea6-90df-d33a8491e688;387.16;0.665;UNKNOWN
2016-01-23T00:51:49.000000;2016-01-23T00:51:49.000000;bda4e322-5ec1-4c6e-9c89-b8e55af20e1e;387.16;0.535;UNKNOWN
2016-01-23T00:51:55.000000;2016-01-23T00:51:55.000000;3bd739ea-6c2e-4407-930b-d98a75f0764f;387.16;0.1;UNKNOWN
2016-01-23T00:52:06.000000;2016-01-23T00:52:06.000000;91977a0f-23ff-4422-b765-c22691d09ce3;387.14;2.961;UNKNOWN
2016-01-23T00:52:06.000000;2016-01-23T00:52:06.000000;3efbe452-c919-419c-ab12-ce92cf6ff694;387.16;0.039;UNKNOWN
2016-01-23T00:52:21.000000;2016-01-23T00:52:21.000000;2fd95d70-16b8-46d2-9196-be1848686774;387.38;0.08;UNKNOWN
2016-01-23T00:52:26.000000;2016-01-23T00:52:26.000000;b4c6f040-1839-4041-9ba9-2a54333fa236;387.0;0.5;UNKNOWN
2016-01-23T00:52:26.000000;2016-01-23T00:52:26.000000;6722bf7c-3950-4142-9be8-6b2cff3eae55;387.13;0.51415138;UNKNOWN
2016-01-23T00:52:27.000000;2016-01-23T00:52:27.000000;32798e7d-1ff5-4443-9eba-505ccf63a774;387.0;1.0;UNKNOWN
2016-01-23T00:52:28.000000;2016-01-23T00:52:28.000000;682b7874-5fb3-49fc-a0c9-83eb04d53422;386.28;4.03;UNKNOWN
2016-01-23T00:52:28.000000;2016-01-23T00:52:28.000000;e1ee5b31-f27b-4738-b7b7-e2deca017acd;386.31;3.0;UNKNOWN
2016-01-23T00:52:45.000000;2016-01-23T00:52:45.000000;f86f9cfb-c79f-4378-8905-04ddabe32371;386.91;0.42;UNKNOWN
2016-01-23T00:52:45.000000;2016-01-23T00:52:45.000000;cba88740-5ece-4016-a6f5-4752b35cd50c;386.91;12.0;UNKNOWN
2016-01-23T00:52:45.000000;2016-01-23T00:52:45.000000;ac9042ab-1921-415e-8d28-4dfdf5d08e04;386.91;3.0;UNKNOWN
2016-01-23T00:52:45.000000;2016-01-23T00:52:45.000000;70835842-18e3-47b4-9955-3c2db65c7e07;386.32;0.25;UNKNOWN
2016-01-23T00:52:45.000000;2016-01-23T00:52:45.000000;5f3d51e3-462c-4b03-a997-631d02fa1b24;386.91;6.0;UNKNOWN
2016-01-23T00:53:00.000000;2016-01-23T00:53:00.000000;559eb63a-5986-4144-8b2a-fd49acda3dda;387.16;0.04;UNKNOWN
2016-01-23T00:53:00.000000;2016-01-23T00:53:00.000000;bfe64e0f-54d1-4581-aacb-d08c7aac4299;386.94;0.9944;UNKNOWN
2016-01-23T00:53:02.000000;2016-01-23T00:53:02.000000;deb58c3d-797d-4162-ba50-2bdd9a5e171e;386.94;0.9942;UNKNOWN
2016-01-23T00:53:04.000000;2016-01-23T00:53:04.000000;34d6a95f-5b9e-486f-a6b9-470c2574ac8d;386.94;4.3851;UNKNOWN
2016-01-23T00:53:04.000000;2016-01-23T00:53:04.000000;680820b7-8088-4cfb-a820-7651a2a8e463;386.93;29.66756685;UNKNOWN
2016-01-23T00:53:04.000000;2016-01-23T00:53:04.000000;281b1f04-f174-4020-b701-670372bf9a6a;386.94;0.5;UNKNOWN
2016-01-23T00:53:06.000000;2016-01-23T00:53:06.000000;afa619c0-8182-494c-8764-893e62bee7b2;386.25;0.995;UNKNOWN
2016-01-23T00:53:11.000000;2016-01-23T00:53:11.000000;1a787a62-a877-4d2c-aa7b-982ba47a820e;386.86;1.385;UNKNOWN
2016-01-23T00:54:05.000000;2016-01-23T00:54:05.000000;538ea7e9-87b7-4da9-af83-ca9d78afa45d;386.41;0.1980642;UNKNOWN
2016-01-23T00:54:12.000000;2016-01-23T00:54:12.000000;13cbe913-cda3-4c1a-9c69-704ddb96da46;386.61;2.124062;UNKNOWN
2016-01-23T00:54:12.000000;2016-01-23T00:54:12.000000;a9e05ef2-c51d-4c39-acf0-df0f841c3de1;386.6;0.2;UNKNOWN
2016-01-23T00:54:15.000000;2016-01-23T00:54:15.000000;df12dcad-40a6-4dbf-a380-98cfff53b3c8;386.44;0.272;UNKNOWN
2016-01-23T00:54:19.000000;2016-01-23T00:54:19.000000;2d4c7a5a-a9d0-4175-b73e-40147b7ffeff;386.4;0.719;UNKNOWN
2016-01-23T00:54:28.000000;2016-01-23T00:54:28.000000;03888be6-0896-4a87-bcea-c016d179485e;386.39;0.35;UNKNOWN
2016-01-23T00:54:31.000000;2016-01-23T00:54:31.000000;0fa0fc50-386b-48f6-9afa-57e6efcc28fd;386.39;1.55442157;UNKNOWN
2016-01-23T00:54:31.000000;2016-01-23T00:54:31.000000;32990f9e-a9ce-4900-9c34-aba38117e7ec;386.39;0.1;UNKNOWN
2016-01-23T00:55:06.000000;2016-01-23T00:55:06.000000;54b7aca2-03d4-4b47-890b-65d898d65d9b;386.4;4.12746363;UNKNOWN
2016-01-23T00:55:06.000000;2016-01-23T00:55:06.000000;72527cd0-6e13-4028-97e4-b07c97d7c98b;386.34;2.69648644;UNKNOWN
2016-01-23T00:55:13.000000;2016-01-23T00:55:13.000000;98f29209-9de9-4480-9834-d8369b10744b;386.37;0.04399;UNKNOWN
2016-01-23T00:55:19.000000;2016-01-23T00:55:19.000000;531b0d95-36ca-428f-9dd5-3faa143506d9;386.44;0.5;UNKNOWN
2016-01-23T00:55:19.000000;2016-01-23T00:55:19.000000;54d4ff55-8065-499b-bddb-8e6e722d51ac;386.86;0.58754786;UNKNOWN
2016-01-23T00:55:19.000000;2016-01-23T00:55:19.000000;550ab6df-83b2-424d-8b21-8668050396a9;386.4;4.88153637;UNKNOWN
2016-01-23T00:55:19.000000;2016-01-23T00:55:19.000000;b73b9b97-b354-4e45-8a63-b71aede6fa3b;386.6;0.25;UNKNOWN
2016-01-23T00:55:31.000000;2016-01-23T00:55:31.000000;45a5da89-a9c3-4448-b7c6-c9fc94aeb6e7;386.45;7.0;UNKNOWN
2016-01-23T00:55:31.000000;2016-01-23T00:55:31.000000;d05163c9-c13d-4404-a068-69e984e2e594;386.45;18.0;UNKNOWN
2016-01-23T00:56:04.000000;2016-01-23T00:56:04.000000;4a44b7fa-479d-4e78-8634-b12a796de4d8;386.64;0.1;UNKNOWN
2016-01-23T00:56:05.000000;2016-01-23T00:56:05.000000;b9fdf024-18a6-41bc-b154-79fbdb456edd;386.65;0.1;UNKNOWN
2016-01-23T00:56:06.000000;2016-01-23T00:56:06.000000;ed0c60af-6741-479e-b950-b7154ff9e4bb;386.65;0.1;UNKNOWN
2016-01-23T00:57:19.000000;2016-01-23T00:57:19.000000;e5db130b-65f0-4818-8e8e-6f87b93d15a8;386.8;21.5032;UNKNOWN
2016-01-23T00:58:03.000000;2016-01-23T00:58:03.000000;ecadd49b-462d-464d-a244-fb29aaf556ec;387.26;3.0;UNKNOWN
2016-01-23T00:58:03.000000;2016-01-23T00:58:03.000000;6e36e0ab-8597-43c2-8ea6-6bfc7c63ea61;387.28;12.0;UNKNOWN
2016-01-23T00:58:03.000000;2016-01-23T00:58:03.000000;36f85c68-b9d3-4845-ac01-66892d10be4a;386.87;0.5;UNKNOWN
2016-01-23T00:58:03.000000;2016-01-23T00:58:03.000000;1a38b8d6-fc27-410c-904d-23351b1bb429;387.15;0.25;UNKNOWN
2016-01-23T00:58:03.000000;2016-01-23T00:58:03.000000;b54def69-1a7a-459d-b6aa-9b09aafdecca;387.29;5.43063856;UNKNOWN
2016-01-23T00:58:03.000000;2016-01-23T00:58:03.000000;2493a3f0-e4d5-44dd-a0e5-8bbf40e30145;386.87;0.069966;UNKNOWN
2016-01-23T00:58:03.000000;2016-01-23T00:58:03.000000;9d9816b7-4574-4027-8f01-d24eac81025c;386.99;0.25;UNKNOWN
2016-01-23T00:58:03.000000;2016-01-23T00:58:03.000000;6ac2d8ae-b4d3-40e3-9a1c-6f4964ddce6f;386.82;2.0;UNKNOWN
2016-01-23T00:58:03.000000;2016-01-23T00:58:03.000000;84f83567-c53d-4e34-af4f-a5b07b67b9b9;387.27;6.0;UNKNOWN
2016-01-23T00:58:03.000000;2016-01-23T00:58:03.000000;c1b70a1a-019f-42bc-a269-1b63e52c6ce2;387.0;2.45;UNKNOWN
2016-01-23T00:59:04.000000;2016-01-23T00:59:04.000000;de9f27a8-0bd6-4675-a6f6-ebb1364003ec;387.01;2.6448;UNKNOWN
2016-01-23T00:59:04.000000;2016-01-23T00:59:04.000000;6de7b375-ea8b-4f26-b7ed-ca9c857a673e;387.01;6.0;UNKNOWN
2016-01-23T00:59:19.000000;2016-01-23T00:59:19.000000;ce93696e-a5cf-4cf9-a850-b610769d39f1;387.01;0.2;UNKNOWN
2016-01-23T00:59:24.000000;2016-01-23T00:59:24.000000;77b747b1-3c78-4c6f-90d2-0f7eaab7522a;387.01;0.2;UNKNOWN
2016-01-23T00:59:27.000000;2016-01-23T00:59:27.000000;41621cbc-2124-4569-b687-13d37f31e4c6;387.39;0.08;UNKNOWN
2016-01-23T00:59:27.000000;2016-01-23T00:59:27.000000;68ec897c-0e29-4482-898a-c06724c7747c;387.01;0.8261;UNKNOWN
2016-01-23T00:59:28.000000;2016-01-23T00:59:28.000000;53e88bae-9083-4c7f-9d0f-03f0e393033a;387.39;0.1;UNKNOWN
2016-01-23T00:59:34.000000;2016-01-23T00:59:34.000000;1ff1c0c3-a2a2-4215-b97a-a810ea3f48bc;387.39;0.1;UNKNOWN
2016-01-23T00:59:36.000000;2016-01-23T00:59:36.000000;b779fdaa-1b2b-4683-9ccb-bb62bafef71a;387.39;0.4;UNKNOWN
2016-01-23T00:59:36.000000;2016-01-23T00:59:36.000000;e1129b7e-8b01-48b0-bf05-c9b47aeef048;387.4;0.21;UNKNOWN
2016-01-23T01:00:02.000000;2016-01-23T01:00:02.000000;7aeb91ac-ca2b-410f-98d7-b6cb82b4dc8b;387.1;0.081;UNKNOWN
2016-01-23T01:00:04.000000;2016-01-23T01:00:04.000000;2e13b270-8350-432a-a2dd-5a95947f2c8e;387.4;0.04;UNKNOWN
2016-01-23T01:00:04.000000;2016-01-23T01:00:04.000000;65d2338b-176f-40ce-a2f3-06a716ab5b40;387.46;0.5;UNKNOWN
2016-01-23T01:00:04.000000;2016-01-23T01:00:04.000000;7cbc6923-b39c-42a8-9764-32e3da9f8315;387.5;5.26136245;UNKNOWN
2016-01-23T01:00:04.000000;2016-01-23T01:00:04.000000;9672522a-e13c-4052-8d65-3293554aba70;387.46;0.069927;UNKNOWN
2016-01-23T01:00:06.000000;2016-01-23T01:00:06.000000;b8b65609-82ab-4786-b694-b26e89ca5fa6;387.5;27.92907478;UNKNOWN
2016-01-23T01:00:07.000000;2016-01-23T01:00:07.000000;a5b69799-4bc9-4f19-9b3f-302b672647e3;387.52;3.09357432;UNKNOWN
2016-01-23T01:00:07.000000;2016-01-23T01:00:07.000000;81472d93-bb55-4929-8a35-049da7b666ea;387.5;8.3248516;UNKNOWN
2016-01-23T01:00:07.000000;2016-01-23T01:00:07.000000;ece6f1d4-7aa8-4010-9641-a3ab2efd7e10;387.52;0.06810112;UNKNOWN
2016-01-23T01:00:07.000000;2016-01-23T01:00:07.000000;e8c0dc3e-2be9-48fb-ae5d-61b5d6059fed;387.5;2.87726521;UNKNOWN
2016-01-23T01:00:07.000000;2016-01-23T01:00:07.000000;f79436ed-4cc6-4a70-9701-b1778b69050d;387.5;1.98590841;UNKNOWN
2016-01-23T01:00:08.000000;2016-01-23T01:00:08.000000;10faf857-4df4-4f0d-b358-463c23cbfef8;387.6;0.25;UNKNOWN
2016-01-23T01:00:08.000000;2016-01-23T01:00:08.000000;d0e17a6b-210b-4f37-af61-e0aba781b4a5;387.78;24.008;UNKNOWN
2016-01-23T01:00:08.000000;2016-01-23T01:00:08.000000;c061a525-9795-47cd-9b34-bd4637366ae3;387.92;0.4;UNKNOWN
2016-01-23T01:00:08.000000;2016-01-23T01:00:08.000000;d5f97224-5b2c-4171-9442-9f6e7f533ec1;388.0;0.1;UNKNOWN
2016-01-23T01:00:08.000000;2016-01-23T01:00:08.000000;052fca46-0e3f-4eac-9742-b45d28d80aae;387.41;0.3;UNKNOWN
2016-01-23T01:00:08.000000;2016-01-23T01:00:08.000000;8f59bfa6-23df-413a-9960-549e0ece5b0a;388.03;22.8701;UNKNOWN
2016-01-23T01:00:08.000000;2016-01-23T01:00:08.000000;8dcd45db-68bd-4273-b515-bb7b2d25c37b;388.34;0.05;UNKNOWN
2016-01-23T01:00:08.000000;2016-01-23T01:00:08.000000;4dc2036c-9d62-4f1d-bc7e-afefdad4ef43;388.36;12.5;UNKNOWN
2016-01-23T01:00:08.000000;2016-01-23T01:00:08.000000;317f5952-511b-4344-8265-5555eff8858a;388.58;14.67063636;UNKNOWN
2016-01-23T01:00:08.000000;2016-01-23T01:00:08.000000;bfec5a92-aa5f-4e68-b08d-3c4d8670a3c6;388.0;2.0;UNKNOWN
2016-01-23T01:00:08.000000;2016-01-23T01:00:08.000000;a13d4965-76ad-4f13-b17f-92003b183eb2;388.0;0.1;UNKNOWN
2016-01-23T01:00:08.000000;2016-01-23T01:00:08.000000;a22706e3-82af-44db-8e51-37e5efca3d23;388.3;22.4027;UNKNOWN
2016-01-23T01:00:08.000000;2016-01-23T01:00:08.000000;23e309e7-0706-4383-a0d6-fbf844aae2b4;388.0;38.9184;UNKNOWN
2016-01-23T01:00:08.000000;2016-01-23T01:00:08.000000;f309bb38-9c5a-450d-83b8-8f1aad50a31e;388.05;0.05;UNKNOWN
2016-01-23T01:00:12.000000;2016-01-23T01:00:12.000000;d0c4e32a-8da4-4f7c-9dd2-456ff4a17dab;388.6;0.25;UNKNOWN
2016-01-23T01:00:12.000000;2016-01-23T01:00:12.000000;cf9ac997-2467-47cd-8496-17c8615c8060;388.9;0.6;UNKNOWN
2016-01-23T01:00:12.000000;2016-01-23T01:00:12.000000;4ff9d210-de32-4640-8eb6-e9ac1757198b;387.77;10.95;UNKNOWN
2016-01-23T01:00:12.000000;2016-01-23T01:00:12.000000;bc6acf87-7dc4-4b19-9525-9a6aa22168ed;388.77;24.18524916;UNKNOWN
2016-01-23T01:00:12.000000;2016-01-23T01:00:12.000000;b9a76213-1cc2-4e89-895a-ff31e82a830e;389.0;58.97606815;UNKNOWN
2016-01-23T01:00:12.000000;2016-01-23T01:00:12.000000;76faaa66-459c-4d76-9bfa-9770b67fd2e1;388.87;23.3057;UNKNOWN
2016-01-23T01:00:12.000000;2016-01-23T01:00:12.000000;ae4e6483-cfd1-410f-a75e-90d6caf01e1c;388.76;0.06118424;UNKNOWN
2016-01-23T01:00:12.000000;2016-01-23T01:00:12.000000;64ce2137-8f71-40ca-a67f-ce4bc7fa2239;388.76;8.428;UNKNOWN
2016-01-23T01:00:12.000000;2016-01-23T01:00:12.000000;e8e87654-6356-45af-ba48-21aa9c6b3e76;388.02;9.05;UNKNOWN
2016-01-23T01:00:12.000000;2016-01-23T01:00:12.000000;b9b922f0-2aec-4f6f-97a0-2e0de910aa78;388.75;8.858;UNKNOWN
2016-01-23T01:00:12.000000;2016-01-23T01:00:12.000000;a385e550-fe3f-401b-8341-22d6d27735af;388.76;20.4736;UNKNOWN
2016-01-23T01:00:12.000000;2016-01-23T01:00:12.000000;0ad931a4-9121-4e3b-94f2-8812c415e904;388.57;0.4;UNKNOWN
2016-01-23T01:00:12.000000;2016-01-23T01:00:12.000000;7673fd15-7fca-41e1-b9f8-7d030659c8e3;388.55;7.94009791;UNKNOWN
2016-01-23T01:00:12.000000;2016-01-23T01:00:12.000000;0f4c74dc-3830-4763-a4c7-67f859e71e01;388.55;27.05990209;UNKNOWN
2016-01-23T01:00:12.000000;2016-01-23T01:00:12.000000;fb9fdea7-cef9-4160-b1c4-5a82b4b0e879;388.6;14.36996;UNKNOWN
2016-01-23T01:00:12.000000;2016-01-23T01:00:12.000000;543d1b3a-a510-45b1-a000-e324c1e67c78;388.36;19.9614;UNKNOWN
2016-01-23T01:00:13.000000;2016-01-23T01:00:13.000000;7c744295-a2c1-47c6-a353-43a59a4f4e77;388.6;0.54189765;UNKNOWN
2016-01-23T01:00:27.000000;2016-01-23T01:00:27.000000;c109a06f-3650-492b-b349-e58acf1d89ec;388.41;1.48;UNKNOWN
2016-01-23T01:00:27.000000;2016-01-23T01:00:27.000000;9a057189-b463-4ff9-822b-395fcb378926;388.36;0.069846;UNKNOWN
2016-01-23T01:00:27.000000;2016-01-23T01:00:27.000000;71b528d7-3c21-4671-81a7-17a236424464;388.41;11.58194622;UNKNOWN
2016-01-23T01:00:45.000000;2016-01-23T01:00:45.000000;7ec894a8-7082-4709-b591-3a458cb9faf0;387.67;0.061;UNKNOWN
2016-01-23T01:00:51.000000;2016-01-23T01:00:51.000000;37fe7b37-d7f7-4058-a978-ae0c3c1c1170;388.13;0.01;UNKNOWN
2016-01-23T01:00:51.000000;2016-01-23T01:00:51.000000;29d48f53-a91d-4cfa-bd81-e6135e22c2ac;388.13;0.356;UNKNOWN
2016-01-23T01:00:51.000000;2016-01-23T01:00:51.000000;70a93bb1-5da1-4ac0-b7ff-586b47eddc61;388.14;0.88896606;UNKNOWN
2016-01-23T01:00:51.000000;2016-01-23T01:00:51.000000;577c257a-d74e-4f86-8a18-00fe969a35e1;388.13;0.01;UNKNOWN
2016-01-23T01:01:01.000000;2016-01-23T01:01:01.000000;a5f5935d-dcb0-420c-9e2f-6d4073fc5e92;387.77;0.06;UNKNOWN
2016-01-23T01:01:04.000000;2016-01-23T01:01:04.000000;828354af-1a11-4609-bdc5-196ecaca52b0;387.79;0.04;UNKNOWN
2016-01-23T01:01:05.000000;2016-01-23T01:01:05.000000;3e2da670-49bc-4bf3-abc2-ea6403cb6932;387.81;0.3174;UNKNOWN
2016-01-23T01:01:09.000000;2016-01-23T01:01:09.000000;066c1f74-72fc-4727-afca-e39cd8c9d071;387.83;2.9716;UNKNOWN
2016-01-23T01:02:11.000000;2016-01-23T01:02:11.000000;d2b64741-3a39-4037-abcf-065f142a0926;387.77;4.94;UNKNOWN
2016-01-23T01:02:11.000000;2016-01-23T01:02:11.000000;56459cb4-c423-4334-9f3e-adddf46abe11;387.77;0.06;UNKNOWN
2016-01-23T01:02:31.000000;2016-01-23T01:02:31.000000;eb337c1c-e5d2-4031-a8bd-9c920760292b;387.38;0.4782;UNKNOWN
2016-01-23T01:02:53.000000;2016-01-23T01:02:53.000000;ffaf14c4-1dbf-45ed-9cf5-d403be15874b;387.46;0.102;UNKNOWN
2016-01-23T01:02:58.000000;2016-01-23T01:02:58.000000;84df7b65-a5bb-44ad-a78c-b721ecae10a5;387.48;0.05;UNKNOWN
2016-01-23T01:03:06.000000;2016-01-23T01:03:06.000000;4e72f5b7-5135-4112-8c35-836c84223101;387.78;0.3;UNKNOWN
2016-01-23T01:03:06.000000;2016-01-23T01:03:06.000000;6f5f5dbb-f620-4aee-8036-2e27c1d168bc;387.78;0.5;UNKNOWN
2016-01-23T01:03:06.000000;2016-01-23T01:03:06.000000;2d1a735a-2bc0-43d1-b9be-613dd8e83c22;387.78;1.2;UNKNOWN
2016-01-23T01:03:10.000000;2016-01-23T01:03:10.000000;98307d1c-38b2-4e6d-b7f9-a82459c35945;387.79;3.0;UNKNOWN
2016-01-23T01:03:10.000000;2016-01-23T01:03:10.000000;39af9cd2-7725-4d6a-a13d-ed56fb8011de;387.8;28.61635335;UNKNOWN
2016-01-23T01:03:10.000000;2016-01-23T01:03:10.000000;3d96533b-c320-440c-a38a-2912547a6349;387.5;0.6;UNKNOWN
2016-01-23T01:03:17.000000;2016-01-23T01:03:17.000000;8f613631-011b-4009-80c3-fcde8fa69e87;387.78;1.0;UNKNOWN
2016-01-23T01:03:32.000000;2016-01-23T01:03:32.000000;aaab26fb-cfc7-4779-b97d-1d1172a50803;387.43;1.2;UNKNOWN
2016-01-23T01:03:38.000000;2016-01-23T01:03:38.000000;59ca8b71-e8c7-40e5-bced-007b455e33ef;387.44;0.444;UNKNOWN
2016-01-23T01:03:49.000000;2016-01-23T01:03:49.000000;d5568b65-61f3-4d5f-9b8f-d9d0eabaddb2;387.8;5.0;UNKNOWN
2016-01-23T01:04:21.000000;2016-01-23T01:04:21.000000;e542cc43-1d5f-4dfb-af86-01376248cb6d;387.8;3.8;UNKNOWN
2016-01-23T01:04:27.000000;2016-01-23T01:04:27.000000;e4709ad3-f1eb-4016-b721-ecfa6ab18649;387.8;3.0;UNKNOWN
2016-01-23T01:04:28.000000;2016-01-23T01:04:28.000000;640a6339-ef94-42f8-80bd-79a1f39808ea;387.77;0.1;UNKNOWN
2016-01-23T01:04:33.000000;2016-01-23T01:04:33.000000;7ca7fe0f-aa91-41dd-b822-734a6e14b2bc;387.74;0.5;UNKNOWN
2016-01-23T01:04:33.000000;2016-01-23T01:04:33.000000;bcda4f4a-5e70-4458-b0ae-b40a30e447eb;387.67;3.0;UNKNOWN
2016-01-23T01:04:33.000000;2016-01-23T01:04:33.000000;23ae8667-cb50-425a-a3f4-24be4577209e;387.77;1.1625;UNKNOWN
2016-01-23T01:04:33.000000;2016-01-23T01:04:33.000000;89e717b1-d9da-430c-9f6a-49a191e92225;387.66;0.3375;UNKNOWN
2016-01-23T01:04:40.000000;2016-01-23T01:04:40.000000;d6c2e5f4-ba99-4878-a0fb-999459b43344;387.8;5.0;UNKNOWN
2016-01-23T01:05:25.000000;2016-01-23T01:05:25.000000;b6699522-80d8-4b51-98ad-8022137506e4;387.8;0.0156;UNKNOWN
2016-01-23T01:05:33.000000;2016-01-23T01:05:33.000000;4b03da54-59cb-4926-974c-218ea1c91191;387.8;0.5;UNKNOWN
2016-01-23T01:05:34.000000;2016-01-23T01:05:34.000000;39dfcebf-96c7-42ab-8a90-b9cd891a7ea7;387.8;0.5;UNKNOWN
2016-01-23T01:05:41.000000;2016-01-23T01:05:41.000000;13ca203f-5d45-4b74-9fc1-fae4aac07492;387.8;0.088;UNKNOWN
2016-01-23T01:05:43.000000;2016-01-23T01:05:43.000000;cd8b40fc-a55d-46a0-9148-71b44a61650c;387.85;0.5;UNKNOWN
2016-01-23T01:05:43.000000;2016-01-23T01:05:43.000000;71a7c253-ecdc-41eb-be2e-d7c338f1bc00;388.0;0.25;UNKNOWN
2016-01-23T01:05:43.000000;2016-01-23T01:05:43.000000;dab583ee-e45b-4658-a2f2-21cf8224930a;387.99;0.25;UNKNOWN
2016-01-23T01:05:45.000000;2016-01-23T01:05:45.000000;bbfdde5f-ded1-47b9-b118-c375c61f61f2;388.0;6.0;UNKNOWN
2016-01-23T01:05:47.000000;2016-01-23T01:05:47.000000;2354e575-cda4-4951-9609-305c12c4d2ec;387.81;6.0;UNKNOWN
2016-01-23T01:06:17.000000;2016-01-23T01:06:17.000000;89000500-fc97-4b48-9774-f2d613f58cad;388.0;0.022;UNKNOWN
2016-01-23T01:06:41.000000;2016-01-23T01:06:41.000000;3e621499-5c01-4a57-a771-8cc849d60162;388.05;0.5;UNKNOWN
2016-01-23T01:06:41.000000;2016-01-23T01:06:41.000000;f5523393-a2cd-4be9-ace6-267423f0224f;388.0;13.728;UNKNOWN
2016-01-23T01:07:09.000000;2016-01-23T01:07:09.000000;7019f93c-a1a8-4d46-814a-a4b451cbb11f;388.16;2.79007822;UNKNOWN
2016-01-23T01:07:09.000000;2016-01-23T01:07:09.000000;78110514-9c79-4086-ab58-786f7e0baa02;388.1;0.92851178;UNKNOWN
2016-01-23T01:07:09.000000;2016-01-23T01:07:09.000000;60374ed3-5a15-45ac-9e52-3427e04f6570;388.13;15.0;UNKNOWN
2016-01-23T01:07:09.000000;2016-01-23T01:07:09.000000;4cd2ac09-23a5-47c3-a611-a690493957d6;388.12;0.5;UNKNOWN
2016-01-23T01:07:09.000000;2016-01-23T01:07:09.000000;ba907d48-dfb4-40af-a74f-4f51eac26106;388.16;0.07281;UNKNOWN
2016-01-23T01:07:09.000000;2016-01-23T01:07:09.000000;3ea00187-22c5-4aaf-a6ae-bf54d906ec90;388.16;14.28;UNKNOWN
2016-01-23T01:07:09.000000;2016-01-23T01:07:09.000000;7876a7a1-9897-474a-a480-fe572fe9a8a4;388.16;6.4286;UNKNOWN
2016-01-23T01:07:16.000000;2016-01-23T01:07:16.000000;8f990eeb-d8fb-4e31-bf9a-afa2e569341c;388.17;0.1;UNKNOWN
2016-01-23T01:07:24.000000;2016-01-23T01:07:24.000000;c493e4dd-7c23-4c74-b7a7-2b11d86055c9;388.11;0.5;UNKNOWN
2016-01-23T01:07:24.000000;2016-01-23T01:07:24.000000;9c1c132a-ec8a-4a09-94b7-9f20d0b741d4;388.1;2.29858822;UNKNOWN
2016-01-23T01:07:26.000000;2016-01-23T01:07:26.000000;a622975a-d112-4a6b-9d0a-58318d2d1d73;388.0;0.20141178;UNKNOWN
2016-01-23T01:07:29.000000;2016-01-23T01:07:29.000000;58b6c04c-12dc-423b-b415-465b1ffd1ee9;388.0;0.5;UNKNOWN
2016-01-23T01:07:29.000000;2016-01-23T01:07:29.000000;cadc6e91-a11d-487a-b449-ec58c4b81290;388.27;1.33746928;UNKNOWN
2016-01-23T01:07:29.000000;2016-01-23T01:07:29.000000;8ee2e705-70a9-45c0-a9e0-02303da0ac3a;388.17;0.16253072;UNKNOWN
2016-01-23T01:08:00.000000;2016-01-23T01:08:00.000000;8adb933e-0eac-4f19-bace-f904d7d1f8f1;387.83;0.02234936;UNKNOWN
2016-01-23T01:08:00.000000;2016-01-23T01:08:00.000000;5b7f9fa9-0564-4604-90e1-5ad95577f8f4;387.8;1.47765064;UNKNOWN
2016-01-23T01:08:20.000000;2016-01-23T01:08:20.000000;c97454e6-80b1-4a61-a1fb-e28ba17eff93;387.94;0.1;UNKNOWN
2016-01-23T01:09:06.000000;2016-01-23T01:09:06.000000;156e1d4d-40c9-4762-93c2-b1d8f3823c20;387.95;0.32;UNKNOWN
2016-01-23T01:09:06.000000;2016-01-23T01:09:06.000000;018d6589-88b6-4b3c-821a-c819ff047fe1;388.27;1.96549255;UNKNOWN
2016-01-23T01:09:33.000000;2016-01-23T01:09:33.000000;06518242-21c4-408f-b238-a6d9a8263992;388.25;0.04;UNKNOWN
2016-01-23T01:09:33.000000;2016-01-23T01:09:33.000000;16326b22-c5a4-4a2b-b21a-1dbd7ebe80b4;388.25;0.5;UNKNOWN
2016-01-23T01:09:44.000000;2016-01-23T01:09:44.000000;f5c656f3-100c-4603-bd02-8555c9a8a693;388.25;0.14;UNKNOWN
2016-01-23T01:09:44.000000;2016-01-23T01:09:44.000000;012df351-2f49-4cf2-b0ee-9085b83bed5d;388.25;0.32;UNKNOWN
2016-01-23T01:09:52.000000;2016-01-23T01:09:52.000000;35306f46-882a-48c4-bf70-e270e5c790e4;387.95;0.292;UNKNOWN
2016-01-23T01:09:58.000000;2016-01-23T01:09:58.000000;41f56b79-24e4-4ff2-ab7f-db58ad8d068c;387.79;0.2;UNKNOWN
2016-01-23T01:09:58.000000;2016-01-23T01:09:58.000000;0a9a0770-0e22-438c-8863-47b914696b74;387.95;6.0883;UNKNOWN
2016-01-23T01:09:58.000000;2016-01-23T01:09:58.000000;96d3798b-7024-4a80-9cbd-dc1558c458b3;387.58;0.2117;UNKNOWN
2016-01-23T01:09:58.000000;2016-01-23T01:09:58.000000;89c04de0-556e-4036-8ffa-8d4cd27bb144;387.95;0.5;UNKNOWN
2016-01-23T01:09:58.000000;2016-01-23T01:09:58.000000;68fb97cf-1d4f-4ec7-8ec0-455f17535dba;387.94;3.0;UNKNOWN
2016-01-23T01:10:02.000000;2016-01-23T01:10:02.000000;f6007ec4-5c45-45e4-9c0e-1184f928e46a;387.36;12.5;UNKNOWN
2016-01-23T01:10:02.000000;2016-01-23T01:10:02.000000;c4c20b0b-d1ed-429b-b980-536a334a5178;387.37;6.0;UNKNOWN
2016-01-23T01:10:08.000000;2016-01-23T01:10:08.000000;14dcf0fe-a23d-462d-a328-f02fcf1506f2;388.19;0.308;UNKNOWN
2016-01-23T01:10:43.000000;2016-01-23T01:10:43.000000;022e27f8-55a4-4141-bf74-435d3495d11c;388.29;3.0;UNKNOWN
2016-01-23T01:10:43.000000;2016-01-23T01:10:43.000000;5af678f1-927a-42ee-bb29-e2d8cc77722e;388.27;0.69703817;UNKNOWN
2016-01-23T01:10:43.000000;2016-01-23T01:10:43.000000;2ed2ef87-204c-4c3f-aa0b-705cef25ceec;388.09;0.46;UNKNOWN
2016-01-23T01:10:43.000000;2016-01-23T01:10:43.000000;a3f41313-9ea1-4fab-a3c8-f889cd2827c7;388.1;0.18;UNKNOWN
2016-01-23T01:10:43.000000;2016-01-23T01:10:43.000000;aca4d924-1314-44d6-80dd-0ef1e078e01b;388.3;0.25596183;UNKNOWN
2016-01-23T01:10:43.000000;2016-01-23T01:10:43.000000;8c0cbea1-394f-4a45-a4b1-6f59c275fd35;388.1;0.5;UNKNOWN
2016-01-23T01:11:20.000000;2016-01-23T01:11:20.000000;6908501d-f591-4334-8e7e-a491b21231bf;388.26;0.346;UNKNOWN
2016-01-23T01:11:53.000000;2016-01-23T01:11:53.000000;b2f5955a-6382-4a07-899c-e989b06b6b1d;387.89;5.0;UNKNOWN
2016-01-23T01:11:58.000000;2016-01-23T01:11:58.000000;c1ae20f9-07ec-4e0c-ae49-032a9bc6745b;388.17;0.387;UNKNOWN
2016-01-23T01:12:05.000000;2016-01-23T01:12:05.000000;a7c65e86-6853-4af8-9288-e5ecd3e80c81;388.09;3.0;UNKNOWN
2016-01-23T01:12:10.000000;2016-01-23T01:12:10.000000;38a2f5f8-a8b1-4cae-8d29-f7315d618f06;388.2;5.0;UNKNOWN
2016-01-23T01:12:10.000000;2016-01-23T01:12:10.000000;adaa037b-a051-452d-a645-b553bb36130e;388.08;0.04;UNKNOWN
2016-01-23T01:12:10.000000;2016-01-23T01:12:10.000000;ec94cc13-9751-46f0-a500-47328f336000;388.29;26.86518539;UNKNOWN
2016-01-23T01:12:10.000000;2016-01-23T01:12:10.000000;c04c6307-0846-4b61-94f5-e60a2913a210;388.1;5.0;UNKNOWN
2016-01-23T01:12:10.000000;2016-01-23T01:12:10.000000;774bad8d-7ffa-479e-8a7e-45576c541b4f;388.08;0.114;UNKNOWN
2016-01-23T01:12:10.000000;2016-01-23T01:12:10.000000;146bd7c3-6497-4593-aa3a-e13813cb941a;388.01;16.87;UNKNOWN
2016-01-23T01:12:28.000000;2016-01-23T01:12:28.000000;2eca83f0-5b14-4cfc-af6f-e999c397328c;387.58;3.0;UNKNOWN
2016-01-23T01:12:35.000000;2016-01-23T01:12:35.000000;dd7be630-2f2d-488d-8a7d-d2679f4fdc80;388.46;20.2815;UNKNOWN
2016-01-23T01:12:35.000000;2016-01-23T01:12:35.000000;07db6368-808a-4be4-b834-afacac809e27;388.3;4.74403817;UNKNOWN
2016-01-23T01:12:35.000000;2016-01-23T01:12:35.000000;752d1f9b-6513-43d6-ad9a-e89f2c83489e;388.4;3.0;UNKNOWN
2016-01-23T01:12:35.000000;2016-01-23T01:12:35.000000;c280f593-f772-4291-b89f-51b13b29446d;388.47;0.022;UNKNOWN
2016-01-23T01:12:35.000000;2016-01-23T01:12:35.000000;b98f2440-0a1c-4b09-b4cc-873dfbb072ed;388.34;0.069728;UNKNOWN
2016-01-23T01:12:35.000000;2016-01-23T01:12:35.000000;8a87a80d-59e4-4a3b-bf67-1fef360442aa;388.47;17.40473383;UNKNOWN
2016-01-23T01:12:35.000000;2016-01-23T01:12:35.000000;1d8aa55e-f4c4-41c1-a298-2edf8643c25e;388.24;3.0;UNKNOWN
2016-01-23T01:12:35.000000;2016-01-23T01:12:35.000000;a4dacb61-7f15-4402-9e81-b55aab4cd57c;388.3;1.0;UNKNOWN
2016-01-23T01:12:35.000000;2016-01-23T01:12:35.000000;10ece876-3dbc-49de-94fc-8a067e1de3f8;388.24;0.5;UNKNOWN
2016-01-23T01:12:45.000000;2016-01-23T01:12:45.000000;a9918cbe-bec5-45f0-9179-0986abe89303;388.47;0.69209752;UNKNOWN
2016-01-23T01:13:11.000000;2016-01-23T01:13:11.000000;f78e4231-6d58-4dfb-ac01-316b375c9e0b;387.91;0.06;UNKNOWN
2016-01-23T01:13:12.000000;2016-01-23T01:13:12.000000;8dba3c9b-e20f-43f6-86c9-9f0cd912f6ba;388.46;0.301;UNKNOWN
2016-01-23T01:13:41.000000;2016-01-23T01:13:41.000000;463ec02f-5fe5-4747-b378-1514bf9aac3a;387.99;0.199;UNKNOWN
2016-01-23T01:13:41.000000;2016-01-23T01:13:41.000000;af16160b-c165-422e-9979-09421940b212;388.47;1.801;UNKNOWN
2016-01-23T01:13:41.000000;2016-01-23T01:13:41.000000;2e293644-7c06-4291-8840-6faffb44cd0e;388.0;2.0;UNKNOWN
2016-01-23T01:13:47.000000;2016-01-23T01:13:47.000000;29b4dd2f-0a9c-4c95-9c8d-9561a4dd0519;388.48;0.57283135;UNKNOWN
2016-01-23T01:13:47.000000;2016-01-23T01:13:47.000000;19b7b21f-44de-4d5e-a256-7498b1d6e2b3;388.47;0.08016865;UNKNOWN
2016-01-23T01:14:03.000000;2016-01-23T01:14:03.000000;9623f81c-5aa7-4cc6-9207-cd804e914dc4;388.01;0.05;UNKNOWN
2016-01-23T01:14:22.000000;2016-01-23T01:14:22.000000;15714567-3987-484c-855b-b3c65e2dd47d;388.27;0.972;UNKNOWN
2016-01-23T01:14:29.000000;2016-01-23T01:14:29.000000;73f8b756-26f2-4ca3-8dc9-3f3c49aac168;388.27;1.0;UNKNOWN
2016-01-23T01:14:49.000000;2016-01-23T01:14:49.000000;a977900b-d5fa-4aa5-805a-a3169feef0e0;388.27;1.284;UNKNOWN
2016-01-23T01:15:04.000000;2016-01-23T01:15:04.000000;94783dbc-3af5-4f4b-bb18-ad4cb3a30e8e;388.27;0.331;UNKNOWN
2016-01-23T01:15:28.000000;2016-01-23T01:15:28.000000;2e93e3d6-eed9-4978-af52-48899eb79193;388.27;0.413;UNKNOWN
2016-01-23T01:15:39.000000;2016-01-23T01:15:39.000000;182021f4-6002-4103-a6c1-2356e22d0d0c;388.5;9.113;UNKNOWN
2016-01-23T01:16:14.000000;2016-01-23T01:16:14.000000;d6e65949-644b-4912-a147-74e5645e9843;388.49;4.101;UNKNOWN
2016-01-23T01:16:14.000000;2016-01-23T01:16:14.000000;75db36d2-131c-4465-83a1-78aaba2ae111;388.48;4.533;UNKNOWN
2016-01-23T01:16:14.000000;2016-01-23T01:16:14.000000;a831d55a-3e17-4f3f-8105-e53ddd6df489;388.5;1.552;UNKNOWN
2016-01-23T01:16:37.000000;2016-01-23T01:16:37.000000;e644d5c8-7f64-4b64-87bd-7ebc11bc4a34;388.44;0.5;UNKNOWN
2016-01-23T01:16:37.000000;2016-01-23T01:16:37.000000;fe384da6-18ba-4fbc-8765-482282ef9326;388.28;0.22;UNKNOWN
2016-01-23T01:16:37.000000;2016-01-23T01:16:37.000000;8b61369d-6d46-4c1f-a800-1d513677396c;388.48;0.14;UNKNOWN
2016-01-23T01:16:37.000000;2016-01-23T01:16:37.000000;c415c388-aa83-4f0d-849d-e2439662249b;388.47;0.14;UNKNOWN
2016-01-23T01:16:43.000000;2016-01-23T01:16:43.000000;96eabea7-162a-4aa2-b8ec-45f56e20e146;388.5;0.1;UNKNOWN
2016-01-23T01:16:44.000000;2016-01-23T01:16:44.000000;d721ca0a-9b0e-4cf0-bc55-9e7dfa56f492;388.5;8.3364;UNKNOWN
2016-01-23T01:16:49.000000;2016-01-23T01:16:49.000000;dcadaaea-bd5d-4f45-9327-433491681fc6;388.5;0.2;UNKNOWN
2016-01-23T01:16:52.000000;2016-01-23T01:16:52.000000;77419263-de87-4139-8431-a173eaff667d;388.5;0.842;UNKNOWN
2016-01-23T01:17:00.000000;2016-01-23T01:17:00.000000;34f53038-46c0-423b-9605-f95fd66fe9f6;388.5;10.0;UNKNOWN
2016-01-23T01:17:13.000000;2016-01-23T01:17:13.000000;95119f75-faef-47e5-9631-88c2084f9b85;388.33;0.5;UNKNOWN
2016-01-23T01:17:26.000000;2016-01-23T01:17:26.000000;3e8a6d1d-7949-45c6-898e-1845d318c848;388.31;0.13917306;UNKNOWN
2016-01-23T01:17:26.000000;2016-01-23T01:17:26.000000;f793a998-cf6c-4727-9569-8f6c3bfa9a54;388.31;1.0;UNKNOWN
2016-01-23T01:17:28.000000;2016-01-23T01:17:28.000000;e2a23e78-b12b-4e6d-860b-d7f95e817854;388.31;0.085;UNKNOWN
2016-01-23T01:17:29.000000;2016-01-23T01:17:29.000000;f5bdb9d7-9c36-4a50-9b4d-e7c078e5d453;388.31;0.5;UNKNOWN
2016-01-23T01:17:33.000000;2016-01-23T01:17:33.000000;2effe447-4a0e-4274-bf61-6a5fbeda9fe6;388.31;2.57143114;UNKNOWN
2016-01-23T01:17:56.000000;2016-01-23T01:17:56.000000;0c398cef-9813-4c9a-9f5f-590f320637bc;388.27;0.4764;UNKNOWN
2016-01-23T01:17:56.000000;2016-01-23T01:17:56.000000;f82f07c8-7c61-4641-83ce-07ea03d1bfe9;388.27;0.1181;UNKNOWN
2016-01-23T01:18:58.000000;2016-01-23T01:18:58.000000;4a1f95e5-68a9-46b8-93cd-ff908b2b0d60;388.27;2.0;UNKNOWN
2016-01-23T01:19:28.000000;2016-01-23T01:19:28.000000;b84164eb-fbd0-4e92-b931-a5b0ad0846a1;388.27;4.5236;UNKNOWN
2016-01-23T01:19:28.000000;2016-01-23T01:19:28.000000;fdc3dbcc-ca6c-4a0a-9b8b-fe092016f9ba;388.24;0.5;UNKNOWN
2016-01-23T01:20:13.000000;2016-01-23T01:20:13.000000;378576a8-7dc9-4ebe-84f8-087e277a053f;387.98;0.1;UNKNOWN
2016-01-23T01:20:14.000000;2016-01-23T01:20:14.000000;fd1f22c2-fa81-4eba-baf3-9b0e4ab3894f;387.63;5.0;UNKNOWN
2016-01-23T01:20:32.000000;2016-01-23T01:20:32.000000;adbd992d-7077-4075-9e0d-d8c3fc1e032d;387.63;0.668;UNKNOWN
2016-01-23T01:20:32.000000;2016-01-23T01:20:32.000000;61db3d53-0aef-408c-a375-b2a49a3de83f;387.63;0.69;UNKNOWN
2016-01-23T01:20:32.000000;2016-01-23T01:20:32.000000;f8b5eccc-686f-47a6-a25b-a1e0467970b7;387.63;0.711;UNKNOWN
2016-01-23T01:20:32.000000;2016-01-23T01:20:32.000000;aea35f33-85bc-47bc-aedb-2d9cc67917f9;387.63;0.718;UNKNOWN
2016-01-23T01:20:32.000000;2016-01-23T01:20:32.000000;516523eb-78db-4583-924e-f64f1486f557;387.63;0.71;UNKNOWN
2016-01-23T01:20:32.000000;2016-01-23T01:20:32.000000;74f67afb-85c6-4b6f-94e5-8ce7569d3b17;387.63;1.24;UNKNOWN
2016-01-23T01:20:32.000000;2016-01-23T01:20:32.000000;0b626794-8c21-4d74-b649-1a447f384b6c;387.63;0.673;UNKNOWN
2016-01-23T01:20:32.000000;2016-01-23T01:20:32.000000;76cb339c-b626-46de-8aac-c3efacf1c6b4;387.63;0.668;UNKNOWN
2016-01-23T01:20:32.000000;2016-01-23T01:20:32.000000;7c90decb-18e9-42a3-bdc3-f864c978351f;387.64;0.5;UNKNOWN
2016-01-23T01:20:32.000000;2016-01-23T01:20:32.000000;6988d48a-3728-4084-aea4-32ec6ba1a905;387.64;6.3689;UNKNOWN
2016-01-23T01:20:32.000000;2016-01-23T01:20:32.000000;b21cadbf-f047-40c5-b086-03558db966f2;387.63;0.276;UNKNOWN
2016-01-23T01:20:32.000000;2016-01-23T01:20:32.000000;0d75d8b0-e3a6-40b0-8a5c-ad449fb9e8b4;387.63;0.0271;UNKNOWN
2016-01-23T01:20:32.000000;2016-01-23T01:20:32.000000;af561282-85d3-4ae9-a939-5a190407ad39;387.63;0.293;UNKNOWN
2016-01-23T01:20:32.000000;2016-01-23T01:20:32.000000;ccdc139e-e8f8-4520-a9c8-0da69c971855;387.63;0.728;UNKNOWN
2016-01-23T01:20:32.000000;2016-01-23T01:20:32.000000;2225b59c-552e-41ea-8169-5da924f88373;387.63;0.691;UNKNOWN
2016-01-23T01:20:32.000000;2016-01-23T01:20:32.000000;92bdf5e6-6983-438a-a75e-8a1f48fef92f;387.63;0.706;UNKNOWN
2016-01-23T01:20:32.000000;2016-01-23T01:20:32.000000;dcb1dc83-35f7-4fd4-83f9-db2974b66df1;387.63;0.733;UNKNOWN
2016-01-23T01:20:32.000000;2016-01-23T01:20:32.000000;082d01bc-1c68-4078-975d-ffe6d4b876bc;387.63;0.708;UNKNOWN
2016-01-23T01:20:32.000000;2016-01-23T01:20:32.000000;aea56f53-bf86-4339-a8f6-a117c44ee364;387.63;0.718;UNKNOWN
2016-01-23T01:20:32.000000;2016-01-23T01:20:32.000000;83ddc1e8-3500-42d1-9594-fa1ba8915726;387.63;0.738;UNKNOWN
2016-01-23T01:20:32.000000;2016-01-23T01:20:32.000000;0a3afc58-e4b1-48ca-a406-d22e6dd82273;387.63;0.686;UNKNOWN
2016-01-23T01:20:32.000000;2016-01-23T01:20:32.000000;67ea438c-a9cd-4965-a163-318d5016b735;387.63;0.749;UNKNOWN
2016-01-23T01:20:53.000000;2016-01-23T01:20:53.000000;8de8e13e-8077-4ac7-95b3-6f6ba1c8f085;387.63;0.6499;UNKNOWN
2016-01-23T01:20:53.000000;2016-01-23T01:20:53.000000;3df6736f-e749-4231-b2a7-b785b433575e;387.63;0.743;UNKNOWN
2016-01-23T01:20:53.000000;2016-01-23T01:20:53.000000;9fa48049-898b-403e-8633-d03290408208;387.63;0.719;UNKNOWN
2016-01-23T01:20:53.000000;2016-01-23T01:20:53.000000;5b762a5f-1dcf-42cf-88d4-440191f7e3f8;387.63;0.5941;UNKNOWN
2016-01-23T01:20:53.000000;2016-01-23T01:20:53.000000;f43fc138-c2bc-4d57-94ed-ceaff17805eb;387.63;0.668;UNKNOWN
2016-01-23T01:20:53.000000;2016-01-23T01:20:53.000000;ddf52654-0765-4182-ac5d-8f8b79859966;387.63;0.66;UNKNOWN
2016-01-23T01:20:53.000000;2016-01-23T01:20:53.000000;3940b2c1-8696-4cf6-863c-24fe9f646f27;387.63;0.694;UNKNOWN
2016-01-23T01:20:53.000000;2016-01-23T01:20:53.000000;7c7dfd6a-a93f-4356-a56d-d4af148a0157;387.63;0.272;UNKNOWN
2016-01-23T01:20:54.000000;2016-01-23T01:20:54.000000;6dab63b3-42a4-4c70-a570-f1db4546fbd0;387.63;0.236;UNKNOWN
2016-01-23T01:20:54.000000;2016-01-23T01:20:54.000000;f31b21bc-ea03-4e93-b2a3-206ec440188c;387.63;0.0959;UNKNOWN
2016-01-23T01:20:54.000000;2016-01-23T01:20:54.000000;703e31fa-10f0-433b-ba26-1657c54e0b73;387.63;0.236015;UNKNOWN
2016-01-23T01:20:54.000000;2016-01-23T01:20:54.000000;ad44087c-580f-444e-8531-d641ad68c361;387.63;0.274;UNKNOWN
2016-01-23T01:20:54.000000;2016-01-23T01:20:54.000000;589190b8-6662-474c-91df-92b8c8c5a84f;387.63;0.674;UNKNOWN
2016-01-23T01:20:54.000000;2016-01-23T01:20:54.000000;64d75673-1499-4fa6-babf-049e7f91a846;387.63;0.273;UNKNOWN
2016-01-23T01:20:57.000000;2016-01-23T01:20:57.000000;e040c1f3-c145-4e79-8728-36830923a93c;387.63;0.677;UNKNOWN
2016-01-23T01:20:57.000000;2016-01-23T01:20:57.000000;1ad21a38-6fd5-4f42-ba50-b9a8ae22f576;387.06;17.812815;UNKNOWN
2016-01-23T01:20:57.000000;2016-01-23T01:20:57.000000;b15fdae9-57cb-46ba-9904-f9c44aa61fe9;387.62;0.5;UNKNOWN
2016-01-23T01:20:57.000000;2016-01-23T01:20:57.000000;f8596a33-d94e-4fd9-b74a-08ce5b60725c;387.63;0.669;UNKNOWN
2016-01-23T01:20:57.000000;2016-01-23T01:20:57.000000;aba2b7a6-3a61-4a94-a667-59f9133ce5be;387.32;0.25;UNKNOWN
2016-01-23T01:20:57.000000;2016-01-23T01:20:57.000000;1b4cb5e1-63a3-45d3-8822-4f509a8ddf0e;387.63;0.31;UNKNOWN
2016-01-23T01:20:57.000000;2016-01-23T01:20:57.000000;066768bc-0a70-4f9b-a95d-ff328299dcec;387.63;0.420985;UNKNOWN
2016-01-23T01:20:57.000000;2016-01-23T01:20:57.000000;851d1539-09d6-443e-8126-ca901b5b234d;387.17;6.3602;UNKNOWN
2016-01-23T01:21:02.000000;2016-01-23T01:21:02.000000;61228d57-253a-4363-b955-6f538c56781e;387.63;0.283;UNKNOWN
2016-01-23T01:21:13.000000;2016-01-23T01:21:13.000000;3bc1cd35-c531-49a4-8d47-83c4b40f6bcc;387.0;1.5;UNKNOWN
2016-01-23T01:21:14.000000;2016-01-23T01:21:14.000000;3dea4c16-9a77-43a6-8fae-d17ca74a8be3;387.0;0.265;UNKNOWN
2016-01-23T01:21:14.000000;2016-01-23T01:21:14.000000;7c6719bb-5ded-4f2f-8950-ec102f21067a;387.0;0.278;UNKNOWN
2016-01-23T01:21:14.000000;2016-01-23T01:21:14.000000;fa773c4a-b6cc-44c8-a749-d8e5461ba403;387.01;6.424;UNKNOWN
2016-01-23T01:21:14.000000;2016-01-23T01:21:14.000000;7a785707-8ce0-42fe-b6eb-872093286cc0;387.0;0.277;UNKNOWN
2016-01-23T01:21:14.000000;2016-01-23T01:21:14.000000;ab1367aa-7e40-40fe-9c62-9121dd6ae460;387.0;1.5;UNKNOWN
2016-01-23T01:21:14.000000;2016-01-23T01:21:14.000000;9dde4c08-627b-44b4-8aca-ca7d71d70e80;387.0;0.287;UNKNOWN
2016-01-23T01:21:14.000000;2016-01-23T01:21:14.000000;fb46ff4e-63bc-4716-adfd-476bfc8cd50b;387.0;0.285;UNKNOWN
2016-01-23T01:21:14.000000;2016-01-23T01:21:14.000000;087f111c-0a2d-4b50-98d5-097b58b8ce2c;387.0;0.045;UNKNOWN
2016-01-23T01:21:14.000000;2016-01-23T01:21:14.000000;3a365761-a1c5-4786-8d4c-69f730540005;387.0;0.363;UNKNOWN
2016-01-23T01:21:14.000000;2016-01-23T01:21:14.000000;bd3e280b-84cc-42eb-b353-eeccf1880b09;387.0;0.276;UNKNOWN
2016-01-23T01:21:23.000000;2016-01-23T01:21:23.000000;b967de84-3c03-4dfa-8f81-c6efd054d85f;387.0;0.27;UNKNOWN
2016-01-23T01:21:23.000000;2016-01-23T01:21:23.000000;0a7fa04e-7ae8-4fde-a10f-5cd8932d682d;386.61;0.27;UNKNOWN
2016-01-23T01:21:23.000000;2016-01-23T01:21:23.000000;ac045459-eefa-44de-ae1a-f48f0353405d;387.0;0.326;UNKNOWN
2016-01-23T01:21:23.000000;2016-01-23T01:21:23.000000;4d6058ac-bd3b-4149-b791-163e2e295acd;387.0;0.288;UNKNOWN
2016-01-23T01:21:23.000000;2016-01-23T01:21:23.000000;bfd0f928-50d0-4c3a-b530-15c67c17ba76;387.0;0.254;UNKNOWN
2016-01-23T01:21:23.000000;2016-01-23T01:21:23.000000;5db0b3c3-9ec5-4bf9-9c66-6781505787d8;386.69;0.14;UNKNOWN
2016-01-23T01:21:23.000000;2016-01-23T01:21:23.000000;a72d8672-421f-4fe3-af45-d9d64269010f;386.57;2.679;UNKNOWN
2016-01-23T01:21:23.000000;2016-01-23T01:21:23.000000;4e2c8bb0-7d20-4027-8866-d6a38bddbd98;387.0;0.5;UNKNOWN
2016-01-23T01:21:23.000000;2016-01-23T01:21:23.000000;d61a3216-67a0-4922-9652-4b313bf77e75;387.0;0.273;UNKNOWN
2016-01-23T01:21:29.000000;2016-01-23T01:21:29.000000;1652e445-f522-436b-b545-35d3f42934a7;386.55;3.29;UNKNOWN
2016-01-23T01:21:29.000000;2016-01-23T01:21:29.000000;82fcd737-9b00-4b1c-81dc-5f0f0b94f04b;386.36;0.71;UNKNOWN
2016-01-23T01:21:30.000000;2016-01-23T01:21:30.000000;82b965ca-daec-43e0-8709-7ecb33dd37e2;386.36;1.00263758;UNKNOWN
2016-01-23T01:21:32.000000;2016-01-23T01:21:32.000000;6552051e-99a3-4119-abfe-e5ea9094ac00;387.24;1.0;UNKNOWN
2016-01-23T01:21:35.000000;2016-01-23T01:21:35.000000;b18ebbf5-5942-4de4-bed3-1851f74f1230;386.36;2.5;UNKNOWN
2016-01-23T01:21:36.000000;2016-01-23T01:21:36.000000;0469a94b-ef51-4051-9583-39671761a0f2;386.13;16.0002;UNKNOWN
2016-01-23T01:21:36.000000;2016-01-23T01:21:36.000000;40340aa7-aaf4-4287-bee3-6a9282dac8e1;386.36;3.8989;UNKNOWN
2016-01-23T01:21:36.000000;2016-01-23T01:21:36.000000;f87ee0d9-21e3-4222-81aa-83fb2c5a8297;386.35;9.63;UNKNOWN
2016-01-23T01:21:36.000000;2016-01-23T01:21:36.000000;a54a0327-9cad-4cb3-b0ea-38adeb345739;386.35;9.71;UNKNOWN
2016-01-23T01:21:36.000000;2016-01-23T01:21:36.000000;80185470-4980-4045-88c0-4c37e6f35a61;386.13;0.05;UNKNOWN
2016-01-23T01:21:36.000000;2016-01-23T01:21:36.000000;a8bfa3f9-217e-4b39-a7b3-0a630dc24ef1;386.1;7.36622532;UNKNOWN
2016-01-23T01:21:36.000000;2016-01-23T01:21:36.000000;a9b166fb-9ad7-45b8-a9f7-88fefd09873b;386.11;5.0;UNKNOWN
2016-01-23T01:21:38.000000;2016-01-23T01:21:38.000000;307a370e-253d-40b6-b76a-fffa83ac6c62;387.08;1.092;UNKNOWN
2016-01-23T01:21:49.000000;2016-01-23T01:21:49.000000;7d96c9ae-3fab-4ead-bf42-1306d9612e4f;386.01;1.99622532;UNKNOWN
2016-01-23T01:21:49.000000;2016-01-23T01:21:49.000000;6a6185bd-b9db-4829-b724-db3ade2a3075;386.1;3.00377468;UNKNOWN
2016-01-23T01:22:02.000000;2016-01-23T01:22:02.000000;59e25031-1492-469c-9442-c91e01a06f65;386.02;0.38671584;UNKNOWN
2016-01-23T01:22:07.000000;2016-01-23T01:22:07.000000;2506d1ff-1fd3-4f45-adec-f1189ba3293a;386.02;0.51363724;UNKNOWN
2016-01-23T01:22:08.000000;2016-01-23T01:22:08.000000;1c004841-984e-4cfd-bcb9-c9441337a1c8;386.02;0.94451027;UNKNOWN
2016-01-23T01:22:14.000000;2016-01-23T01:22:14.000000;0d447650-d14e-4b16-baa4-70ae9434c853;386.47;3.0;UNKNOWN
2016-01-23T01:22:14.000000;2016-01-23T01:22:14.000000;24ed81f8-3514-4aac-b5e0-690fef2d94aa;386.48;0.574;UNKNOWN
2016-01-23T01:22:14.000000;2016-01-23T01:22:14.000000;db38486e-2371-4bb6-9780-e9ea905a8cae;386.47;0.5;UNKNOWN
2016-01-23T01:22:41.000000;2016-01-23T01:22:41.000000;7023d9aa-edd8-4c84-a7df-e6c041ea9dd0;386.06;6.4198;UNKNOWN
2016-01-23T01:22:41.000000;2016-01-23T01:22:41.000000;f027aeb0-1619-48d1-9f7d-77d37480301f;386.48;0.00995282;UNKNOWN
2016-01-23T01:22:41.000000;2016-01-23T01:22:41.000000;287ca5b0-8bac-495d-99c3-30d2ece4ad7d;386.26;0.27;UNKNOWN
2016-01-23T01:22:46.000000;2016-01-23T01:22:46.000000;ba86b1c2-0d5b-43d2-84ab-65520d8f2ab9;386.06;1.245;UNKNOWN
2016-01-23T01:22:46.000000;2016-01-23T01:22:46.000000;4768eee5-178a-4893-a3a6-511157279e5b;386.0;3.0;UNKNOWN
2016-01-23T01:22:46.000000;2016-01-23T01:22:46.000000;8d56f993-fb79-4ede-a900-a7a0e453f716;386.0;0.5;UNKNOWN
2016-01-23T01:22:50.000000;2016-01-23T01:22:50.000000;8fae4705-b0be-44df-a5c5-3ecf714e0fa4;386.09;0.422;UNKNOWN
2016-01-23T01:22:50.000000;2016-01-23T01:22:50.000000;d748012c-d027-4932-aae7-4d4b9ecbb16d;386.09;0.39;UNKNOWN
2016-01-23T01:22:53.000000;2016-01-23T01:22:53.000000;bed14e67-7b03-4fca-85c1-52af1d24c90d;385.6;18.262517;UNKNOWN
2016-01-23T01:22:53.000000;2016-01-23T01:22:53.000000;ed8cb347-1f5e-46a1-9a2b-04350086edd9;385.69;0.33;UNKNOWN
2016-01-23T01:22:53.000000;2016-01-23T01:22:53.000000;4e51a887-5006-4d74-891c-4f2d5c6319bb;385.8;0.407483;UNKNOWN
2016-01-23T01:22:58.000000;2016-01-23T01:22:58.000000;0c5e657e-5056-436e-9c8e-cc9d5f5405a5;385.8;0.72;UNKNOWN
2016-01-23T01:22:58.000000;2016-01-23T01:22:58.000000;dc57dd25-d1f9-49e4-86a3-0659d93a1c27;385.6;6.28352689;UNKNOWN
2016-01-23T01:23:06.000000;2016-01-23T01:23:06.000000;70de7548-2d81-4120-b28b-0330102c714f;385.05;10.0;UNKNOWN
2016-01-23T01:23:06.000000;2016-01-23T01:23:06.000000;ad12014d-56fe-47bb-9cdf-4e9e4eafba6c;385.02;23.4586;UNKNOWN
2016-01-23T01:23:06.000000;2016-01-23T01:23:06.000000;ffaf200d-5df3-450f-a5d2-1f96349ee341;385.09;19.4967;UNKNOWN
2016-01-23T01:23:06.000000;2016-01-23T01:23:06.000000;27ceb500-3924-485a-932e-4d81a53f8a13;385.19;0.05;UNKNOWN
2016-01-23T01:23:06.000000;2016-01-23T01:23:06.000000;980c704f-2544-4963-8ee2-a4c2f1adee12;385.24;18.318;UNKNOWN
2016-01-23T01:23:06.000000;2016-01-23T01:23:06.000000;ff31e50c-65f5-4c4f-84fb-f322b0d955d2;385.0;3.0;UNKNOWN
2016-01-23T01:23:06.000000;2016-01-23T01:23:06.000000;562d91e1-9d36-4829-a574-a2670bc6525c;385.0;12.0414596;UNKNOWN
2016-01-23T01:23:06.000000;2016-01-23T01:23:06.000000;8383470f-36bc-406e-96fe-4dc80962fcc4;385.08;10.0;UNKNOWN
2016-01-23T01:23:06.000000;2016-01-23T01:23:06.000000;89991b40-a3ae-4502-bcb6-ae5079a92ca7;385.29;0.05;UNKNOWN
2016-01-23T01:23:06.000000;2016-01-23T01:23:06.000000;f2d0a178-2efd-453a-a745-5d85646463f7;385.82;6.3882;UNKNOWN
2016-01-23T01:23:06.000000;2016-01-23T01:23:06.000000;4addefdd-e56a-468e-b293-fbca23869743;385.55;0.599;UNKNOWN
2016-01-23T01:23:06.000000;2016-01-23T01:23:06.000000;b9e48ea7-5db8-4fef-8a67-e6d91d874def;385.81;0.662;UNKNOWN
2016-01-23T01:23:06.000000;2016-01-23T01:23:06.000000;9a1a512f-5ce9-4384-a0ce-dded47779792;385.81;0.714;UNKNOWN
2016-01-23T01:23:06.000000;2016-01-23T01:23:06.000000;1b032ad0-e5f8-4242-a809-f0a9eea7d351;385.81;0.676;UNKNOWN
2016-01-23T01:23:06.000000;2016-01-23T01:23:06.000000;a2d5d4ac-6a64-40c8-997d-8400d7ce9298;385.81;0.74;UNKNOWN
2016-01-23T01:23:06.000000;2016-01-23T01:23:06.000000;d1c9eeaf-1f15-47da-aed5-98d37343c0b9;385.81;0.746;UNKNOWN
2016-01-23T01:23:06.000000;2016-01-23T01:23:06.000000;6341f0f4-d33f-48c2-8212-1712609d6595;385.81;0.294;UNKNOWN
2016-01-23T01:23:06.000000;2016-01-23T01:23:06.000000;aeef45b9-a3b0-4185-8da8-3086a3fa757b;385.81;0.67;UNKNOWN
2016-01-23T01:23:12.000000;2016-01-23T01:23:12.000000;6da820f1-a007-4dd4-b759-c435960e0265;385.81;0.674;UNKNOWN
2016-01-23T01:23:12.000000;2016-01-23T01:23:12.000000;ed3507f4-5fc6-480c-a4b9-5a409c98cbd8;385.0;3.04902984;UNKNOWN
2016-01-23T01:23:17.000000;2016-01-23T01:23:17.000000;47329d02-a682-403a-b8df-20034474c5f7;385.2;1.5;UNKNOWN
2016-01-23T01:23:26.000000;2016-01-23T01:23:26.000000;bd8db7de-e765-4483-a126-071671e50f3f;385.22;1.0058;UNKNOWN
2016-01-23T01:23:28.000000;2016-01-23T01:23:28.000000;a2711077-0851-428c-8f25-8df3ab53caa5;385.59;3.0;UNKNOWN
2016-01-23T01:23:28.000000;2016-01-23T01:23:28.000000;0e979926-e0bb-40b0-bec5-8f5cedd72487;385.59;0.041;UNKNOWN
2016-01-23T01:23:28.000000;2016-01-23T01:23:28.000000;44509527-5550-49ee-9bb2-9d5186e82958;385.58;0.5;UNKNOWN
2016-01-23T01:23:29.000000;2016-01-23T01:23:29.000000;43a5d442-bba9-4e08-baa8-6e82ac988f6e;385.22;1.0085;UNKNOWN
2016-01-23T01:23:37.000000;2016-01-23T01:23:37.000000;17299f74-de02-4e32-9877-4a5051977b6b;385.25;6.0;UNKNOWN
2016-01-23T01:23:37.000000;2016-01-23T01:23:37.000000;4a39254d-4953-4648-a28b-a83360d03a61;385.0;14.20201953;UNKNOWN
2016-01-23T01:23:37.000000;2016-01-23T01:23:37.000000;2320b218-a8dc-4fe1-947e-eb689ffbea87;385.26;20.42;UNKNOWN
2016-01-23T01:23:37.000000;2016-01-23T01:23:37.000000;b7f621e0-a9c1-4141-aa0b-75c5f016472d;385.25;3.0;UNKNOWN
2016-01-23T01:23:37.000000;2016-01-23T01:23:37.000000;c1915972-f5b7-4d7f-a46c-a2000fc39b54;385.2;0.61;UNKNOWN
2016-01-23T01:23:37.000000;2016-01-23T01:23:37.000000;3a54efd7-eecb-4d18-8020-5d2b73904264;385.25;0.5;UNKNOWN
2016-01-23T01:23:37.000000;2016-01-23T01:23:37.000000;c0033abb-0d61-4216-b16f-60e39cfe962c;385.25;6.4041;UNKNOWN
2016-01-23T01:24:08.000000;2016-01-23T01:24:08.000000;899d0777-d6ae-4599-879b-70c5588b0d34;385.2;0.5;UNKNOWN
2016-01-23T01:24:09.000000;2016-01-23T01:24:09.000000;e97bba09-17f2-4a1d-8437-28471ad81a29;385.37;0.317;UNKNOWN
2016-01-23T01:24:15.000000;2016-01-23T01:24:15.000000;b9e53084-9e38-4b6a-98b1-f576ee0d8b23;385.39;9.6277;UNKNOWN
2016-01-23T01:24:15.000000;2016-01-23T01:24:15.000000;297bbd83-d5cf-4d39-bbf6-bf3e02075f47;385.03;6.4685;UNKNOWN
2016-01-23T01:24:15.000000;2016-01-23T01:24:15.000000;53339754-f730-440e-9081-e0e6ac69617e;385.34;20.42;UNKNOWN
2016-01-23T01:24:15.000000;2016-01-23T01:24:15.000000;41ba3450-f185-4353-901e-c1036a957e5f;385.0;50.0;UNKNOWN
2016-01-23T01:24:15.000000;2016-01-23T01:24:15.000000;5896097e-c1fe-4e6f-8c76-feb4ae1d8d96;385.0;30.0;UNKNOWN
2016-01-23T01:24:15.000000;2016-01-23T01:24:15.000000;4bcbc09e-dbd3-4672-949a-84cbeb81d804;385.02;25.0;UNKNOWN
2016-01-23T01:24:15.000000;2016-01-23T01:24:15.000000;41883af3-d4fe-45c4-b584-34f3c4d8d101;385.0;20.70749103;UNKNOWN
2016-01-23T01:24:15.000000;2016-01-23T01:24:15.000000;677e9ce3-0f27-4588-92ab-2a9a1b224e6c;385.0;50.0;UNKNOWN
2016-01-23T01:24:15.000000;2016-01-23T01:24:15.000000;63a43a6a-a380-4134-83fa-dc218096f57f;385.35;3.0;UNKNOWN
2016-01-23T01:24:15.000000;2016-01-23T01:24:15.000000;50978b09-f7a2-42c6-ae78-9d00a7cebe5a;385.37;0.5;UNKNOWN
2016-01-23T01:24:15.000000;2016-01-23T01:24:15.000000;7bb5db0a-c6a8-4885-87ed-d95e75b15b3c;385.35;6.4523;UNKNOWN
2016-01-23T01:24:18.000000;2016-01-23T01:24:18.000000;fd0f18f4-9d98-4d6c-bd72-f203d88d235a;384.32;0.9152958;UNKNOWN
2016-01-23T01:24:18.000000;2016-01-23T01:24:18.000000;ba4eac28-cc81-48c0-8d26-1bbb10631018;384.72;0.05;UNKNOWN
2016-01-23T01:24:18.000000;2016-01-23T01:24:18.000000;85cd3df0-ed02-4a95-b6ce-0e05613d80ca;384.61;1.0786042;UNKNOWN
2016-01-23T01:24:18.000000;2016-01-23T01:24:18.000000;b49d39e3-517c-47fb-a033-4f418cff5485;384.72;0.5;UNKNOWN
2016-01-23T01:24:18.000000;2016-01-23T01:24:18.000000;1955d3cc-7b24-4cfb-bc2a-d97afcc8d808;384.89;0.05;UNKNOWN
2016-01-23T01:24:18.000000;2016-01-23T01:24:18.000000;a9d92557-05c6-456a-bd15-b684d04792cc;384.7;1.0;UNKNOWN
2016-01-23T01:24:18.000000;2016-01-23T01:24:18.000000;5e201c43-6175-428c-80cf-bf008558b7cb;384.71;0.0061;UNKNOWN
2016-01-23T01:24:18.000000;2016-01-23T01:24:18.000000;dd14177b-70e2-43b6-a960-d59100b4de0f;384.71;0.4;UNKNOWN
2016-01-23T01:24:18.000000;2016-01-23T01:24:18.000000;e2df211b-e6d8-4a25-bab5-2cae1a9aa751;384.32;5.0847042;UNKNOWN
2016-01-23T01:24:18.000000;2016-01-23T01:24:18.000000;4f041313-9df3-43d0-8ea3-8d39b8a2af1a;384.32;3.0;UNKNOWN
2016-01-23T01:24:18.000000;2016-01-23T01:24:18.000000;9dc71e77-b266-41ad-bdf1-61992cd4fe78;384.32;1.9152958;UNKNOWN
2016-01-23T01:24:20.000000;2016-01-23T01:24:20.000000;56c0d5fb-8fb1-46f1-82ee-8faa3e1e6a07;384.71;0.05;UNKNOWN
2016-01-23T01:24:23.000000;2016-01-23T01:24:23.000000;e1b35540-6563-463b-936b-09aa2ce6097d;384.3;0.0288;UNKNOWN
2016-01-23T01:24:23.000000;2016-01-23T01:24:23.000000;b289e286-6af1-4acc-8ddf-f1f78224b1a5;384.29;4.3612;UNKNOWN
2016-01-23T01:24:24.000000;2016-01-23T01:24:24.000000;6a5e630c-47ca-49a4-a413-e4fbd48efe4c;384.3;0.4;UNKNOWN
2016-01-23T01:24:32.000000;2016-01-23T01:24:32.000000;8adbfe42-8acf-4731-a06b-62ed6273f06d;384.03;0.483;UNKNOWN
2016-01-23T01:24:32.000000;2016-01-23T01:24:32.000000;0c4947c5-eab7-4809-b78d-55f4ec48ca5e;384.15;0.05;UNKNOWN
2016-01-23T01:24:32.000000;2016-01-23T01:24:32.000000;3696b903-dbcb-4ec9-9729-906718c2a906;384.29;0.267;UNKNOWN
2016-01-23T01:24:32.000000;2016-01-23T01:24:32.000000;d7e86313-b53a-48ec-888a-54f78057fdb4;384.03;3.0;UNKNOWN
2016-01-23T01:24:39.000000;2016-01-23T01:24:39.000000;07e2d57b-3e29-4cc6-ace2-1ae8801118e4;384.05;4.36425205;UNKNOWN
2016-01-23T01:24:39.000000;2016-01-23T01:24:39.000000;44ff886e-c176-4e6a-967d-ed5fdcec274d;384.29;0.723;UNKNOWN
2016-01-23T01:24:39.000000;2016-01-23T01:24:39.000000;7fd1befe-dddd-493a-9161-217e634db2a7;384.29;0.295;UNKNOWN
2016-01-23T01:24:46.000000;2016-01-23T01:24:46.000000;a714722e-0f3d-4ecd-bad7-cc74fb183c5a;384.93;0.437;UNKNOWN
2016-01-23T01:25:06.000000;2016-01-23T01:25:06.000000;d617f45d-0d87-4d46-aad3-96310b9b2f71;384.38;8.3197272;UNKNOWN
2016-01-23T01:25:26.000000;2016-01-23T01:25:26.000000;e780a5ec-1f2f-409b-ab26-30ed71450650;384.89;4.101;UNKNOWN
2016-01-23T01:25:27.000000;2016-01-23T01:25:27.000000;47fdbd95-5e60-454b-b3ac-567e499cc24d;384.45;0.709;UNKNOWN
2016-01-23T01:25:27.000000;2016-01-23T01:25:27.000000;511be2c6-b637-46d3-9b33-4d47c06a4d29;384.45;0.294;UNKNOWN
2016-01-23T01:25:27.000000;2016-01-23T01:25:27.000000;dfe3876d-c939-4fba-b762-97453d0495d2;384.45;0.104;UNKNOWN
2016-01-23T01:25:27.000000;2016-01-23T01:25:27.000000;fdddb4e7-4584-43ae-a822-299c012a64b6;384.45;0.671;UNKNOWN
2016-01-23T01:25:27.000000;2016-01-23T01:25:27.000000;969dfa06-5094-4974-bc0f-ec7da3a707b3;384.45;0.722;UNKNOWN
2016-01-23T01:25:54.000000;2016-01-23T01:25:54.000000;235df2bb-272a-44c4-8aaa-d085ca66ecda;384.48;0.72745564;UNKNOWN
2016-01-23T01:25:54.000000;2016-01-23T01:25:54.000000;acb0320f-3be7-42bd-bd6f-19bc05da9837;384.48;0.01354436;UNKNOWN
2016-01-23T01:25:55.000000;2016-01-23T01:25:55.000000;926d4214-e980-469b-ae6b-452c829bf5a3;384.48;0.714;UNKNOWN
2016-01-23T01:25:55.000000;2016-01-23T01:25:55.000000;a7b7e09d-fbd3-40db-b539-97185c1a510b;384.48;0.747;UNKNOWN
2016-01-23T01:25:56.000000;2016-01-23T01:25:56.000000;b0e4a9ba-1448-41e4-8124-84fec5800cf1;384.48;0.677;UNKNOWN
2016-01-23T01:25:59.000000;2016-01-23T01:25:59.000000;32d200d7-7aff-4ac8-a9c6-af290e144bb4;384.47;0.0153493;UNKNOWN
2016-01-23T01:26:03.000000;2016-01-23T01:26:03.000000;96a4e779-e3d1-452c-9b30-b7ad8077368c;384.45;0.5;UNKNOWN
2016-01-23T01:26:04.000000;2016-01-23T01:26:04.000000;c0052cb2-6c47-46f2-9175-af2b7135bf72;384.45;0.288;UNKNOWN
2016-01-23T01:26:09.000000;2016-01-23T01:26:09.000000;677b7d94-51d7-461b-b9fb-8891c92c5326;384.44;0.0633;UNKNOWN
2016-01-23T01:26:09.000000;2016-01-23T01:26:09.000000;c7335c5a-25d5-4728-8e00-a4b53f567645;384.44;0.274;UNKNOWN
2016-01-23T01:26:09.000000;2016-01-23T01:26:09.000000;8d5cd865-f6c1-4515-89d9-b4816db2f45f;384.44;0.2107;UNKNOWN
2016-01-23T01:26:13.000000;2016-01-23T01:26:13.000000;323228ee-8364-47e1-8a7d-e4002d472530;384.13;0.02565;UNKNOWN
2016-01-23T01:26:18.000000;2016-01-23T01:26:18.000000;b411f784-0975-4efb-bcea-3885177a29f1;384.66;0.757;UNKNOWN
2016-01-23T01:26:25.000000;2016-01-23T01:26:25.000000;30180221-02c2-48fa-850b-3e3682e89782;384.66;0.5;UNKNOWN
2016-01-23T01:26:28.000000;2016-01-23T01:26:28.000000;81a11acd-7751-4b73-9a0c-2b05cf027aeb;384.79;0.708;UNKNOWN
2016-01-23T01:26:29.000000;2016-01-23T01:26:29.000000;d4d699ee-3466-4ff2-8fe9-41a9eeb2a69a;384.79;0.724;UNKNOWN
2016-01-23T01:26:35.000000;2016-01-23T01:26:35.000000;e3236d6d-e5ab-4bb5-9f28-cb24312ed1a9;384.8;0.669;UNKNOWN
2016-01-23T01:26:35.000000;2016-01-23T01:26:35.000000;283d5e57-f854-42f8-ac4f-564b96124f51;384.8;0.277;UNKNOWN
2016-01-23T01:26:35.000000;2016-01-23T01:26:35.000000;08ef530e-8bb2-4724-b2e5-ae1e8711b303;384.8;0.294;UNKNOWN
2016-01-23T01:26:36.000000;2016-01-23T01:26:36.000000;03372f2b-f513-4bd0-a61b-f0cc777936fc;384.8;0.291;UNKNOWN
2016-01-23T01:26:43.000000;2016-01-23T01:26:43.000000;0ba8d374-f1e4-47f3-96e2-4a26f3c12691;384.8;1.469;UNKNOWN
2016-01-23T01:26:43.000000;2016-01-23T01:26:43.000000;6d1df05d-492b-4557-a393-c5052d47273b;384.89;1.102;UNKNOWN
2016-01-23T01:26:43.000000;2016-01-23T01:26:43.000000;a7711e3b-6715-4b7c-a812-5a38b83adc58;384.85;0.5;UNKNOWN
2016-01-23T01:26:48.000000;2016-01-23T01:26:48.000000;986d0937-20ee-4e8b-b2aa-7cfd04874295;384.9;0.727;UNKNOWN
2016-01-23T01:26:49.000000;2016-01-23T01:26:49.000000;cd4c2b37-e268-4602-88dd-5276515978ab;384.9;0.766;UNKNOWN
2016-01-23T01:26:51.000000;2016-01-23T01:26:51.000000;94360234-73e2-4603-b589-f1755d5e9526;384.9;0.751;UNKNOWN
2016-01-23T01:26:54.000000;2016-01-23T01:26:54.000000;2e158ab7-755e-493f-a25e-901f523b4fe9;384.9;0.662;UNKNOWN
2016-01-23T01:26:55.000000;2016-01-23T01:26:55.000000;65319aa6-917e-4baa-92af-8432a9572323;384.9;0.094;UNKNOWN
2016-01-23T01:27:01.000000;2016-01-23T01:27:01.000000;946dbee0-dab4-4a53-a307-0fdd66b77376;385.0;0.25;UNKNOWN
2016-01-23T01:27:01.000000;2016-01-23T01:27:01.000000;c7f2baef-f0ca-4b9f-93c2-9ea90aa585dd;385.0;0.24887013;UNKNOWN
2016-01-23T01:27:21.000000;2016-01-23T01:27:21.000000;725d3b07-b1ca-4132-bf58-2b064fb9d411;385.0;2.75112987;UNKNOWN
2016-01-23T01:27:23.000000;2016-01-23T01:27:23.000000;fea888ee-e20e-4a11-9cad-26a6ff2912f6;385.01;0.36;UNKNOWN
2016-01-23T01:27:46.000000;2016-01-23T01:27:46.000000;6932394f-66b0-45d4-94a8-2d5912d54246;385.81;1.5;UNKNOWN
2016-01-23T01:28:03.000000;2016-01-23T01:28:03.000000;bc04850b-95cc-4023-8ff4-b1e637fc8454;385.5;0.11703964;UNKNOWN
2016-01-23T01:28:49.000000;2016-01-23T01:28:49.000000;3611647f-0e56-4bb3-8828-956c7281b115;385.98;0.755;UNKNOWN
2016-01-23T01:28:49.000000;2016-01-23T01:28:49.000000;8d56f793-1c21-4375-99bc-44c7d568f95a;385.99;0.693;UNKNOWN
2016-01-23T01:28:50.000000;2016-01-23T01:28:50.000000;4f381030-8441-47de-8111-3612a818dd3f;385.99;0.71;UNKNOWN
2016-01-23T01:28:50.000000;2016-01-23T01:28:50.000000;79ece051-51c9-42eb-8ad9-4a865a4a4f8f;385.99;0.295;UNKNOWN
2016-01-23T01:28:50.000000;2016-01-23T01:28:50.000000;2d22c540-783a-4099-89b2-c12689d768f3;385.99;0.667;UNKNOWN
2016-01-23T01:28:50.000000;2016-01-23T01:28:50.000000;7771c6be-0056-4da7-a3e3-3f8d5ddb010a;385.99;0.276;UNKNOWN
2016-01-23T01:28:50.000000;2016-01-23T01:28:50.000000;487169f0-106b-4d6e-9ee4-1a7b072cdbd4;385.99;0.685;UNKNOWN
2016-01-23T01:28:50.000000;2016-01-23T01:28:50.000000;11171516-25f0-4d03-85c7-af8702c6ce75;385.99;0.688;UNKNOWN
2016-01-23T01:28:54.000000;2016-01-23T01:28:54.000000;770dacfb-069e-4b20-aa57-95ceb1ae2649;386.0;0.712;UNKNOWN
2016-01-23T01:28:55.000000;2016-01-23T01:28:55.000000;4ce265a9-6b03-491b-9f11-e1bb8680ec35;386.0;0.668;UNKNOWN
2016-01-23T01:28:56.000000;2016-01-23T01:28:56.000000;aa89a242-a08a-4f89-a2f6-c70b8fdb3b18;386.0;0.62;UNKNOWN
2016-01-23T01:29:04.000000;2016-01-23T01:29:04.000000;2949313b-8f54-4f5e-8f8d-a6b119b874cf;386.22;0.688;UNKNOWN
2016-01-23T01:29:04.000000;2016-01-23T01:29:04.000000;5e77af9c-3086-415d-bf0e-75f6dcc6aa2c;386.22;0.272;UNKNOWN
2016-01-23T01:29:04.000000;2016-01-23T01:29:04.000000;750b10f3-fd68-47d6-9480-1ce3b9770927;386.22;0.276;UNKNOWN
2016-01-23T01:29:04.000000;2016-01-23T01:29:04.000000;b589eb50-b950-48bd-b6c3-cb1ae0ebe0a4;386.22;0.082;UNKNOWN
2016-01-23T01:29:05.000000;2016-01-23T01:29:05.000000;983891d6-7453-4fcb-939b-759fac28c4e3;386.22;0.706;UNKNOWN
2016-01-23T01:29:05.000000;2016-01-23T01:29:05.000000;aeba7bb8-16a5-4144-a67e-68410bd101c9;386.22;0.655;UNKNOWN
2016-01-23T01:29:05.000000;2016-01-23T01:29:05.000000;08269d22-7e24-49ef-bb73-d8bf4eb1e498;386.22;0.279;UNKNOWN
2016-01-23T01:29:05.000000;2016-01-23T01:29:05.000000;394ebada-6269-4504-9083-7e470555d7a8;386.22;0.688;UNKNOWN
2016-01-23T01:29:05.000000;2016-01-23T01:29:05.000000;a9adac0e-e3fe-4322-b7fc-1a9f6d755a96;386.22;0.676;UNKNOWN
2016-01-23T01:29:06.000000;2016-01-23T01:29:06.000000;7e875465-dc77-4e12-a667-bae756787e9d;386.22;3.075;UNKNOWN
2016-01-23T01:29:11.000000;2016-01-23T01:29:11.000000;1f5f549d-766e-45ce-8285-7810b40c71f2;386.05;5.0;UNKNOWN
2016-01-23T01:29:27.000000;2016-01-23T01:29:27.000000;96b70eba-198a-4ed5-abe1-0d24be18c32b;386.19;0.278;UNKNOWN
2016-01-23T01:30:05.000000;2016-01-23T01:30:05.000000;1bd836d9-6758-49f5-a93c-60f5cbff3233;385.55;3.445;UNKNOWN
2016-01-23T01:30:05.000000;2016-01-23T01:30:05.000000;a29d87a5-502e-452f-abb7-21121e3c4d8b;385.99;0.275;UNKNOWN
2016-01-23T01:30:05.000000;2016-01-23T01:30:05.000000;4b357721-a4e1-4549-b1cf-a3b1b2ee32b8;385.99;0.78;UNKNOWN
2016-01-23T01:30:05.000000;2016-01-23T01:30:05.000000;47dd3dfb-ef76-4008-bfb4-f341c718a360;385.95;0.5;UNKNOWN
2016-01-23T01:30:08.000000;2016-01-23T01:30:08.000000;38799d92-02f6-49d0-87b0-06711a798184;385.99;0.684;UNKNOWN
2016-01-23T01:30:35.000000;2016-01-23T01:30:35.000000;fb0468c8-ec2f-4ee7-bc6d-2600b550007f;385.8;0.02;UNKNOWN
2016-01-23T01:30:35.000000;2016-01-23T01:30:35.000000;f2a0a800-ee2d-4818-aba6-85d901034a3c;385.38;0.4788;UNKNOWN
2016-01-23T01:30:44.000000;2016-01-23T01:30:44.000000;278f5dcb-46a3-49b9-98d7-204a2829e1fb;385.41;0.5;UNKNOWN
2016-01-23T01:30:44.000000;2016-01-23T01:30:44.000000;4ef7d31b-f6b6-46c8-b233-5349ab123e35;385.41;3.0;UNKNOWN
2016-01-23T01:30:44.000000;2016-01-23T01:30:44.000000;fc565815-9b5d-4ba5-b801-9fb6018dd4eb;385.4;1.5;UNKNOWN
2016-01-23T01:30:59.000000;2016-01-23T01:30:59.000000;847f000b-0224-469d-9548-9f98c1faa5c3;385.92;0.932533;UNKNOWN
2016-01-23T01:31:04.000000;2016-01-23T01:31:04.000000;f954d504-460b-403c-8d72-a5f0d3475289;385.89;0.04;UNKNOWN
2016-01-23T01:31:11.000000;2016-01-23T01:31:11.000000;194c7715-5135-43d5-a8a1-e5d95db1390e;385.4;0.06;UNKNOWN
2016-01-23T01:31:19.000000;2016-01-23T01:31:19.000000;d6a610ba-c428-4dc6-8b47-e9e406cfd6f8;385.4;0.05;UNKNOWN
2016-01-23T01:31:23.000000;2016-01-23T01:31:23.000000;0228214b-a73a-4878-87e0-64d4fd985885;385.41;0.05575668;UNKNOWN
2016-01-23T01:31:39.000000;2016-01-23T01:31:39.000000;74ff952c-1f45-49b2-bf29-dbd848830aa2;385.81;0.786;UNKNOWN
2016-01-23T01:31:41.000000;2016-01-23T01:31:41.000000;943a60a5-82c0-4793-8c7f-cdb63dfbdce9;385.79;0.278;UNKNOWN
2016-01-23T01:31:41.000000;2016-01-23T01:31:41.000000;376908d4-0fa7-43e8-a1e1-e8d930f890dd;385.79;0.69;UNKNOWN
2016-01-23T01:32:07.000000;2016-01-23T01:32:07.000000;31945bb8-67c6-41a9-9c6e-5910156366ec;385.69;0.281;UNKNOWN
2016-01-23T01:32:08.000000;2016-01-23T01:32:08.000000;f51545e4-1c65-49f0-bd6c-a3b2ca3bb89e;385.69;0.31;UNKNOWN
2016-01-23T01:32:16.000000;2016-01-23T01:32:16.000000;6ce9355b-e702-4182-8b63-7f4e75c65169;385.65;1.0;UNKNOWN
2016-01-23T01:32:16.000000;2016-01-23T01:32:16.000000;dcca2399-7bce-423c-ab04-c31ec1bb3c4c;385.65;0.661;UNKNOWN
2016-01-23T01:32:19.000000;2016-01-23T01:32:19.000000;769bc52e-3060-4cc7-b912-97f1969233ba;385.66;0.5;UNKNOWN
2016-01-23T01:32:39.000000;2016-01-23T01:32:39.000000;6a8f78b9-6818-415c-a7b8-22d4b7f3073a;385.97;0.712;UNKNOWN
2016-01-23T01:32:40.000000;2016-01-23T01:32:40.000000;34ff766c-1782-4073-a3a8-e3bebaf3d1b0;385.97;0.694;UNKNOWN
2016-01-23T01:33:01.000000;2016-01-23T01:33:01.000000;dcdbe185-fc9b-4d04-8676-eb221dbf74e0;385.99;0.665;UNKNOWN
2016-01-23T01:33:02.000000;2016-01-23T01:33:02.000000;93cd2364-2857-4470-b6a0-2a7dfd0444f6;385.99;0.281;UNKNOWN
2016-01-23T01:33:02.000000;2016-01-23T01:33:02.000000;38e6c24e-73db-4819-bf84-ea12b1e1ef89;385.99;0.283;UNKNOWN
2016-01-23T01:33:03.000000;2016-01-23T01:33:03.000000;ac740d15-e33d-4277-a73e-2673a878e8f2;385.81;0.12988541;UNKNOWN
2016-01-23T01:34:04.000000;2016-01-23T01:34:04.000000;bdc660c9-d5fa-46b2-aacf-fd88805089d6;386.0;6.0;UNKNOWN
2016-01-23T01:34:13.000000;2016-01-23T01:34:13.000000;be6addac-0aad-4a3d-81d7-226ab4c678cf;386.37;3.70381914;UNKNOWN
2016-01-23T01:34:22.000000;2016-01-23T01:34:22.000000;78b0be98-7e35-4b07-94ba-e68b7e982e97;386.01;2.5;UNKNOWN
2016-01-23T01:34:22.000000;2016-01-23T01:34:22.000000;dcb30a93-09d2-4e95-b714-3b148b0642d2;386.01;0.5;UNKNOWN
2016-01-23T01:34:52.000000;2016-01-23T01:34:52.000000;e2f73127-3c83-45fd-902e-3ca59fe269da;386.02;5.0;UNKNOWN
2016-01-23T01:35:22.000000;2016-01-23T01:35:22.000000;541af0d2-3cfc-403f-b2f4-f844051da6f2;386.03;4.5;UNKNOWN
2016-01-23T01:35:22.000000;2016-01-23T01:35:22.000000;0d7e40c7-bcf4-4a62-9759-52b7f74a3cd8;386.04;0.5;UNKNOWN
2016-01-23T01:36:14.000000;2016-01-23T01:36:14.000000;34fbcd90-1323-42a3-8c5a-4fea7ee1417c;386.09;2.43713304;UNKNOWN
2016-01-23T01:36:14.000000;2016-01-23T01:36:14.000000;a13688b0-88a9-45c4-b697-350d81f9f43b;386.09;0.0443115;UNKNOWN
2016-01-23T01:36:14.000000;2016-01-23T01:36:14.000000;27afb7da-02a3-4bbd-be0f-273e30fc7083;386.09;6.4635;UNKNOWN
2016-01-23T01:36:14.000000;2016-01-23T01:36:14.000000;7b720880-33a3-4cac-b919-92b83dd80b4a;386.09;0.5;UNKNOWN
2016-01-23T01:36:14.000000;2016-01-23T01:36:14.000000;7464035e-8806-4f70-924e-a177ae496d9e;386.09;0.24505546;UNKNOWN
2016-01-23T01:36:14.000000;2016-01-23T01:36:14.000000;cae9f757-d272-4910-89a2-dbc6b0aa223c;386.09;0.31;UNKNOWN
2016-01-23T01:36:22.000000;2016-01-23T01:36:22.000000;ead33b0f-620e-4561-9e0d-7c5b9ec3be83;385.47;0.51605546;UNKNOWN
2016-01-23T01:36:22.000000;2016-01-23T01:36:22.000000;903e0cf9-a022-44cb-a7ce-340c7a5b4d15;386.09;0.716;UNKNOWN
2016-01-23T01:36:22.000000;2016-01-23T01:36:22.000000;0f970235-30fc-46ee-87ca-00339c1825c2;386.09;0.792;UNKNOWN
2016-01-23T01:36:22.000000;2016-01-23T01:36:22.000000;fd0d0902-0e59-4312-b3ca-9178eb339dc9;386.09;0.675;UNKNOWN
2016-01-23T01:36:22.000000;2016-01-23T01:36:22.000000;b877216d-7388-4ce8-9b79-67b6b0954f3d;386.09;0.28;UNKNOWN
2016-01-23T01:36:22.000000;2016-01-23T01:36:22.000000;ff73868b-217c-4bc9-a786-fb608c65db4d;386.09;0.698;UNKNOWN
2016-01-23T01:36:22.000000;2016-01-23T01:36:22.000000;a27d2263-7493-4a81-9db7-e9268b751296;386.09;0.47694454;UNKNOWN
2016-01-23T01:36:22.000000;2016-01-23T01:36:22.000000;05d2e39e-0a43-4d99-a8aa-a11abccc26eb;386.09;0.282;UNKNOWN
2016-01-23T01:36:22.000000;2016-01-23T01:36:22.000000;e198412d-7ec7-48d2-9af6-8c8c540fa5b8;386.09;0.285;UNKNOWN
2016-01-23T01:36:22.000000;2016-01-23T01:36:22.000000;124ed560-9f21-4abb-aa21-56834673d02b;386.09;0.279;UNKNOWN
2016-01-23T01:36:53.000000;2016-01-23T01:36:53.000000;6323a7b3-01bc-4cc9-bf6a-9ee592cb14ff;385.4;0.54455779;UNKNOWN
2016-01-23T01:37:53.000000;2016-01-23T01:37:53.000000;b204c514-e83d-4a24-8625-9800a2f548f1;385.41;0.1;UNKNOWN
2016-01-23T01:37:59.000000;2016-01-23T01:37:59.000000;c2776bf8-46c4-47aa-806e-5c224abe5be4;385.41;0.627;UNKNOWN
2016-01-23T01:37:59.000000;2016-01-23T01:37:59.000000;12502aab-3358-4067-bed6-5e74d3026b29;385.41;0.23826709;UNKNOWN
2016-01-23T01:38:09.000000;2016-01-23T01:38:09.000000;b915f8ad-996e-413e-b4d0-497b35fc7675;385.41;0.04873291;UNKNOWN
2016-01-23T01:38:09.000000;2016-01-23T01:38:09.000000;8eb58f03-1e2f-41f4-be10-dff721b13d7d;385.41;0.05126709;UNKNOWN
2016-01-23T01:38:34.000000;2016-01-23T01:38:34.000000;f37aa89d-f4c4-4d3a-a668-8a27ec484903;385.41;0.25426709;UNKNOWN
2016-01-23T01:38:34.000000;2016-01-23T01:38:34.000000;a97b3ac5-e1bc-4ba6-98de-bf96ffa3def9;385.41;0.74573291;UNKNOWN
2016-01-23T01:38:42.000000;2016-01-23T01:38:42.000000;bc507ad9-1269-4edc-9a7a-b15b0ad6237d;385.41;0.312;UNKNOWN
2016-01-23T01:38:42.000000;2016-01-23T01:38:42.000000;f6e988ee-697f-4676-8d78-65e0b100f4f1;385.41;0.02973291;UNKNOWN
2016-01-23T01:38:42.000000;2016-01-23T01:38:42.000000;9306b5ee-a662-4202-8888-4350910dca93;385.41;0.65826709;UNKNOWN
2016-01-23T01:39:11.000000;2016-01-23T01:39:11.000000;33929a8a-e25b-427f-b5dd-70d525e71dac;385.41;0.34826709;UNKNOWN
2016-01-23T01:39:11.000000;2016-01-23T01:39:11.000000;81b636e0-f9af-4e73-8c49-dbcad728bb56;385.41;0.721;UNKNOWN
2016-01-23T01:39:11.000000;2016-01-23T01:39:11.000000;256612d8-cac9-403e-a3e7-1529913fab98;385.41;0.314;UNKNOWN
2016-01-23T01:39:11.000000;2016-01-23T01:39:11.000000;9cc23b81-c3a8-45f3-8383-a90f6b88d7b4;385.41;0.286;UNKNOWN
2016-01-23T01:39:11.000000;2016-01-23T01:39:11.000000;4e045dd1-ebc6-4a8c-a2f8-acf886a82956;385.41;0.289;UNKNOWN
2016-01-23T01:39:11.000000;2016-01-23T01:39:11.000000;5cf79384-a013-45b0-8602-900ba49ca56e;385.41;0.04173291;UNKNOWN
2016-01-23T01:39:18.000000;2016-01-23T01:39:18.000000;53bc5e7e-8225-47cc-b999-7f44c1127372;385.46;0.5;UNKNOWN
2016-01-23T01:39:18.000000;2016-01-23T01:39:18.000000;c35366cb-a0f8-449c-afdb-5c0101ef69a4;385.47;3.0;UNKNOWN
2016-01-23T01:39:30.000000;2016-01-23T01:39:30.000000;2c97ed25-40db-47a1-a8c5-48de98dad450;385.47;2.0;UNKNOWN
2016-01-23T01:39:36.000000;2016-01-23T01:39:36.000000;d27ec2d5-1dd3-405c-b8e6-084b98fb1f11;385.47;1.22784061;UNKNOWN
2016-01-23T01:39:45.000000;2016-01-23T01:39:45.000000;2b8a924e-98ab-4eb7-b77e-d53de66b61db;385.47;2.0;UNKNOWN
2016-01-23T01:39:48.000000;2016-01-23T01:39:48.000000;f9df176a-83ec-4ae6-85c0-a915d5c6617d;385.47;1.16668959;UNKNOWN
2016-01-23T01:39:50.000000;2016-01-23T01:39:50.000000;41490ae5-94d0-403b-885b-e3c2b8059b07;385.49;1.105;UNKNOWN
2016-01-23T01:39:54.000000;2016-01-23T01:39:54.000000;beb6d329-55c6-4edd-aa6e-785f2388f10d;385.47;1.17543225;UNKNOWN
2016-01-23T01:39:58.000000;2016-01-23T01:39:58.000000;3d057809-e0da-408a-9560-81357064c882;385.47;2.0;UNKNOWN
2016-01-23T01:40:43.000000;2016-01-23T01:40:43.000000;cb4d3f5c-39e3-4edb-a0da-5e1435fc3067;385.49;0.804;UNKNOWN
2016-01-23T01:40:43.000000;2016-01-23T01:40:43.000000;e019f608-5f28-4260-85f7-1a3a02d4cec4;385.49;0.316;UNKNOWN
2016-01-23T01:40:43.000000;2016-01-23T01:40:43.000000;38a0b147-3d49-4440-ad0f-f6cb2ce432b4;385.49;0.288;UNKNOWN
2016-01-23T01:40:43.000000;2016-01-23T01:40:43.000000;34c17c28-cd21-42b6-886b-dd8822f01535;385.49;0.281;UNKNOWN
2016-01-23T01:40:43.000000;2016-01-23T01:40:43.000000;c95d47f8-39d6-45c7-983d-e6a93b920133;385.49;0.725;UNKNOWN
2016-01-23T01:40:43.000000;2016-01-23T01:40:43.000000;8977f6fb-342f-465c-ad5e-72f76e11455b;385.49;0.704;UNKNOWN
2016-01-23T01:40:43.000000;2016-01-23T01:40:43.000000;b40b5d2e-ce9a-48e3-957d-1caa7dcce5cc;385.49;0.68702317;UNKNOWN
2016-01-23T01:40:43.000000;2016-01-23T01:40:43.000000;e81f812e-2ea6-4f90-9cea-41bb411692bd;385.49;0.282;UNKNOWN
2016-01-23T01:40:43.000000;2016-01-23T01:40:43.000000;68d50118-cf93-4773-8af0-0744fc6eb746;385.49;0.703;UNKNOWN
2016-01-23T01:40:43.000000;2016-01-23T01:40:43.000000;150dd34c-9ed5-4f84-9d3e-626e98a8d896;385.49;0.731;UNKNOWN
2016-01-23T01:40:43.000000;2016-01-23T01:40:43.000000;4c414233-ae78-4dd7-8eeb-d20528003ce0;385.49;0.29;UNKNOWN
2016-01-23T01:41:05.000000;2016-01-23T01:41:05.000000;8398996b-2d35-4d53-90cb-c0999b76098c;385.49;0.01735998;UNKNOWN
2016-01-23T01:41:22.000000;2016-01-23T01:41:22.000000;bba4de9f-677f-4093-a2a2-3767c33e680a;385.47;0.23375129;UNKNOWN
2016-01-23T01:42:13.000000;2016-01-23T01:42:13.000000;93d04752-d577-4064-9242-10dee6aa5114;385.47;0.209756;UNKNOWN
2016-01-23T01:42:14.000000;2016-01-23T01:42:14.000000;fa94363c-5e80-4e9d-b1f1-320d299707f7;385.47;0.495045;UNKNOWN
2016-01-23T01:42:47.000000;2016-01-23T01:42:47.000000;c019bfe6-9441-407a-878c-6fe6ab82c93b;385.49;0.263;UNKNOWN
2016-01-23T01:43:01.000000;2016-01-23T01:43:01.000000;7e94376d-5060-4555-af45-f8931ae89a3a;385.47;0.99148526;UNKNOWN
2016-01-23T01:43:01.000000;2016-01-23T01:43:01.000000;fe00e2f5-35ad-4554-9bcb-811faff4aac9;385.4;0.12344221;UNKNOWN
2016-01-23T01:43:01.000000;2016-01-23T01:43:01.000000;447a0ad2-bea4-4512-b209-00d6e7d00aa5;385.47;0.735;UNKNOWN
2016-01-23T01:43:01.000000;2016-01-23T01:43:01.000000;5b6864a9-b345-411d-b318-99e39d39d7c5;385.47;0.708;UNKNOWN
2016-01-23T01:43:01.000000;2016-01-23T01:43:01.000000;4188598c-b412-4e4f-ac46-dc06a3bbd5d3;385.47;0.292;UNKNOWN
2016-01-23T01:43:01.000000;2016-01-23T01:43:01.000000;5b68a957-7922-4feb-acfe-68f2f6ebb24f;385.47;0.729;UNKNOWN
2016-01-23T01:43:01.000000;2016-01-23T01:43:01.000000;26457960-3fb2-476f-92e0-07c83b55af3b;385.47;0.318;UNKNOWN
2016-01-23T01:43:01.000000;2016-01-23T01:43:01.000000;9539b19e-a418-4fa5-97fd-c46d2c716ab5;385.47;0.08242592;UNKNOWN
2016-01-23T01:43:01.000000;2016-01-23T01:43:01.000000;19f3cc5f-c380-4c90-bcec-f4d5979d85fa;385.47;0.283;UNKNOWN
2016-01-23T01:43:01.000000;2016-01-23T01:43:01.000000;f72ea7ba-5448-4dca-b34b-0a3b9913904d;385.4;1.0;UNKNOWN
2016-01-23T01:43:01.000000;2016-01-23T01:43:01.000000;4770439e-55d3-4248-a5b5-2961f0bb59d7;385.4;1.0;UNKNOWN
2016-01-23T01:43:01.000000;2016-01-23T01:43:01.000000;c340fd35-22e2-4206-a775-531e2e5a6a8b;385.47;0.809;UNKNOWN
2016-01-23T01:43:01.000000;2016-01-23T01:43:01.000000;23fcb97c-ac09-4ff7-b47b-a7b7af0ea377;385.47;0.289;UNKNOWN
2016-01-23T01:43:01.000000;2016-01-23T01:43:01.000000;002fba28-190a-4457-a57b-03e4699bb095;385.47;0.707;UNKNOWN
2016-01-23T01:43:01.000000;2016-01-23T01:43:01.000000;72f19b01-6564-4920-b555-3c9d2f60a1e7;385.47;0.04743832;UNKNOWN
2016-01-23T01:43:01.000000;2016-01-23T01:43:01.000000;6b2dd583-b3f2-46a8-a5b3-bf7db1afb53f;385.47;0.669;UNKNOWN
2016-01-23T01:43:01.000000;2016-01-23T01:43:01.000000;e04ccdea-3e97-4627-8ada-651663ce77da;385.47;0.284;UNKNOWN
2016-01-23T01:43:43.000000;2016-01-23T01:43:43.000000;92757008-1109-4fde-a78f-0b2e9c86a935;385.2;0.0171347;UNKNOWN
2016-01-23T01:43:43.000000;2016-01-23T01:43:43.000000;aee271fb-5b69-43ad-bee6-9b79ccdc7862;385.2;0.02;UNKNOWN
2016-01-23T01:43:58.000000;2016-01-23T01:43:58.000000;f7625d3f-0a8e-401f-af25-963e8efa5927;385.22;0.395;UNKNOWN
2016-01-23T01:44:48.000000;2016-01-23T01:44:48.000000;af4a7001-b661-430d-94a5-72e253918b5f;385.36;0.23677033;UNKNOWN
2016-01-23T01:44:56.000000;2016-01-23T01:44:56.000000;7fbf3f2b-c013-4dd4-b2fc-4a47d655666a;385.21;0.739;UNKNOWN
2016-01-23T01:44:56.000000;2016-01-23T01:44:56.000000;d2c94107-5c94-4a43-a891-3203734085da;385.21;0.813;UNKNOWN
2016-01-23T01:44:56.000000;2016-01-23T01:44:56.000000;b79fda2b-70d8-4bd0-ae27-72c61635c830;385.21;6.4279;UNKNOWN
2016-01-23T01:44:56.000000;2016-01-23T01:44:56.000000;e2615eb3-5232-4245-bc31-d9bd7e171298;385.21;0.71;UNKNOWN
2016-01-23T01:44:56.000000;2016-01-23T01:44:56.000000;2cdb20b4-4c5a-4b94-bd60-bc5890a4996d;385.21;0.291;UNKNOWN
2016-01-23T01:44:56.000000;2016-01-23T01:44:56.000000;9370db58-e671-4919-aabe-1613c7585955;385.21;0.711;UNKNOWN
2016-01-23T01:44:56.000000;2016-01-23T01:44:56.000000;f646cc11-bab9-42c5-8733-36d64723b3c9;385.21;0.3081;UNKNOWN
2016-01-23T01:45:03.000000;2016-01-23T01:45:03.000000;4ff32e94-6ad9-4cf2-b34e-82f49a4c40aa;385.21;0.0109;UNKNOWN
2016-01-23T01:45:03.000000;2016-01-23T01:45:03.000000;97bb63be-2f09-4d4e-9d62-159a1ed65da2;385.21;0.181456;UNKNOWN
2016-01-23T01:45:50.000000;2016-01-23T01:45:50.000000;5cfa322b-3375-4ed3-ad70-9617cf870f62;385.36;0.022;UNKNOWN
2016-01-23T01:46:12.000000;2016-01-23T01:46:12.000000;2edba070-f879-4ef1-b9a6-ecb62a02e079;385.26;0.063675;UNKNOWN
2016-01-23T01:47:01.000000;2016-01-23T01:47:01.000000;a41b6a67-c970-4a8a-88a3-7b7d7e0e5e2c;385.3;0.057;UNKNOWN
2016-01-23T01:47:06.000000;2016-01-23T01:47:06.000000;3195bf00-5fd6-43b7-8325-5833f4d342c9;385.26;0.714;UNKNOWN
2016-01-23T01:47:06.000000;2016-01-23T01:47:06.000000;2a666fff-448a-4028-8c69-5f11cf807aeb;385.26;0.742;UNKNOWN
2016-01-23T01:47:06.000000;2016-01-23T01:47:06.000000;a021b839-df72-475d-9697-57c80501f3c3;385.26;0.713;UNKNOWN
2016-01-23T01:47:06.000000;2016-01-23T01:47:06.000000;9b710673-c9a7-4d58-bc96-de7cd9405985;385.26;0.673;UNKNOWN
2016-01-23T01:47:06.000000;2016-01-23T01:47:06.000000;3830bbd2-c516-4a48-8d96-e5aca398453f;385.26;0.49995327;UNKNOWN
2016-01-23T01:47:06.000000;2016-01-23T01:47:06.000000;dd5821ad-58e1-48a7-94d0-ef4d288a0690;385.26;0.204325;UNKNOWN
2016-01-23T01:47:06.000000;2016-01-23T01:47:06.000000;48d93a3a-4ede-4f36-b3e8-b5746f21b82d;385.26;0.732;UNKNOWN
2016-01-23T01:47:06.000000;2016-01-23T01:47:06.000000;3d17c8fc-2500-4dad-8ff5-86332c00af77;385.26;0.32;UNKNOWN
2016-01-23T01:47:06.000000;2016-01-23T01:47:06.000000;63899f0d-6570-4b8f-b877-d95b75bdd2a0;385.26;0.816;UNKNOWN
2016-01-23T01:47:06.000000;2016-01-23T01:47:06.000000;bcd002fc-c3f0-46d2-be19-821142409eb9;385.26;0.284;UNKNOWN
2016-01-23T01:47:06.000000;2016-01-23T01:47:06.000000;7132743f-d53d-4c85-b7da-28dcad1f66fe;385.26;0.292;UNKNOWN
2016-01-23T01:47:06.000000;2016-01-23T01:47:06.000000;88971f5f-84a2-4c84-9dc0-d4468fdf6ec4;385.26;0.00972173;UNKNOWN
2016-01-23T01:47:24.000000;2016-01-23T01:47:24.000000;0509d85e-aa22-4fa6-bf31-f3b3e303f089;385.35;1.0;UNKNOWN
2016-01-23T01:47:50.000000;2016-01-23T01:47:50.000000;2f16168e-5da1-4289-a6e1-66ce48d6c20a;385.27;0.19500098;UNKNOWN
2016-01-23T01:48:05.000000;2016-01-23T01:48:05.000000;e33ebd2c-846d-4be5-83d3-d1513aaf90d3;385.36;0.05288587;UNKNOWN
2016-01-23T01:48:06.000000;2016-01-23T01:48:06.000000;5f367fbe-7776-480d-a31f-b20155517be8;385.36;0.1536575;UNKNOWN
2016-01-23T01:48:29.000000;2016-01-23T01:48:29.000000;fab6ea5c-47ee-4d92-9f77-c1d8587d6f40;385.27;4.0;UNKNOWN
2016-01-23T01:48:29.000000;2016-01-23T01:48:29.000000;93315e41-7de8-4968-aa40-6976cf75668e;385.29;0.293;UNKNOWN
2016-01-23T01:48:29.000000;2016-01-23T01:48:29.000000;7a567529-cfd7-43e4-af47-82212bb41ff4;385.27;3.80499902;UNKNOWN
2016-01-23T01:48:31.000000;2016-01-23T01:48:31.000000;3935818b-136f-4279-b41a-50ab88393c79;385.27;0.736;UNKNOWN
2016-01-23T01:48:31.000000;2016-01-23T01:48:31.000000;8f01b272-5335-4ac8-b987-2f544ec10d23;385.27;0.716;UNKNOWN
2016-01-23T01:48:31.000000;2016-01-23T01:48:31.000000;85bd01bb-6cc3-41e5-ac82-b1f84eabf429;385.27;0.82;UNKNOWN
2016-01-23T01:48:31.000000;2016-01-23T01:48:31.000000;ec019220-e890-46ee-9ae6-4983807acf02;385.27;0.745;UNKNOWN
2016-01-23T01:48:31.000000;2016-01-23T01:48:31.000000;f5ccbf68-1176-4e8e-854b-f664bafd26f2;385.27;0.717;UNKNOWN
2016-01-23T01:48:32.000000;2016-01-23T01:48:32.000000;013e8f27-1a6c-4977-8994-b6078fcb36c1;385.28;0.10391768;UNKNOWN
2016-01-23T01:48:32.000000;2016-01-23T01:48:32.000000;0bbb5b2c-294d-4f7b-bcfa-1da9d297d254;385.28;0.284;UNKNOWN
2016-01-23T01:48:32.000000;2016-01-23T01:48:32.000000;cb9299aa-e6de-40c4-8625-82597792515b;385.27;0.21808232;UNKNOWN
2016-01-23T01:48:37.000000;2016-01-23T01:48:37.000000;4c4da81f-f368-4b91-a3c0-1f2bdbf3d6f7;384.99;3.0;UNKNOWN
2016-01-23T01:48:37.000000;2016-01-23T01:48:37.000000;f1791f61-f2d4-4497-a9ce-c8ae6193796f;384.98;0.075;UNKNOWN
2016-01-23T01:49:24.000000;2016-01-23T01:49:24.000000;2c01dce4-8fb9-420c-bdc5-0e452cadece4;384.98;0.044;UNKNOWN
2016-01-23T01:49:32.000000;2016-01-23T01:49:32.000000;625fafe7-8163-4269-a64a-9e3ad9c4e1e2;384.82;0.12929919;UNKNOWN
2016-01-23T01:49:32.000000;2016-01-23T01:49:32.000000;7386c4df-e63f-4760-beef-ae71ac05fbf6;384.82;0.01360446;UNKNOWN
2016-01-23T01:49:56.000000;2016-01-23T01:49:56.000000;910dd89f-ce88-4992-acb4-f7dcaf6df3b0;384.99;0.5;UNKNOWN
2016-01-23T01:50:01.000000;2016-01-23T01:50:01.000000;6d42d5b2-eb6b-495c-b548-dbfa245b7e02;385.0;0.293;UNKNOWN
2016-01-23T01:50:20.000000;2016-01-23T01:50:20.000000;9fc16039-d16e-449b-bc19-3f6f48fcabe4;384.92;0.38767377;UNKNOWN
2016-01-23T01:50:39.000000;2016-01-23T01:50:39.000000;407525c2-67b9-42fa-82ec-d76b114b6003;385.0;0.711;UNKNOWN
2016-01-23T01:51:06.000000;2016-01-23T01:51:06.000000;3c34120b-6b54-4899-b076-5b56ed66d30e;385.14;0.504;UNKNOWN
2016-01-23T01:51:06.000000;2016-01-23T01:51:06.000000;d0bf2e5d-e773-4a34-93a5-88f4a0efc0b7;385.0;3.996;UNKNOWN
2016-01-23T01:51:06.000000;2016-01-23T01:51:06.000000;4a4b3ae5-259b-4496-b134-cbb79f769247;385.02;0.5;UNKNOWN
2016-01-23T01:51:16.000000;2016-01-23T01:51:16.000000;dcdd9be9-d7d2-4e3f-b3e8-5f3b28932417;385.27;0.307;UNKNOWN
2016-01-23T01:51:19.000000;2016-01-23T01:51:19.000000;2a549880-cc05-4f0c-aa8e-0c214f75402b;385.13;10.0;UNKNOWN
2016-01-23T01:52:03.000000;2016-01-23T01:52:03.000000;8818bf30-8c10-45f9-94c6-1e4b8aa2c0cc;385.14;0.6;UNKNOWN
2016-01-23T01:52:13.000000;2016-01-23T01:52:13.000000;022ea6ae-1562-4a66-a31c-ab7d38a3b8ae;385.13;0.03381391;UNKNOWN
2016-01-23T01:52:17.000000;2016-01-23T01:52:17.000000;59afacf1-55b5-4b34-a7a1-78ef94693b4a;385.14;2.4;UNKNOWN
2016-01-23T01:52:17.000000;2016-01-23T01:52:17.000000;6b1e7fb4-299f-4689-8bfd-33c4b7c1b09e;385.19;0.6;UNKNOWN
2016-01-23T01:53:07.000000;2016-01-23T01:53:07.000000;c33fe845-2d52-43b7-9501-714080069142;385.13;0.0844012;UNKNOWN
2016-01-23T01:54:46.000000;2016-01-23T01:54:46.000000;d2c37e58-aaf9-4f54-8e06-e351939fd86c;385.13;1.0862538;UNKNOWN
2016-01-23T01:54:46.000000;2016-01-23T01:54:46.000000;03e87a81-60d8-4c97-93ca-8a7f16dfc0a4;385.15;1.1;UNKNOWN
2016-01-23T01:55:04.000000;2016-01-23T01:55:04.000000;d3195365-81e1-4e2a-9ea5-4c817136dee4;385.13;0.14897;UNKNOWN
2016-01-23T01:55:13.000000;2016-01-23T01:55:13.000000;b80844fa-35b6-4e82-8193-bc7b3feea19a;385.13;0.02705688;UNKNOWN
2016-01-23T01:55:38.000000;2016-01-23T01:55:38.000000;f2223114-68a6-4e75-bc5f-0190d94ce576;385.15;1.2504;UNKNOWN
2016-01-23T01:55:42.000000;2016-01-23T01:55:42.000000;cae6e0ce-3da6-4def-9926-1087f82e6470;385.13;1.00184065;UNKNOWN
2016-01-23T01:55:53.000000;2016-01-23T01:55:53.000000;95e9c77d-d1c0-42c0-a0aa-6531222f3ea1;385.13;0.12995623;UNKNOWN
2016-01-23T01:56:04.000000;2016-01-23T01:56:04.000000;12832a5a-ab47-4f81-87a9-eed1cde98286;385.13;0.1;UNKNOWN
2016-01-23T01:56:05.000000;2016-01-23T01:56:05.000000;4a6a86bb-e9cb-44e6-8417-044f1d3819df;385.15;4.54887511;UNKNOWN
2016-01-23T01:57:37.000000;2016-01-23T01:57:37.000000;e764b280-46f6-40cb-b386-09fe425bbef7;385.15;0.1298;UNKNOWN
2016-01-23T01:58:05.000000;2016-01-23T01:58:05.000000;19ee880d-3d35-4223-bfc4-d46eeb36c4cb;385.15;0.7722;UNKNOWN
2016-01-23T01:58:12.000000;2016-01-23T01:58:12.000000;43f31694-052d-4393-886a-702211201e6d;385.14;0.4995;UNKNOWN
2016-01-23T01:58:22.000000;2016-01-23T01:58:22.000000;fd54cf3a-1b82-43a2-bf6b-f3f0a21837c4;385.14;0.5;UNKNOWN
2016-01-23T01:59:05.000000;2016-01-23T01:59:05.000000;2e69f7e7-3c12-4cea-953f-b9853fc40735;385.15;0.307;UNKNOWN
2016-01-23T01:59:42.000000;2016-01-23T01:59:42.000000;333dc14f-06fc-4912-8c7b-9285536ef020;385.15;0.307;UNKNOWN
2016-01-23T01:59:44.000000;2016-01-23T01:59:44.000000;adc35ff9-eaec-46c8-b6b4-3c46a19378d0;385.13;2.0995;UNKNOWN
2016-01-23T01:59:44.000000;2016-01-23T01:59:44.000000;fbcfbd9a-8720-434b-af69-abcbfb7ff125;385.14;0.9005;UNKNOWN
2016-01-23T02:00:19.000000;2016-01-23T02:00:19.000000;2f0ed9c8-ac18-49df-a4b6-9251a02b22cb;385.15;0.091;UNKNOWN
2016-01-23T02:00:55.000000;2016-01-23T02:00:55.000000;241d2835-7cc4-41ba-a63e-9f3ce3e7f76b;385.15;0.023;UNKNOWN
2016-01-23T02:01:17.000000;2016-01-23T02:01:17.000000;e0b59466-7059-407b-af64-60864fff12ee;385.15;3.0;UNKNOWN
2016-01-23T02:01:17.000000;2016-01-23T02:01:17.000000;77b9dd27-109e-4907-8145-2b6af9d343d5;385.15;1.47072489;UNKNOWN
2016-01-23T02:01:17.000000;2016-01-23T02:01:17.000000;8df2ae8b-2dc5-455f-a2d8-6c46c861f05a;385.15;4.0;UNKNOWN
2016-01-23T02:01:31.000000;2016-01-23T02:01:31.000000;6f081434-5000-47f8-a95b-22a2e2feefc5;385.2;0.112;UNKNOWN
2016-01-23T02:01:50.000000;2016-01-23T02:01:50.000000;a686dfac-b599-47cf-bd7a-7bcd8a031dca;385.19;0.11647892;UNKNOWN
2016-01-23T02:02:04.000000;2016-01-23T02:02:04.000000;2ea98807-565a-4011-a367-d6b00017f270;385.2;2.12967286;UNKNOWN
2016-01-23T02:02:04.000000;2016-01-23T02:02:04.000000;99c98764-cd23-42e5-95f3-b0564d8f372c;385.2;1.888;UNKNOWN
2016-01-23T02:02:19.000000;2016-01-23T02:02:19.000000;d520e3fa-ef73-44b4-a7a0-04387eb9904d;385.2;0.095;UNKNOWN
2016-01-23T02:02:20.000000;2016-01-23T02:02:20.000000;9c34fc65-a67f-4a53-9e47-2b61f8c8542e;385.2;1.485;UNKNOWN
2016-01-23T02:02:21.000000;2016-01-23T02:02:21.000000;4a799ee0-3bb5-4b80-9fb8-0b90016a8137;385.2;0.635;UNKNOWN
2016-01-23T02:02:22.000000;2016-01-23T02:02:22.000000;a5fe7d33-d432-403c-b9a6-33e0c65b7dbf;385.2;0.65532714;UNKNOWN
2016-01-23T02:02:22.000000;2016-01-23T02:02:22.000000;3e64dd99-6f70-4bdb-8cf3-c8151ebae37f;385.39;1.24967286;UNKNOWN
2016-01-23T02:02:23.000000;2016-01-23T02:02:23.000000;c6110774-3610-4444-abbf-b08a6eb76c6a;385.39;0.66;UNKNOWN
2016-01-23T02:02:24.000000;2016-01-23T02:02:24.000000;beb48d95-0fd5-4973-9775-0f9f5e3e08c8;385.39;1.0;UNKNOWN
2016-01-23T02:02:27.000000;2016-01-23T02:02:27.000000;85bc1f02-e96f-4e3e-bf06-cedac7e5fd39;385.4;3.0;UNKNOWN
2016-01-23T02:02:27.000000;2016-01-23T02:02:27.000000;4940f98f-845a-4e03-be9a-cd3fd17295e5;385.39;6.67953543;UNKNOWN
2016-01-23T02:02:27.000000;2016-01-23T02:02:27.000000;6e9137ea-0dab-4d22-8282-7f7c94236c45;385.49;0.80046457;UNKNOWN
2016-01-23T02:02:28.000000;2016-01-23T02:02:28.000000;414569aa-1d5c-46a8-b106-47234bdb97e7;385.8;0.69184772;UNKNOWN
2016-01-23T02:02:28.000000;2016-01-23T02:02:28.000000;a56b0868-f158-461f-aea6-7cfd16483c32;385.5;8.0;UNKNOWN
2016-01-23T02:02:28.000000;2016-01-23T02:02:28.000000;7daeee7f-7954-4423-86f0-2503d0ece578;385.49;3.10815228;UNKNOWN
2016-01-23T02:02:29.000000;2016-01-23T02:02:29.000000;c532f417-3397-4b27-8d19-711ce9317604;385.79;0.82564845;UNKNOWN
2016-01-23T02:02:32.000000;2016-01-23T02:02:32.000000;97c75d9f-6100-4001-9336-f9d21e0895e9;386.03;2.063932;UNKNOWN
2016-01-23T02:02:32.000000;2016-01-23T02:02:32.000000;4e242065-8191-4fb5-94f1-cd9d514c3eed;386.03;0.5;UNKNOWN
2016-01-23T02:02:43.000000;2016-01-23T02:02:43.000000;f6161e6f-0f93-4583-bb54-ee953aa8d333;385.97;1.83;UNKNOWN
2016-01-23T02:02:44.000000;2016-01-23T02:02:44.000000;614433f9-36a2-470a-8c96-e60cd2e76fdf;385.97;3.8;UNKNOWN
2016-01-23T02:02:46.000000;2016-01-23T02:02:46.000000;074eb0e1-777c-4151-ae90-0d75e680fdfa;385.97;0.4437;UNKNOWN
2016-01-23T02:02:47.000000;2016-01-23T02:02:47.000000;7ee4f5c3-048e-434b-928f-73facfd4d9a5;385.97;1.0;UNKNOWN
2016-01-23T02:02:48.000000;2016-01-23T02:02:48.000000;1e6d32b0-65d2-46a4-b547-8e99a44ed46e;385.97;1.0;UNKNOWN
2016-01-23T02:02:49.000000;2016-01-23T02:02:49.000000;da2eb90d-a8da-4ec0-a8e8-0e7c3e7f6cbe;385.96;2.0;UNKNOWN
2016-01-23T02:02:50.000000;2016-01-23T02:02:50.000000;285b99d3-db56-453e-bec8-ecba5749dd16;385.96;3.45985409;UNKNOWN
2016-01-23T02:02:51.000000;2016-01-23T02:02:51.000000;dd6676b5-17b8-4026-81ea-3943467786fe;385.96;0.5108;UNKNOWN
2016-01-23T02:02:52.000000;2016-01-23T02:02:52.000000;f5c21f56-8ad6-471e-b75f-d91d72c17786;385.96;2.25;UNKNOWN
2016-01-23T02:02:54.000000;2016-01-23T02:02:54.000000;396bf65a-f80b-4b31-b0c3-309e013c6cc7;385.96;1.77934591;UNKNOWN
2016-01-23T02:02:54.000000;2016-01-23T02:02:54.000000;f00b70f9-2e0a-4e70-a438-c6ff62ae9484;386.07;12.0;UNKNOWN
2016-01-23T02:02:55.000000;2016-01-23T02:02:55.000000;6b4b71f0-337d-49c7-8a74-3726c4e3f95a;386.13;3.5;UNKNOWN
2016-01-23T02:02:55.000000;2016-01-23T02:02:55.000000;2f956540-20c5-4e8b-b0a0-25239d287f9c;386.13;5.0;UNKNOWN
2016-01-23T02:02:56.000000;2016-01-23T02:02:56.000000;24a10e39-21f7-4298-b72e-5c5fdec4ee75;386.15;0.1;UNKNOWN
2016-01-23T02:03:02.000000;2016-01-23T02:03:02.000000;c6c7a3c1-dafa-4f8a-84d9-2008ced559a8;386.15;1.0;UNKNOWN
2016-01-23T02:03:03.000000;2016-01-23T02:03:03.000000;981f8964-4686-406b-bf32-2ad96248f298;386.15;0.755;UNKNOWN
2016-01-23T02:03:05.000000;2016-01-23T02:03:05.000000;83ff8f4a-020b-46eb-8d30-127374c93a56;386.15;0.02;UNKNOWN
2016-01-23T02:03:06.000000;2016-01-23T02:03:06.000000;9ec96aec-fd60-4714-937e-b0f3049d2b56;386.15;5.0;UNKNOWN
2016-01-23T02:03:06.000000;2016-01-23T02:03:06.000000;20d1bbac-de61-46c1-acec-23c8ac7764ac;386.15;0.225;UNKNOWN
2016-01-23T02:03:07.000000;2016-01-23T02:03:07.000000;b7fc7b4e-2548-4b0e-92ad-4f3d4d0de7ff;386.15;1.0;UNKNOWN
2016-01-23T02:03:08.000000;2016-01-23T02:03:08.000000;0c038e61-bf6a-4c94-bb11-ac55d02154b5;386.15;0.1;UNKNOWN
2016-01-23T02:03:10.000000;2016-01-23T02:03:10.000000;e84de224-91e5-4c9d-8500-f6d9186602c1;386.15;1.8;UNKNOWN
2016-01-23T02:03:10.000000;2016-01-23T02:03:10.000000;ab3d2b77-6a70-47fa-bc8d-b661c3726426;386.3;1.2;UNKNOWN
2016-01-23T02:03:11.000000;2016-01-23T02:03:11.000000;72c9d229-c25e-4faf-8ff7-ef9ea7ded996;386.45;0.635;UNKNOWN
2016-01-23T02:03:13.000000;2016-01-23T02:03:13.000000;0fe0494d-d998-40c9-aae9-e949be5eac25;386.42;0.565;UNKNOWN
2016-01-23T02:03:14.000000;2016-01-23T02:03:14.000000;9b6fcbd9-884e-414c-b77d-7083b96b9ebe;386.41;3.0;UNKNOWN
2016-01-23T02:03:15.000000;2016-01-23T02:03:15.000000;328cb83f-269f-45be-8ff8-0243baa68820;386.41;3.0;UNKNOWN
2016-01-23T02:03:17.000000;2016-01-23T02:03:17.000000;ebabf3d4-f94b-440a-85af-485ee65295dc;386.41;0.02599006;UNKNOWN
2016-01-23T02:03:18.000000;2016-01-23T02:03:18.000000;d54b0145-c454-4435-9e7b-c05eb2fb404d;386.41;2.97400994;UNKNOWN
2016-01-23T02:03:20.000000;2016-01-23T02:03:20.000000;ae6d4dd8-41ff-45bf-9d3a-3248542f844f;386.41;2.8491;UNKNOWN
2016-01-23T02:03:20.000000;2016-01-23T02:03:20.000000;24e655f3-182c-43c7-8dbe-5afdc244173b;386.41;3.0;UNKNOWN
2016-01-23T02:03:20.000000;2016-01-23T02:03:20.000000;ad7679c7-5363-4ecb-8859-671110155b7a;386.41;0.1509;UNKNOWN
2016-01-23T02:03:21.000000;2016-01-23T02:03:21.000000;38569a53-5a65-4d91-88ac-328ccbee8ee2;386.41;3.0;UNKNOWN
2016-01-23T02:03:23.000000;2016-01-23T02:03:23.000000;9d1f1a04-d5c2-44bd-89fd-4d27efdbd7dd;386.41;3.0;UNKNOWN
2016-01-23T02:03:24.000000;2016-01-23T02:03:24.000000;9fb52db8-1c31-4561-8ce7-7e7805998143;386.4;1.0;UNKNOWN
2016-01-23T02:03:26.000000;2016-01-23T02:03:26.000000;7d02122e-329d-4232-8566-32c0eebf0dd9;386.4;0.1;UNKNOWN
2016-01-23T02:03:27.000000;2016-01-23T02:03:27.000000;e1b22140-9b28-43a3-8a9f-7d8730185a67;386.4;1.0;UNKNOWN
2016-01-23T02:03:28.000000;2016-01-23T02:03:28.000000;c0620e7c-b3bc-47e2-9640-62f0400e83c9;386.4;1.36;UNKNOWN
2016-01-23T02:03:28.000000;2016-01-23T02:03:28.000000;42cab00b-f91c-4ed7-89c3-892e10e31850;386.39;0.5;UNKNOWN
2016-01-23T02:03:30.000000;2016-01-23T02:03:30.000000;c510ca46-229f-4d8e-b2f9-7a2b2e53a93a;386.4;1.0;UNKNOWN
2016-01-23T02:03:31.000000;2016-01-23T02:03:31.000000;5fedc6a2-23c5-46cd-96dc-997c418489cf;386.4;3.0;UNKNOWN
2016-01-23T02:03:31.000000;2016-01-23T02:03:31.000000;511034d1-6dd0-48dd-94a4-60b7ef742949;386.05;0.1561414;UNKNOWN
2016-01-23T02:03:32.000000;2016-01-23T02:03:32.000000;9fec8ae9-0b06-40ee-bf0f-52d7fa762a6b;386.4;0.96;UNKNOWN
2016-01-23T02:03:33.000000;2016-01-23T02:03:33.000000;4bd2ddeb-4955-4872-b4fa-474b1da17271;386.44;1.0;UNKNOWN
2016-01-23T02:03:34.000000;2016-01-23T02:03:34.000000;6eaa5e9e-4120-4e12-980d-56f1fc0c3000;386.43;1.0;UNKNOWN
2016-01-23T02:03:35.000000;2016-01-23T02:03:35.000000;ea2bc39f-ef97-456e-b142-5d780d4465ce;386.44;1.0;UNKNOWN
2016-01-23T02:03:37.000000;2016-01-23T02:03:37.000000;fc199ab3-8b24-4b13-a0a2-01262d689ff3;386.44;0.225;UNKNOWN
2016-01-23T02:03:38.000000;2016-01-23T02:03:38.000000;4f7e83ee-78ca-48ec-97fb-f197035b513f;386.44;8.865;UNKNOWN
2016-01-23T02:03:38.000000;2016-01-23T02:03:38.000000;db77d360-1241-447a-9225-89610c79c0f7;386.43;10.17299315;UNKNOWN
2016-01-23T02:03:38.000000;2016-01-23T02:03:38.000000;550d4323-244e-46a0-b4de-b0e4ce367b3a;386.45;18.9389;UNKNOWN
2016-01-23T02:03:38.000000;2016-01-23T02:03:38.000000;7fda882f-b823-4bc5-8e12-bb6d828b9525;386.5;12.02310685;UNKNOWN
2016-01-23T02:03:38.000000;2016-01-23T02:03:38.000000;957a91b9-5c70-49ce-bd35-d57a00f2d66b;386.43;2.20330685;UNKNOWN
2016-01-23T02:03:39.000000;2016-01-23T02:03:39.000000;14b812b4-d05d-4902-b5f5-2dbc61282ce3;386.5;0.85352065;UNKNOWN
2016-01-23T02:03:40.000000;2016-01-23T02:03:40.000000;db7d4a52-9641-4dc9-9b2d-44e7e44611f3;386.5;0.7181725;UNKNOWN
2016-01-23T02:03:41.000000;2016-01-23T02:03:41.000000;3eb2284a-4b4b-4e73-a41d-c4e0c3c7b923;386.5;2.0;UNKNOWN
2016-01-23T02:03:42.000000;2016-01-23T02:03:42.000000;1b7d5d28-2615-4c31-9534-c6ea7e84ae49;386.5;2.42830685;UNKNOWN
2016-01-23T02:03:43.000000;2016-01-23T02:03:43.000000;8a4ffafb-8297-4b8b-a977-6fa1d1f4b926;386.5;2.5;UNKNOWN
2016-01-23T02:03:44.000000;2016-01-23T02:03:44.000000;cc0902dd-7743-4baf-b25c-fb815d7ad630;386.5;1.45169315;UNKNOWN
2016-01-23T02:03:45.000000;2016-01-23T02:03:45.000000;554e02a9-47ed-4a24-a21b-08b0cfd71cb0;386.5;2.0;UNKNOWN
2016-01-23T02:03:48.000000;2016-01-23T02:03:48.000000;86d73759-9d4c-4947-996c-2d6abeab39ef;386.5;0.5;UNKNOWN
2016-01-23T02:03:49.000000;2016-01-23T02:03:49.000000;d5028eb8-7bf8-4d8f-9ba0-3855e9cbe207;386.5;0.5;UNKNOWN
2016-01-23T02:03:50.000000;2016-01-23T02:03:50.000000;4b36ea65-cd54-4322-8ea7-4eb1082ac3d5;386.5;0.7802;UNKNOWN
2016-01-23T02:03:50.000000;2016-01-23T02:03:50.000000;74ab3a0d-89c9-4269-9e18-3b7abf9c909d;386.67;0.2198;UNKNOWN
2016-01-23T02:03:51.000000;2016-01-23T02:03:51.000000;e55a48af-840e-48d0-9513-82dc4654114e;386.67;1.0;UNKNOWN
2016-01-23T02:03:52.000000;2016-01-23T02:03:52.000000;52b6ee51-f338-44ee-b7d7-6da8f59ee56a;386.18;0.5;UNKNOWN
2016-01-23T02:03:52.000000;2016-01-23T02:03:52.000000;1ad7531e-32b0-47a7-8b15-28eddebc3032;386.67;0.4;UNKNOWN
2016-01-23T02:03:53.000000;2016-01-23T02:03:53.000000;768c62f2-1ba8-4be6-8447-fede75fad4ba;386.72;0.4;UNKNOWN
2016-01-23T02:03:54.000000;2016-01-23T02:03:54.000000;416257a5-4ce3-4b21-a709-9eb4b58d4af8;386.72;0.5;UNKNOWN
2016-01-23T02:03:55.000000;2016-01-23T02:03:55.000000;31d7caac-ea57-42d6-9a86-bf7224018a44;386.72;0.5;UNKNOWN
2016-01-23T02:03:56.000000;2016-01-23T02:03:56.000000;8bacea4b-2928-4980-bad3-e7d835e603a2;386.72;3.18406167;UNKNOWN
2016-01-23T02:03:57.000000;2016-01-23T02:03:57.000000;003310b3-21f0-4f57-9255-2208dc84916f;386.72;9.99333833;UNKNOWN
2016-01-23T02:03:57.000000;2016-01-23T02:03:57.000000;09dca7bc-4544-455a-95f4-c43dafa02759;386.74;0.00666167;UNKNOWN
2016-01-23T02:03:59.000000;2016-01-23T02:03:59.000000;31f8ee85-bb19-4839-8e0b-42562ddb9caa;386.85;12.45666167;UNKNOWN
2016-01-23T02:03:59.000000;2016-01-23T02:03:59.000000;1ad918b5-9916-475a-aca1-a44e46e49c12;386.74;0.04333833;UNKNOWN
2016-01-23T02:04:00.000000;2016-01-23T02:04:00.000000;1a1ebaad-b083-4cf4-99fa-7e2fc3a8c74b;386.86;3.16234455;UNKNOWN
2016-01-23T02:04:01.000000;2016-01-23T02:04:01.000000;6ed72897-24ce-432e-9dc3-5c05beb8ccb1;386.86;9.33765545;UNKNOWN
2016-01-23T02:04:01.000000;2016-01-23T02:04:01.000000;a72accbf-7e81-4d20-884d-090650d4875a;386.88;3.16234455;UNKNOWN
2016-01-23T02:04:02.000000;2016-01-23T02:04:02.000000;d112b1e4-f940-451a-b359-742f3ffe3d60;386.91;0.05;UNKNOWN
2016-01-23T02:04:02.000000;2016-01-23T02:04:02.000000;e1157454-5a68-48af-aeba-00af62a78d9e;386.99;5.45074008;UNKNOWN
2016-01-23T02:04:03.000000;2016-01-23T02:04:03.000000;d3f1fd9a-3171-4600-8543-64becf03c31d;386.51;0.08315904;UNKNOWN
2016-01-23T02:04:03.000000;2016-01-23T02:04:03.000000;d6617fc8-61bc-4aa1-9a3c-2237109d94f2;386.92;2.45064741;UNKNOWN
2016-01-23T02:04:05.000000;2016-01-23T02:04:05.000000;8864068f-5bdc-4746-8846-435c36619636;386.51;0.29062855;UNKNOWN
2016-01-23T02:04:06.000000;2016-01-23T02:04:06.000000;88093b6a-d0cb-4868-b996-e9b5f18e0915;386.92;0.45153376;UNKNOWN
2016-01-23T02:04:08.000000;2016-01-23T02:04:08.000000;28b0123e-aef5-44ef-81e6-d0e94206fe08;386.92;10.83861883;UNKNOWN
2016-01-23T02:04:08.000000;2016-01-23T02:04:08.000000;5939eb2c-ad45-4044-9d8c-23c789ec1cb3;386.99;7.15205882;UNKNOWN
2016-01-23T02:04:10.000000;2016-01-23T02:04:10.000000;c942b64a-c8d7-4e53-aad1-4db04a75fa16;386.99;0.185;UNKNOWN
2016-01-23T02:04:12.000000;2016-01-23T02:04:12.000000;061508f6-bb76-47a5-8f22-bfa762bfe4be;387.0;7.1919989;UNKNOWN
2016-01-23T02:04:12.000000;2016-01-23T02:04:12.000000;06493a2d-8e25-4f7b-8bad-ab64f0af99b9;386.99;0.5980011;UNKNOWN
2016-01-23T02:04:13.000000;2016-01-23T02:04:13.000000;6a025917-bb17-403a-9d63-d9f55bd227dc;387.0;4.1919989;UNKNOWN
2016-01-23T02:04:13.000000;2016-01-23T02:04:13.000000;50b6c235-d402-47e4-97f4-ba70ef742239;387.0;1.8080011;UNKNOWN
2016-01-23T02:04:14.000000;2016-01-23T02:04:14.000000;fb2949da-b248-4ca2-b4a3-1a344bc2104c;387.08;4.0;UNKNOWN
2016-01-23T02:04:15.000000;2016-01-23T02:04:15.000000;547651e3-b1c3-41b4-b9e7-9340bf2cecaa;387.11;4.0;UNKNOWN
2016-01-23T02:04:16.000000;2016-01-23T02:04:16.000000;75e438e6-40db-4b56-869d-855268ab1dcb;387.11;3.0;UNKNOWN
2016-01-23T02:04:17.000000;2016-01-23T02:04:17.000000;f1ecdff4-4d18-4a92-b859-8bfb962e5d66;387.21;0.05;UNKNOWN
2016-01-23T02:04:17.000000;2016-01-23T02:04:17.000000;298116fe-7a81-42d2-87d8-266c3e3e4f31;387.28;1.45;UNKNOWN
2016-01-23T02:04:18.000000;2016-01-23T02:04:18.000000;13369098-fef0-47ec-920c-f672da41eb66;387.28;1.0;UNKNOWN
2016-01-23T02:04:33.000000;2016-01-23T02:04:33.000000;d22f13a6-ac5c-4c03-b0b2-25f39e921336;386.86;0.03704;UNKNOWN
2016-01-23T02:04:55.000000;2016-01-23T02:04:55.000000;68ec03d8-a09e-4e7b-b5b0-1779fd9f4e69;387.3;0.5;UNKNOWN
2016-01-23T02:04:56.000000;2016-01-23T02:04:56.000000;2569ecbf-d837-4027-b69b-8a4222254cd8;387.31;1.2;UNKNOWN
2016-01-23T02:04:56.000000;2016-01-23T02:04:56.000000;ff1f4a26-ac39-4701-9fa8-761b57d6cd32;387.3;3.2;UNKNOWN
2016-01-23T02:04:56.000000;2016-01-23T02:04:56.000000;d4ed4e30-f79e-4355-b53a-ed4e7b9e2828;387.31;0.05;UNKNOWN
2016-01-23T02:04:57.000000;2016-01-23T02:04:57.000000;771d0bbe-1261-4a5c-8c47-c10e60f093c8;387.32;0.19;UNKNOWN
2016-01-23T02:04:57.000000;2016-01-23T02:04:57.000000;f0348986-1a0c-4ab5-bb05-075a48b8b006;387.31;3.81;UNKNOWN
2016-01-23T02:04:58.000000;2016-01-23T02:04:58.000000;7891fdd2-fc28-4eb7-88ed-8869a27c86ad;387.32;2.29;UNKNOWN
2016-01-23T02:04:58.000000;2016-01-23T02:04:58.000000;bfa429e6-1710-4e09-8c3b-cfab9c8ee101;387.33;0.2041662;UNKNOWN
2016-01-23T02:04:59.000000;2016-01-23T02:04:59.000000;56178b9a-3df1-4d6b-9711-74b0ae5e3d76;387.36;0.7041662;UNKNOWN
2016-01-23T02:04:59.000000;2016-01-23T02:04:59.000000;bdf9685c-06de-4c4b-a5ff-66fe687becc8;387.33;2.2958338;UNKNOWN
2016-01-23T02:05:00.000000;2016-01-23T02:05:00.000000;8ddf0c46-c6b8-405d-b150-64097576cd9f;387.39;2.49416619;UNKNOWN
2016-01-23T02:05:01.000000;2016-01-23T02:05:01.000000;1922960f-7add-4c31-bdd6-7ac8f4aa4ec6;387.44;0.25;UNKNOWN
2016-01-23T02:05:01.000000;2016-01-23T02:05:01.000000;a7a25f44-d671-425a-a9da-3b247675f93e;387.62;0.7904;UNKNOWN
2016-01-23T02:05:01.000000;2016-01-23T02:05:01.000000;7a6f8cd5-a173-40de-a510-aeeaea72eecb;387.39;0.34543381;UNKNOWN
2016-01-23T02:05:02.000000;2016-01-23T02:05:02.000000;dd57d44c-8d5e-4dfd-a23e-af8cfff954df;387.63;2.0;UNKNOWN
2016-01-23T02:05:03.000000;2016-01-23T02:05:03.000000;7e91e51d-cd1a-4a79-8ff8-a428b3c43835;387.63;1.0;UNKNOWN
2016-01-23T02:05:05.000000;2016-01-23T02:05:05.000000;b69d67b4-af43-4b39-871e-c3b9c80d1919;388.7;14.0;UNKNOWN
2016-01-23T02:05:05.000000;2016-01-23T02:05:05.000000;5846c0d7-87c2-493e-b3e2-d726c3d8f6d1;387.93;0.53019834;UNKNOWN
2016-01-23T02:05:05.000000;2016-01-23T02:05:05.000000;5da18341-93e9-46c1-b916-fd03446e8e5c;387.72;0.069683;UNKNOWN
2016-01-23T02:05:05.000000;2016-01-23T02:05:05.000000;6742ae8e-75d4-4eaa-b395-4898ccd84b11;387.88;17.7629;UNKNOWN
2016-01-23T02:05:05.000000;2016-01-23T02:05:05.000000;3f773da7-f665-48e5-81b2-6ca715368bc1;387.7;0.05;UNKNOWN
2016-01-23T02:05:05.000000;2016-01-23T02:05:05.000000;06d09684-6a24-4c38-953e-a781a5cc74cf;388.69;17.8215;UNKNOWN
2016-01-23T02:05:05.000000;2016-01-23T02:05:05.000000;fb972bb5-30e4-487e-95e5-ef97f1a3e30d;388.88;20.1335;UNKNOWN
2016-01-23T02:05:05.000000;2016-01-23T02:05:05.000000;e99c3c24-25b4-4d51-af07-69281122ed3a;388.79;0.25;UNKNOWN
2016-01-23T02:05:05.000000;2016-01-23T02:05:05.000000;09f38af4-f7b4-4c68-8ca0-ce65ad69e118;387.7;14.95;UNKNOWN
2016-01-23T02:05:05.000000;2016-01-23T02:05:05.000000;2f09694b-b0b6-44fc-b230-a873dfb7aa89;387.87;14.6758;UNKNOWN
2016-01-23T02:05:05.000000;2016-01-23T02:05:05.000000;1b2f1d47-1261-4584-8be6-8d4ef6d5331b;388.5;1.0;UNKNOWN
2016-01-23T02:05:05.000000;2016-01-23T02:05:05.000000;0ab4128b-6b00-466b-9d06-6eceaa9efbd8;388.99;0.25;UNKNOWN
2016-01-23T02:05:05.000000;2016-01-23T02:05:05.000000;fbf9a1a0-5745-4620-8268-eea5ed1c409d;388.08;17.0634;UNKNOWN
2016-01-23T02:05:05.000000;2016-01-23T02:05:05.000000;4a833b84-af79-4fd0-96a8-c6376b8f0d90;387.87;2.858;UNKNOWN
2016-01-23T02:05:05.000000;2016-01-23T02:05:05.000000;e0d7d41d-fe1c-4008-befd-34c6ab89662d;388.0;2.5;UNKNOWN
2016-01-23T02:05:05.000000;2016-01-23T02:05:05.000000;7881c410-567e-451c-8bb7-93281f0ced92;387.87;3.159;UNKNOWN
2016-01-23T02:05:05.000000;2016-01-23T02:05:05.000000;d85877a3-cad0-4483-b282-0342afe3a727;388.15;0.05;UNKNOWN
2016-01-23T02:05:05.000000;2016-01-23T02:05:05.000000;4539b052-8786-4ebc-8a62-f157b3336a63;388.68;3.008;UNKNOWN
2016-01-23T02:05:05.000000;2016-01-23T02:05:05.000000;40da3617-fa0c-43ed-9938-5d35af0abefc;388.99;1.07020969;UNKNOWN
2016-01-23T02:05:05.000000;2016-01-23T02:05:05.000000;bb3b4f32-5851-4c73-94f5-6bd1a0fab847;388.49;18.7918;UNKNOWN
2016-01-23T02:05:05.000000;2016-01-23T02:05:05.000000;992c8275-0103-44a6-a756-6ac06cf94c20;388.41;12.5;UNKNOWN
2016-01-23T02:05:05.000000;2016-01-23T02:05:05.000000;a623dcd2-0830-47d3-a92d-4649f8b843b5;388.5;0.01;UNKNOWN
2016-01-23T02:05:05.000000;2016-01-23T02:05:05.000000;c96dbb4b-c154-4fe4-85c0-207c39f2bcc8;388.48;2.69;UNKNOWN
2016-01-23T02:05:05.000000;2016-01-23T02:05:05.000000;4c2df7bf-a6f1-400f-b277-4fb0452fd90a;388.26;17.032;UNKNOWN
2016-01-23T02:05:15.000000;2016-01-23T02:05:15.000000;12a020cd-86f3-4b75-ad71-c84195c184e4;388.44;0.01;UNKNOWN
2016-01-23T02:05:15.000000;2016-01-23T02:05:15.000000;bcfbb77c-fa4c-40cf-8851-c3effb3c0a42;388.44;0.4;UNKNOWN
2016-01-23T02:05:15.000000;2016-01-23T02:05:15.000000;fc39cd32-78e5-47c4-9e7e-26a0c05f0dc9;388.45;8.12;UNKNOWN
2016-01-23T02:05:15.000000;2016-01-23T02:05:15.000000;cdfa0703-c7b5-49ce-af45-1693fb952c06;388.44;0.33;UNKNOWN
2016-01-23T02:05:15.000000;2016-01-23T02:05:15.000000;e0bd088f-a969-4ed2-83bc-987611238fff;388.44;0.01;UNKNOWN
2016-01-23T02:05:15.000000;2016-01-23T02:05:15.000000;964a2dd7-044d-4f7a-8a98-1e7aa4966168;387.98;0.10851355;UNKNOWN
2016-01-23T02:05:16.000000;2016-01-23T02:05:16.000000;b0f4fa13-8d7c-436f-924c-cf42f49912ce;387.99;1.6;UNKNOWN
2016-01-23T02:05:17.000000;2016-01-23T02:05:17.000000;c47903e8-73ed-4686-bf07-089389422dba;388.45;1.0;UNKNOWN
2016-01-23T02:05:23.000000;2016-01-23T02:05:23.000000;7fb2e76c-e7bd-4e1f-9ea2-c8ad0bb61321;388.96;8.70530209;UNKNOWN
2016-01-23T02:05:23.000000;2016-01-23T02:05:23.000000;048add91-2037-47cd-ab73-971daebd8b16;388.95;0.05365107;UNKNOWN
2016-01-23T02:05:28.000000;2016-01-23T02:05:28.000000;ba395177-badb-49c6-9db7-53c1722a6cf0;388.19;5.1152;UNKNOWN
2016-01-23T02:05:28.000000;2016-01-23T02:05:28.000000;d7019990-102a-487f-8f9f-6b3b37ab62dd;388.74;5.6379;UNKNOWN
2016-01-23T02:05:29.000000;2016-01-23T02:05:29.000000;2608ee8b-df4f-4d72-9bbc-509ab43d1725;388.73;0.5;UNKNOWN
2016-01-23T02:05:29.000000;2016-01-23T02:05:29.000000;f96b0d08-00d0-4f36-a5d5-ac2fb65f479e;388.73;3.0;UNKNOWN
2016-01-23T02:05:29.000000;2016-01-23T02:05:29.000000;594a4918-f5df-4284-ab7a-8a8af03b3b45;388.74;5.755;UNKNOWN
2016-01-23T02:05:30.000000;2016-01-23T02:05:30.000000;c6792c50-d706-4eb1-8526-49941e26feb1;388.74;1.5;UNKNOWN
2016-01-23T02:05:31.000000;2016-01-23T02:05:31.000000;7e718623-d20a-4c83-b5d1-327cc6142f6d;388.21;0.28;UNKNOWN
2016-01-23T02:05:31.000000;2016-01-23T02:05:31.000000;375ef5e2-a151-4057-adae-9eb7632c1f0a;388.44;0.063;UNKNOWN
2016-01-23T02:05:31.000000;2016-01-23T02:05:31.000000;5b26c4ad-c235-458a-b894-ea0400673510;388.74;5.1712;UNKNOWN
2016-01-23T02:05:32.000000;2016-01-23T02:05:32.000000;541fee0c-fd54-4390-8b91-33d213ff4467;388.62;5.19715;UNKNOWN
2016-01-23T02:05:33.000000;2016-01-23T02:05:33.000000;797cf3fc-8f62-4e0e-82ec-e5dcee9663d5;388.62;4.80285;UNKNOWN
2016-01-23T02:05:34.000000;2016-01-23T02:05:34.000000;91d6541a-ee4d-4ccd-8824-ab28515c85b2;388.72;0.1;UNKNOWN
2016-01-23T02:05:35.000000;2016-01-23T02:05:35.000000;41a2aabe-6fc8-46f6-8024-07bdb679abcd;388.72;7.88375889;UNKNOWN
2016-01-23T02:05:35.000000;2016-01-23T02:05:35.000000;8ccb6d55-2412-4d15-ae12-1473e4805af2;388.71;2.69;UNKNOWN
2016-01-23T02:05:36.000000;2016-01-23T02:05:36.000000;2b06ba39-03cb-4762-ad9b-4ba6298dcffa;388.73;2.47735;UNKNOWN
2016-01-23T02:05:36.000000;2016-01-23T02:05:36.000000;41208472-c85e-4b18-b40a-28c1f9125e1a;388.72;0.1;UNKNOWN
2016-01-23T02:05:36.000000;2016-01-23T02:05:36.000000;51ba19db-a163-4579-830c-0473369f1e21;388.73;0.5;UNKNOWN
2016-01-23T02:05:36.000000;2016-01-23T02:05:36.000000;9f92c69d-0587-46cd-a1a0-3f10f7898fae;388.44;0.063;UNKNOWN
2016-01-23T02:05:37.000000;2016-01-23T02:05:37.000000;f96155c4-7bef-434e-9b34-b1670dc1f1d1;388.71;0.4;UNKNOWN
2016-01-23T02:05:37.000000;2016-01-23T02:05:37.000000;8fc38044-52b2-453e-91ba-7e2f85994a97;388.79;7.50959337;UNKNOWN
2016-01-23T02:05:37.000000;2016-01-23T02:05:37.000000;571ee194-6a71-4311-ba8f-aa3f01e56fdf;388.71;0.5;UNKNOWN
2016-01-23T02:05:37.000000;2016-01-23T02:05:37.000000;07deb808-1281-4cf2-80c2-68150cf65ac1;388.74;16.9359;UNKNOWN
2016-01-23T02:05:38.000000;2016-01-23T02:05:38.000000;d5ad98a1-64b8-47a1-92b4-9fef1db0ee41;388.79;7.72280663;UNKNOWN
2016-01-23T02:05:38.000000;2016-01-23T02:05:38.000000;6ef44eb3-3d5d-45cf-9b3d-5c51d072990f;388.96;8.21759111;UNKNOWN
2016-01-23T02:05:39.000000;2016-01-23T02:05:39.000000;83510973-d321-4fed-b528-f42bdd852036;388.96;6.60231862;UNKNOWN
2016-01-23T02:05:40.000000;2016-01-23T02:05:40.000000;54e98f7c-ddc3-4ca1-98cc-c4fa8bc3f87f;388.73;0.3495;UNKNOWN
2016-01-23T02:05:40.000000;2016-01-23T02:05:40.000000;2679ab34-ed57-41c5-83d7-a8e3f456e651;388.96;0.6505;UNKNOWN
2016-01-23T02:05:41.000000;2016-01-23T02:05:41.000000;e928b2cd-cdb5-491c-a71a-67c7e0d877cb;388.99;2.30835973;UNKNOWN
2016-01-23T02:05:41.000000;2016-01-23T02:05:41.000000;1b4fb20c-46e6-4e1d-8530-509880081ee3;388.96;0.83179027;UNKNOWN
2016-01-23T02:05:42.000000;2016-01-23T02:05:42.000000;96341ca1-09b3-477e-a229-44fbfb8ff593;389.0;92.65585973;UNKNOWN
2016-01-23T02:05:42.000000;2016-01-23T02:05:42.000000;e0bb91aa-e702-4237-b350-a1c513784e96;388.99;11.29774027;UNKNOWN
2016-01-23T02:05:42.000000;2016-01-23T02:05:42.000000;082a4504-09e5-4ed4-bbd4-e9ad72f5d0c7;388.95;0.4;UNKNOWN
2016-01-23T02:05:43.000000;2016-01-23T02:05:43.000000;022fe79f-8291-4fbd-92e2-1f126c86ad6d;389.0;1.86;UNKNOWN
2016-01-23T02:05:44.000000;2016-01-23T02:05:44.000000;3d2b7d08-8795-43a6-8161-27c32bcbc8a5;389.0;3.23;UNKNOWN
2016-01-23T02:05:44.000000;2016-01-23T02:05:44.000000;0dc3555d-ab45-4534-ac09-e0e465d59117;388.98;0.15;UNKNOWN
2016-01-23T02:05:44.000000;2016-01-23T02:05:44.000000;c9b54aca-3e2d-4f1e-8e7e-600e4c98f16f;388.98;0.5;UNKNOWN
2016-01-23T02:05:45.000000;2016-01-23T02:05:45.000000;fff5437e-5a70-420e-bd94-243f5a74485a;389.0;6.28449116;UNKNOWN
2016-01-23T02:05:47.000000;2016-01-23T02:05:47.000000;e0988b60-be3e-4858-975b-03f1218fde85;388.94;3.518495;UNKNOWN
2016-01-23T02:05:48.000000;2016-01-23T02:05:48.000000;204f2208-c574-4817-9efe-814c4ee5670e;388.99;0.26;UNKNOWN
2016-01-23T02:05:48.000000;2016-01-23T02:05:48.000000;6a9f63f4-a152-4ccb-8400-a2b09028b3d2;388.99;3.2380628;UNKNOWN
2016-01-23T02:05:49.000000;2016-01-23T02:05:49.000000;11aa001f-d6cd-4d07-8a0a-3f4ff861255d;388.99;0.65314823;UNKNOWN
2016-01-23T02:05:50.000000;2016-01-23T02:05:50.000000;a8196f47-32a4-4976-b2eb-aaeb2206ebac;388.99;1.25880754;UNKNOWN
2016-01-23T02:05:51.000000;2016-01-23T02:05:51.000000;2b0f607e-6991-42df-93b8-c2b0096fa08a;388.99;1.12921;UNKNOWN
2016-01-23T02:05:53.000000;2016-01-23T02:05:53.000000;9ba776e5-fb89-439a-90d8-39d7372ff1a7;388.98;0.085;UNKNOWN
2016-01-23T02:05:53.000000;2016-01-23T02:05:53.000000;55042bd0-933e-42ff-b347-5329f4de98fb;388.98;0.24;UNKNOWN
2016-01-23T02:05:54.000000;2016-01-23T02:05:54.000000;3c191257-deec-45d5-a63a-e34efc00a567;388.96;0.075;UNKNOWN
2016-01-23T02:05:56.000000;2016-01-23T02:05:56.000000;cca2aabc-1eed-4ce7-8079-e5bcbb4cd1f8;388.96;0.05;UNKNOWN
2016-01-23T02:05:57.000000;2016-01-23T02:05:57.000000;ff3be4c4-8069-4d1b-99c1-fe40ac9ab7b6;388.96;1.37079;UNKNOWN
2016-01-23T02:05:58.000000;2016-01-23T02:05:58.000000;a91b2491-c4c5-4db0-b93a-659aba04d5ab;388.95;0.1;UNKNOWN
2016-01-23T02:05:58.000000;2016-01-23T02:05:58.000000;1bcf72f4-710d-42c6-82ef-103c286b450e;388.96;0.908765;UNKNOWN
2016-01-23T02:05:59.000000;2016-01-23T02:05:59.000000;47b0eb4d-49df-4523-86ec-c6017a46cd32;388.96;1.0698;UNKNOWN
2016-01-23T02:05:59.000000;2016-01-23T02:05:59.000000;3366489a-f845-4d21-ad35-b5961198ad43;388.96;1.12921;UNKNOWN
2016-01-23T02:06:01.000000;2016-01-23T02:06:01.000000;1a4ea38d-d126-4dec-a8e3-efe138215c33;388.96;1.12921;UNKNOWN
2016-01-23T02:06:02.000000;2016-01-23T02:06:02.000000;9a194f1c-4f78-464c-b3e2-4b88ee3f4a9c;389.0;0.325;UNKNOWN
2016-01-23T02:06:03.000000;2016-01-23T02:06:03.000000;fbbf0532-2f0c-4210-b579-87d46ee807e3;388.99;0.407815;UNKNOWN
2016-01-23T02:06:04.000000;2016-01-23T02:06:04.000000;7b9d8637-2d2f-46d6-a595-892b46eafb9d;388.99;3.514545;UNKNOWN
2016-01-23T02:06:05.000000;2016-01-23T02:06:05.000000;ea4ec19f-240a-4fbf-9ab5-f3f0f039456a;389.0;3.514545;UNKNOWN
2016-01-23T02:06:07.000000;2016-01-23T02:06:07.000000;f5753053-53b2-4751-a0ca-27b7e9eec3dc;389.0;1.0792;UNKNOWN
2016-01-23T02:06:08.000000;2016-01-23T02:06:08.000000;c36156e5-8967-4592-b02c-0321961dc12b;389.0;1.58962798;UNKNOWN
2016-01-23T02:06:09.000000;2016-01-23T02:06:09.000000;b9a6748d-0771-42db-929f-843a1daa883f;389.0;1.92491702;UNKNOWN
2016-01-23T02:06:10.000000;2016-01-23T02:06:10.000000;4e17b6ab-efdd-42e8-8cdb-a237d858dab5;389.0;1.05792885;UNKNOWN
2016-01-23T02:06:10.000000;2016-01-23T02:06:10.000000;cfb27d56-d268-4467-bea8-2d2f87da6bbe;388.96;0.1;UNKNOWN
2016-01-23T02:06:10.000000;2016-01-23T02:06:10.000000;d0271298-c769-4851-aa01-99b07007df24;388.42;0.02188491;UNKNOWN
2016-01-23T02:06:11.000000;2016-01-23T02:06:11.000000;c3582680-4371-4b55-9166-07150d8314b7;389.0;3.514545;UNKNOWN
2016-01-23T02:06:12.000000;2016-01-23T02:06:12.000000;ec9b3c06-25e5-4128-b8bd-d8acf6cab9ca;389.0;1.05792885;UNKNOWN
2016-01-23T02:06:14.000000;2016-01-23T02:06:14.000000;2cc4d55e-bf35-4efd-8a90-4a765d67ddf3;389.0;2.87820453;UNKNOWN
2016-01-23T02:06:15.000000;2016-01-23T02:06:15.000000;72cabd2b-cc3a-4a83-bc36-573c88fdd66b;389.0;1.60386977;UNKNOWN
2016-01-23T02:06:15.000000;2016-01-23T02:06:15.000000;9f0730fe-28aa-4112-861e-5e64d945d9df;389.0;2.85431598;UNKNOWN
2016-01-23T02:06:17.000000;2016-01-23T02:06:17.000000;e8260bb4-c770-4876-96b2-ac61833c4c03;388.99;0.1;UNKNOWN
2016-01-23T02:06:17.000000;2016-01-23T02:06:17.000000;f843dce2-2e4a-4fa5-be53-b4042c13180a;389.0;3.40957;UNKNOWN
2016-01-23T02:06:18.000000;2016-01-23T02:06:18.000000;bcf21233-a460-4947-be3e-502b8e0c971d;389.0;3.49043;UNKNOWN
2016-01-23T02:06:19.000000;2016-01-23T02:06:19.000000;155f5f24-526c-45ae-a9b0-e4561e77d15d;389.0;1.73945;UNKNOWN
2016-01-23T02:06:20.000000;2016-01-23T02:06:20.000000;0e7f7318-ca51-42e0-ad1e-6557fca7f61a;389.0;0.12055;UNKNOWN
2016-01-23T02:06:21.000000;2016-01-23T02:06:21.000000;7c40cbed-edb9-4577-b69c-db3a3bf531d6;389.0;0.45520397;UNKNOWN
2016-01-23T02:06:22.000000;2016-01-23T02:06:22.000000;685c7438-ed1f-46dc-a793-30d83143cbc9;389.0;1.54479603;UNKNOWN
2016-01-23T02:06:23.000000;2016-01-23T02:06:23.000000;499476bb-6bbc-47c1-9021-a6052a6ac5d3;389.0;0.15454;UNKNOWN
2016-01-23T02:06:24.000000;2016-01-23T02:06:24.000000;afdd16d1-8669-4618-bd26-354f970cbf80;389.0;5.84546;UNKNOWN
2016-01-23T02:06:25.000000;2016-01-23T02:06:25.000000;4436bd68-e5ef-4ff4-9554-9b024cfa7b72;389.0;24.995;UNKNOWN
2016-01-23T02:06:26.000000;2016-01-23T02:06:26.000000;38591e43-2c4f-4b5f-a073-147f4719b50c;389.0;0.2;UNKNOWN
2016-01-23T02:06:27.000000;2016-01-23T02:06:27.000000;42d3c71e-016d-4cd6-a2a5-4d27fd1f6115;389.0;2.36484476;UNKNOWN
2016-01-23T02:06:28.000000;2016-01-23T02:06:28.000000;871bc47e-433b-4f17-b10f-4492e4b578a9;389.0;0.075;UNKNOWN
2016-01-23T02:06:30.000000;2016-01-23T02:06:30.000000;2fc56fd9-d6da-4b26-add7-f68815f2e095;389.0;0.025;UNKNOWN
2016-01-23T02:06:32.000000;2016-01-23T02:06:32.000000;be87f3eb-0c4c-4641-b439-831a44346e5c;389.0;1.51015524;UNKNOWN
2016-01-23T02:06:33.000000;2016-01-23T02:06:33.000000;ff406749-1a18-4bb9-a370-7333441adb14;389.0;1.0;UNKNOWN
2016-01-23T02:06:34.000000;2016-01-23T02:06:34.000000;c6634fe5-7e1c-4c9a-afcd-3a9ad6535fbd;389.0;0.1243;UNKNOWN
2016-01-23T02:06:35.000000;2016-01-23T02:06:35.000000;5c9ecb5f-68c7-456a-b54b-f86f472b5413;389.0;0.04249403;UNKNOWN
2016-01-23T02:06:36.000000;2016-01-23T02:06:36.000000;9d480ccb-ac66-47a8-8148-c8d9540536fe;388.99;0.1351;UNKNOWN
2016-01-23T02:06:38.000000;2016-01-23T02:06:38.000000;ce5c8b3f-8756-4105-b8b3-301043d4f6f9;388.93;1.29875;UNKNOWN
2016-01-23T02:06:38.000000;2016-01-23T02:06:38.000000;2a4dd1c8-a411-4d28-b88a-c5e69d6dbc91;388.93;0.025;UNKNOWN
2016-01-23T02:06:39.000000;2016-01-23T02:06:39.000000;5dd23291-98d7-427c-9414-2ce33633eac1;388.58;0.0245;UNKNOWN
2016-01-23T02:06:39.000000;2016-01-23T02:06:39.000000;200c546c-6176-4145-a015-37de9347577f;388.58;0.1;UNKNOWN
2016-01-23T02:06:40.000000;2016-01-23T02:06:40.000000;18be26b4-f699-498f-a5c1-72c522431340;388.93;2.25435597;UNKNOWN
2016-01-23T02:06:41.000000;2016-01-23T02:06:41.000000;f05ce5e9-298d-42e1-adef-e372781a0b2f;388.93;0.0211;UNKNOWN
2016-01-23T02:06:43.000000;2016-01-23T02:06:43.000000;431f9c01-8635-47a4-95d5-386c8ccadac1;388.93;0.97;UNKNOWN
2016-01-23T02:06:44.000000;2016-01-23T02:06:44.000000;3b417fed-609f-4c97-ad44-6c08fe5f6627;388.93;0.31915;UNKNOWN
2016-01-23T02:06:44.000000;2016-01-23T02:06:44.000000;efbfa788-5ca3-4376-97f0-782d9528cb20;388.93;0.7359;UNKNOWN
2016-01-23T02:06:45.000000;2016-01-23T02:06:45.000000;0f3e4cf8-1248-488a-9efe-21e1e8375466;388.93;2.27653203;UNKNOWN
2016-01-23T02:06:46.000000;2016-01-23T02:06:46.000000;778c782f-56e1-4261-b6ba-3352cb962ac0;388.93;1.30431797;UNKNOWN
2016-01-23T02:06:46.000000;2016-01-23T02:06:46.000000;960ba4a6-a81c-4492-93ce-ae7ae4a5a3c9;388.93;0.5;UNKNOWN
2016-01-23T02:06:47.000000;2016-01-23T02:06:47.000000;9d24d6bb-7ce8-41ae-a0b5-d740e8b8eddf;388.93;0.1;UNKNOWN
2016-01-23T02:06:48.000000;2016-01-23T02:06:48.000000;be1d3a69-1ec7-4dac-ac55-bda821ca36e1;388.93;2.5;UNKNOWN
2016-01-23T02:06:48.000000;2016-01-23T02:06:48.000000;9a02b370-ada9-44eb-820b-09070ed5c1ce;388.6;0.06;UNKNOWN
2016-01-23T02:06:49.000000;2016-01-23T02:06:49.000000;e2fdb439-a463-4508-9546-e5fc75e84231;388.93;0.1;UNKNOWN
2016-01-23T02:06:49.000000;2016-01-23T02:06:49.000000;119281b7-4338-44ce-9552-0e16ee545259;388.6;0.1086;UNKNOWN
2016-01-23T02:06:50.000000;2016-01-23T02:06:50.000000;8f022490-b182-4f0c-af3f-0899548ed69b;388.93;3.91;UNKNOWN
2016-01-23T02:06:51.000000;2016-01-23T02:06:51.000000;25b6efd7-d55a-48d3-8232-42f5ca75e0e7;388.61;0.4998;UNKNOWN
2016-01-23T02:06:51.000000;2016-01-23T02:06:51.000000;1dbd69ac-3886-45fb-813c-8708fccfa665;388.93;0.03029058;UNKNOWN
2016-01-23T02:06:51.000000;2016-01-23T02:06:51.000000;363422c2-b93d-4676-abb1-c2b9a697d7ec;388.93;0.14029403;UNKNOWN
2016-01-23T02:06:52.000000;2016-01-23T02:06:52.000000;5ae68ac8-31ec-4d76-83dd-9bfa9fca3da2;388.92;0.05948591;UNKNOWN
2016-01-23T02:06:52.000000;2016-01-23T02:06:52.000000;1db3f75e-897b-45fc-834e-76f463406ea7;388.61;0.0002;UNKNOWN
2016-01-23T02:06:52.000000;2016-01-23T02:06:52.000000;1a65d24e-2212-4cf9-9770-723687d0d518;388.61;0.0398;UNKNOWN
2016-01-23T02:06:53.000000;2016-01-23T02:06:53.000000;1683cbc2-173f-4369-9927-00d4a49761e2;388.95;2.73037649;UNKNOWN
2016-01-23T02:06:53.000000;2016-01-23T02:06:53.000000;f3de9d57-300d-407b-b208-9e10bdd3e8c1;388.93;0.06970942;UNKNOWN
2016-01-23T02:06:53.000000;2016-01-23T02:06:53.000000;d224bf14-a0fc-4111-889e-2b50dbc1d244;388.92;0.34051409;UNKNOWN
2016-01-23T02:06:54.000000;2016-01-23T02:06:54.000000;9e40c025-0684-4e84-86cb-49daeca755b6;388.95;1.5;UNKNOWN
2016-01-23T02:06:55.000000;2016-01-23T02:06:55.000000;5216e648-4790-48cd-8743-6fca848c5c52;388.95;0.12932948;UNKNOWN
2016-01-23T02:06:56.000000;2016-01-23T02:06:56.000000;dfcb2189-a1ca-4ffb-873b-b96d328df7bd;388.95;0.94194625;UNKNOWN
2016-01-23T02:06:58.000000;2016-01-23T02:06:58.000000;7017bcd1-87ad-4358-8c8f-95787fa4eaf7;388.65;0.5;UNKNOWN
2016-01-23T02:06:58.000000;2016-01-23T02:06:58.000000;893675cc-c521-4682-91de-2eccbec88dfc;388.95;3.1642;UNKNOWN
2016-01-23T02:07:01.000000;2016-01-23T02:07:01.000000;1ada04f3-1d12-4215-b7cb-b70aafa3ed7c;388.66;1.6655992;UNKNOWN
2016-01-23T02:07:02.000000;2016-01-23T02:07:02.000000;f7996939-8093-4daa-83c9-36f560acbf1e;388.95;1.5;UNKNOWN
2016-01-23T02:07:02.000000;2016-01-23T02:07:02.000000;f9c3967c-6872-4652-9e18-64278051e29b;388.94;0.5;UNKNOWN
2016-01-23T02:07:03.000000;2016-01-23T02:07:03.000000;5590950b-2df3-46f1-89a8-bee6d7812105;388.95;2.0;UNKNOWN
2016-01-23T02:07:04.000000;2016-01-23T02:07:04.000000;ce2976a8-65f4-48f7-b9ee-12987fc816e8;388.67;0.4999;UNKNOWN
2016-01-23T02:07:04.000000;2016-01-23T02:07:04.000000;6596a5a3-8ccc-4b2f-93a8-72b1f37a37a5;388.95;0.1;UNKNOWN
2016-01-23T02:07:08.000000;2016-01-23T02:07:08.000000;e71d0ab4-287f-415a-af1d-73214f6a0272;388.95;1.75;UNKNOWN
2016-01-23T02:07:08.000000;2016-01-23T02:07:08.000000;47c249cc-dfb9-4be9-ad03-443dbabfff5c;388.68;0.1;UNKNOWN
2016-01-23T02:07:08.000000;2016-01-23T02:07:08.000000;e48ec278-9a3b-46d3-a1ef-018faa890654;388.68;0.2143;UNKNOWN
2016-01-23T02:07:08.000000;2016-01-23T02:07:08.000000;52bbccc7-3ec4-44b6-9613-983b89d501a7;388.68;0.1857;UNKNOWN
2016-01-23T02:07:09.000000;2016-01-23T02:07:09.000000;ebc76c55-97fd-4fc5-b18c-c0f905d26a0e;388.93;2.15;UNKNOWN
2016-01-23T02:07:10.000000;2016-01-23T02:07:10.000000;0ea95f73-007f-418a-bf51-fa246ab2d05e;388.93;0.5;UNKNOWN
2016-01-23T02:07:10.000000;2016-01-23T02:07:10.000000;f30d8d4e-5c06-49fd-8e1e-d672ea9877d8;388.68;0.3943;UNKNOWN
2016-01-23T02:07:10.000000;2016-01-23T02:07:10.000000;5c6081a8-4c5d-4962-8b7a-25934e75aa24;388.68;0.0257;UNKNOWN
2016-01-23T02:07:11.000000;2016-01-23T02:07:11.000000;2e22eb7c-fbb3-4fe4-9aa6-4446e4e7694c;388.93;0.3;UNKNOWN
2016-01-23T02:07:12.000000;2016-01-23T02:07:12.000000;9d94f17e-a5b8-4604-a7d9-c0372a1b2550;388.93;0.45;UNKNOWN
2016-01-23T02:07:12.000000;2016-01-23T02:07:12.000000;7c29da70-034e-4a6e-8044-9443d3b9e3eb;388.68;0.08;UNKNOWN
2016-01-23T02:07:12.000000;2016-01-23T02:07:12.000000;78679f89-f8b9-4ff6-9e3c-d6f55bc1e3cc;388.93;1.05;UNKNOWN
2016-01-23T02:07:12.000000;2016-01-23T02:07:12.000000;cf05d0a4-6ea1-4b9a-b0ad-5aff2f06b841;388.92;0.5;UNKNOWN
2016-01-23T02:07:13.000000;2016-01-23T02:07:13.000000;104184a0-cbb7-4a04-9b79-47d202b9c989;388.92;0.1;UNKNOWN
2016-01-23T02:07:16.000000;2016-01-23T02:07:16.000000;17482460-df98-4ff2-9a8b-42e937ac2aa0;388.91;0.01036698;UNKNOWN
2016-01-23T02:07:16.000000;2016-01-23T02:07:16.000000;6ed1a826-2bbf-4aba-9c6d-4b1751a89d59;388.7;0.1;UNKNOWN
2016-01-23T02:07:16.000000;2016-01-23T02:07:16.000000;62a4eed7-cd88-4e04-9f56-ddf63a8bb620;388.69;0.3;UNKNOWN
2016-01-23T02:07:17.000000;2016-01-23T02:07:17.000000;4eb00fd1-1d1e-4013-a477-625062d38584;388.69;0.4999;UNKNOWN
2016-01-23T02:07:17.000000;2016-01-23T02:07:17.000000;7b92f0b0-12a4-4146-9619-134d804cd590;388.9;0.08963302;UNKNOWN
2016-01-23T02:07:18.000000;2016-01-23T02:07:18.000000;155eb7ca-e9f6-406b-98ca-d60131bd7e11;388.89;0.5;UNKNOWN
2016-01-23T02:07:18.000000;2016-01-23T02:07:18.000000;34b3183b-d88c-4723-a687-8de7e79ae819;388.89;2.26915;UNKNOWN
2016-01-23T02:07:19.000000;2016-01-23T02:07:19.000000;02a5e196-205f-43d0-b39e-3982dd8fde17;388.89;0.73085;UNKNOWN
2016-01-23T02:07:19.000000;2016-01-23T02:07:19.000000;d8764f21-d4c5-4963-9758-1497ffb09c6e;388.9;0.4;UNKNOWN
2016-01-23T02:07:21.000000;2016-01-23T02:07:21.000000;70c83d86-8079-4e99-8b3f-96b2c74920d6;388.69;0.09;UNKNOWN
2016-01-23T02:07:21.000000;2016-01-23T02:07:21.000000;15433905-19e2-4826-9786-e0f76b0e5647;388.88;0.05;UNKNOWN
2016-01-23T02:07:22.000000;2016-01-23T02:07:22.000000;4577eeaa-a51e-4c07-97bd-9b9d4e6940ca;388.88;0.1;UNKNOWN
2016-01-23T02:07:22.000000;2016-01-23T02:07:22.000000;879cdd03-13d9-439d-bd73-9252a2e95956;388.88;0.45;UNKNOWN
2016-01-23T02:07:22.000000;2016-01-23T02:07:22.000000;29bf791e-ed75-4f94-ba34-8399e53b2c76;388.89;1.05;UNKNOWN
2016-01-23T02:07:22.000000;2016-01-23T02:07:22.000000;e5131d0b-5cd5-43e4-a123-c59d870b77f3;388.74;0.1;UNKNOWN
2016-01-23T02:07:22.000000;2016-01-23T02:07:22.000000;85c92f67-809d-42e6-8994-08f62707c9d4;388.88;0.4;UNKNOWN
2016-01-23T02:07:23.000000;2016-01-23T02:07:23.000000;c491f006-d919-42db-99df-d072514acf46;388.74;3.9;UNKNOWN
2016-01-23T02:07:24.000000;2016-01-23T02:07:24.000000;70f0bace-6155-46d5-a185-3d1b26bb529b;388.74;0.0195;UNKNOWN
2016-01-23T02:07:25.000000;2016-01-23T02:07:25.000000;1f671ee9-5a50-4628-890e-ff9e95c9c554;388.73;0.5;UNKNOWN
2016-01-23T02:07:25.000000;2016-01-23T02:07:25.000000;425e03d3-65ec-4162-9754-b7326909796e;388.74;3.4805;UNKNOWN
2016-01-23T02:07:26.000000;2016-01-23T02:07:26.000000;52fd5c5e-c1d7-48e3-a1d9-b86e3fbf7f73;388.6;0.1086;UNKNOWN
2016-01-23T02:07:26.000000;2016-01-23T02:07:26.000000;5a795214-7303-4552-8653-694a9365128a;388.61;0.1;UNKNOWN
2016-01-23T02:07:26.000000;2016-01-23T02:07:26.000000;52be025f-8e9f-492e-a173-2242310e70d4;388.05;0.0414;UNKNOWN
2016-01-23T02:07:27.000000;2016-01-23T02:07:27.000000;1a3becbc-1ff3-4882-8559-3ff277606599;388.73;0.055;UNKNOWN
2016-01-23T02:07:28.000000;2016-01-23T02:07:28.000000;9e5c74c2-95c2-4ee3-b16d-bc7780224bf1;388.72;1.20361171;UNKNOWN
2016-01-23T02:07:28.000000;2016-01-23T02:07:28.000000;e466d430-5552-43b2-8db9-77b095e4fe31;388.73;0.445;UNKNOWN
2016-01-23T02:07:28.000000;2016-01-23T02:07:28.000000;588f2b61-680c-4be5-8545-c79433a1c0e6;388.72;0.059;UNKNOWN
2016-01-23T02:07:28.000000;2016-01-23T02:07:28.000000;d008ece4-24d2-44e0-9d91-8dfeb518ef39;388.73;0.29638829;UNKNOWN
2016-01-23T02:07:30.000000;2016-01-23T02:07:30.000000;67f67885-c7d3-42a6-92b4-a5ce602012c8;388.72;0.73605782;UNKNOWN
2016-01-23T02:07:31.000000;2016-01-23T02:07:31.000000;c5e6670a-6493-4e9b-a9f1-ef22bd3d425b;388.71;1.26394218;UNKNOWN
2016-01-23T02:07:31.000000;2016-01-23T02:07:31.000000;b698361c-704c-4010-94d5-d22409f0ebad;388.08;0.5;UNKNOWN
2016-01-23T02:07:32.000000;2016-01-23T02:07:32.000000;f29570f3-77f3-4fe7-826e-7f2fc2a53cf7;388.7;0.06;UNKNOWN
2016-01-23T02:07:33.000000;2016-01-23T02:07:33.000000;f7cea769-7378-4bd3-9b6b-24726a219574;388.56;0.1;UNKNOWN
2016-01-23T02:07:33.000000;2016-01-23T02:07:33.000000;c73e9f73-5736-4b8c-928c-4f2316863319;388.08;4.5;UNKNOWN
2016-01-23T02:07:34.000000;2016-01-23T02:07:34.000000;f4c2b517-a698-49f6-989b-addcfed74313;388.08;0.01;UNKNOWN
2016-01-23T02:07:34.000000;2016-01-23T02:07:34.000000;469376e4-b7aa-4dbf-9671-b080dc5f0988;388.08;2.99;UNKNOWN
2016-01-23T02:07:34.000000;2016-01-23T02:07:34.000000;69a99def-7810-4263-9e83-117bad330dc4;388.56;0.1;UNKNOWN
2016-01-23T02:07:35.000000;2016-01-23T02:07:35.000000;ade4b625-8f81-4432-b15e-de25839b82ba;388.56;0.947;UNKNOWN
2016-01-23T02:07:35.000000;2016-01-23T02:07:35.000000;d0ba904e-98ba-4e97-b245-b1f84c4acd99;388.55;0.053;UNKNOWN
2016-01-23T02:07:36.000000;2016-01-23T02:07:36.000000;000ba97c-ee79-407e-8a94-edb58850d37a;388.56;1.0;UNKNOWN
2016-01-23T02:07:37.000000;2016-01-23T02:07:37.000000;0b4ff03e-c36b-4988-ad29-a01b7405955c;388.55;0.14954312;UNKNOWN
2016-01-23T02:07:38.000000;2016-01-23T02:07:38.000000;d54dd843-da77-4019-a50f-cac1720d17e4;388.09;0.1;UNKNOWN
2016-01-23T02:07:38.000000;2016-01-23T02:07:38.000000;9dfba339-efd2-487f-bf31-e4e96db3bf6a;388.07;3.91767286;UNKNOWN
2016-01-23T02:07:38.000000;2016-01-23T02:07:38.000000;c365f966-f846-45a5-826c-39377601a80f;388.55;0.25045688;UNKNOWN
2016-01-23T02:07:39.000000;2016-01-23T02:07:39.000000;ac4952c5-56e8-49f1-8904-ac1c20deadef;388.55;0.03268037;UNKNOWN
2016-01-23T02:07:39.000000;2016-01-23T02:07:39.000000;ef9252d3-2eac-4480-9d7a-20df7b5efbfe;388.55;0.1;UNKNOWN
2016-01-23T02:07:40.000000;2016-01-23T02:07:40.000000;87bf23a8-5241-4836-a75d-3982efefe444;388.55;0.06731963;UNKNOWN
2016-01-23T02:07:42.000000;2016-01-23T02:07:42.000000;7cc80fe9-5da9-421f-994d-52ca7f111fb9;388.54;0.1;UNKNOWN
2016-01-23T02:07:42.000000;2016-01-23T02:07:42.000000;5ac818cb-1318-4b2f-96ec-b383fe65e0ac;388.55;0.14655;UNKNOWN
2016-01-23T02:07:42.000000;2016-01-23T02:07:42.000000;500b1ad4-9229-4293-8f2a-c5dc16430736;388.08;0.4998;UNKNOWN
2016-01-23T02:07:42.000000;2016-01-23T02:07:42.000000;b3b0260d-53d9-4f29-a254-8cdfd8620eac;388.55;2.9;UNKNOWN
2016-01-23T02:07:43.000000;2016-01-23T02:07:43.000000;a8131374-9e1e-44ca-8bd3-b2af727ccea2;388.55;0.82345;UNKNOWN
2016-01-23T02:07:45.000000;2016-01-23T02:07:45.000000;7909ee5b-0190-49ac-a8c4-ad3658f88c6e;388.54;0.1;UNKNOWN
2016-01-23T02:07:46.000000;2016-01-23T02:07:46.000000;ea52b3e3-6b88-4b0b-b00d-ec99699d8b9c;388.54;0.2;UNKNOWN
2016-01-23T02:07:47.000000;2016-01-23T02:07:47.000000;6bd3062b-945a-4383-9921-4a4b64ae7586;388.54;0.147;UNKNOWN
2016-01-23T02:07:47.000000;2016-01-23T02:07:47.000000;6e804f83-6b50-4ef4-8ae5-edf3200b3a2c;388.53;0.1;UNKNOWN
2016-01-23T02:07:47.000000;2016-01-23T02:07:47.000000;14dc726e-2f77-4740-81e8-2a6f32eee773;388.56;2.90915;UNKNOWN
2016-01-23T02:07:48.000000;2016-01-23T02:07:48.000000;38baefd3-2814-4f71-8cb7-c46327f13261;388.55;4.13;UNKNOWN
2016-01-23T02:07:48.000000;2016-01-23T02:07:48.000000;ddbcc83e-8956-4692-92e9-b23f246c4abb;388.54;0.5;UNKNOWN
2016-01-23T02:07:50.000000;2016-01-23T02:07:50.000000;4c1aaabd-5358-43dc-8822-d9ccb837c23b;388.56;2.0;UNKNOWN
2016-01-23T02:07:51.000000;2016-01-23T02:07:51.000000;203c397a-2441-4bfd-879d-63fe13887ade;388.56;0.63;UNKNOWN
2016-01-23T02:07:52.000000;2016-01-23T02:07:52.000000;a526104d-9847-4e2e-8526-5d402a9fb48c;388.56;9.79615;UNKNOWN
2016-01-23T02:07:52.000000;2016-01-23T02:07:52.000000;e74deb3c-0317-447b-bc61-64d847747aec;388.74;1.1933;UNKNOWN
2016-01-23T02:07:54.000000;2016-01-23T02:07:54.000000;f462ca6f-d1af-461c-a634-5d1922c2dece;388.73;0.5;UNKNOWN
2016-01-23T02:07:54.000000;2016-01-23T02:07:54.000000;ab64696c-024b-46a1-9631-dab8281fe727;388.74;8.3944;UNKNOWN
2016-01-23T02:07:54.000000;2016-01-23T02:07:54.000000;1b1615d2-2d7f-4df6-b07e-a2c5f765c307;388.73;0.5;UNKNOWN
2016-01-23T02:07:55.000000;2016-01-23T02:07:55.000000;d9f41310-73f8-47bd-8d6e-cf548a040325;388.73;0.1;UNKNOWN
2016-01-23T02:07:56.000000;2016-01-23T02:07:56.000000;bd63babb-1264-42dd-affd-d8ccc5e8f2ef;388.73;0.1;UNKNOWN
2016-01-23T02:07:57.000000;2016-01-23T02:07:57.000000;e1031055-39a8-4a4a-bb0a-225e20edd6dc;388.73;0.0395;UNKNOWN
2016-01-23T02:07:59.000000;2016-01-23T02:07:59.000000;ba2b3d1b-190f-42a5-94b4-038724642923;388.73;0.1;UNKNOWN
2016-01-23T02:08:00.000000;2016-01-23T02:08:00.000000;a6a7ec93-a831-4bf9-bdd4-52e894d6143b;388.73;0.1;UNKNOWN
2016-01-23T02:08:02.000000;2016-01-23T02:08:02.000000;4a059827-c54b-4d20-8e81-46d970a0c861;388.72;0.1;UNKNOWN
2016-01-23T02:08:04.000000;2016-01-23T02:08:04.000000;868242a0-46aa-407f-8373-5549a9acca8e;388.55;0.1;UNKNOWN
2016-01-23T02:08:04.000000;2016-01-23T02:08:04.000000;bc6ad6e0-9635-433a-93d3-74ea0923dcee;388.55;0.1;UNKNOWN
2016-01-23T02:08:04.000000;2016-01-23T02:08:04.000000;ec47349e-a363-4305-a43e-cba9417fd346;388.55;0.5;UNKNOWN
2016-01-23T02:08:05.000000;2016-01-23T02:08:05.000000;20211e74-fd35-4631-a09f-8b78a5cfcaef;388.9;0.03738879;UNKNOWN
2016-01-23T02:08:05.000000;2016-01-23T02:08:05.000000;cd3a3b6b-5d98-48c9-b5d6-fcf9835af570;388.9;0.06261121;UNKNOWN
2016-01-23T02:08:07.000000;2016-01-23T02:08:07.000000;09944673-764d-4a46-8294-f5a8ecf01aa7;388.9;0.1;UNKNOWN
2016-01-23T02:08:08.000000;2016-01-23T02:08:08.000000;b52b1412-f852-4def-ac37-d604e7af000a;388.9;0.05;UNKNOWN
2016-01-23T02:08:08.000000;2016-01-23T02:08:08.000000;7e077de5-1617-4152-b07a-38aa90ab6caf;388.7;0.1;UNKNOWN
2016-01-23T02:08:09.000000;2016-01-23T02:08:09.000000;5f1ede36-26e5-4fd8-b442-f412f4d226b2;388.9;0.04625;UNKNOWN
2016-01-23T02:08:10.000000;2016-01-23T02:08:10.000000;4362a97e-343e-4f60-b37b-6c57dc93bf63;388.72;0.505;UNKNOWN
2016-01-23T02:08:11.000000;2016-01-23T02:08:11.000000;c67b7fe0-94e5-4487-8f23-0d2c3f5f230e;388.72;1.29875;UNKNOWN
2016-01-23T02:08:12.000000;2016-01-23T02:08:12.000000;39eeb9ae-ca6d-4c89-9505-2a63e2563bd5;388.56;0.05150639;UNKNOWN
2016-01-23T02:08:12.000000;2016-01-23T02:08:12.000000;1ff66a10-5353-4246-a9cb-dedbde8c6c0f;388.72;2.0;UNKNOWN
2016-01-23T02:08:12.000000;2016-01-23T02:08:12.000000;8c9f1e78-1aae-4309-b0b4-0853030c0e33;388.56;0.1;UNKNOWN
2016-01-23T02:08:12.000000;2016-01-23T02:08:12.000000;6dba3066-4e70-46f5-80d1-c00c45eead16;388.56;0.4;UNKNOWN
2016-01-23T02:08:13.000000;2016-01-23T02:08:13.000000;c0ef422d-3f39-43bd-8b3a-67782f245c82;388.71;0.1;UNKNOWN
2016-01-23T02:08:14.000000;2016-01-23T02:08:14.000000;093c6e3b-0739-4d8a-bcac-301590bb3247;388.71;0.0424;UNKNOWN
2016-01-23T02:08:16.000000;2016-01-23T02:08:16.000000;676feafb-bc64-480e-9c11-f4ff979fcee1;388.56;0.2563;UNKNOWN
2016-01-23T02:08:24.000000;2016-01-23T02:08:24.000000;b1b60186-8a04-415d-8ff9-bfa0c6f2a31d;388.69;0.5;UNKNOWN
2016-01-23T02:08:24.000000;2016-01-23T02:08:24.000000;4b358310-b91d-48d0-8568-fe6f26cce7ef;388.69;0.01;UNKNOWN
2016-01-23T02:08:24.000000;2016-01-23T02:08:24.000000;e7047397-cdbf-4486-aa34-3f590757c281;388.69;0.2324;UNKNOWN
2016-01-23T02:08:24.000000;2016-01-23T02:08:24.000000;197b9172-af5d-472b-8f14-b349135e5d4b;388.69;0.2576;UNKNOWN
2016-01-23T02:08:58.000000;2016-01-23T02:08:58.000000;08818be5-98ab-4065-a078-5046bca82017;388.59;0.1;UNKNOWN
2016-01-23T02:08:58.000000;2016-01-23T02:08:58.000000;d6dd6c77-8188-46e8-8657-f0cfda258ed5;388.59;0.0192;UNKNOWN
2016-01-23T02:09:03.000000;2016-01-23T02:09:03.000000;e283de1e-3ddc-478f-a375-18ae681701d5;387.93;0.1;UNKNOWN
2016-01-23T02:09:16.000000;2016-01-23T02:09:16.000000;e4407113-b801-4267-9958-50d9caf755a5;387.94;0.1;UNKNOWN
2016-01-23T02:09:24.000000;2016-01-23T02:09:24.000000;f67b23f2-f135-466b-8456-ce85c5e16f5d;387.33;0.689;UNKNOWN
2016-01-23T02:09:30.000000;2016-01-23T02:09:30.000000;d0d4ee2c-d361-4c2f-943d-31cfca9ea3a2;387.95;3.34847108;UNKNOWN
2016-01-23T02:09:30.000000;2016-01-23T02:09:30.000000;b71f70ae-7203-4468-91d7-52d4546fe194;387.34;0.05152892;UNKNOWN
2016-01-23T02:09:32.000000;2016-01-23T02:09:32.000000;3648f575-7b59-4240-a842-9514296e56c7;387.93;0.02865;UNKNOWN
2016-01-23T02:09:33.000000;2016-01-23T02:09:33.000000;5004e0ae-ccae-4cd2-a529-cdf4e1220763;387.91;0.025;UNKNOWN
2016-01-23T02:09:34.000000;2016-01-23T02:09:34.000000;400c6cc0-8c71-42e0-82c6-46f66250e7b5;387.91;0.05;UNKNOWN
2016-01-23T02:09:35.000000;2016-01-23T02:09:35.000000;1da8a4fd-cfaf-4e6e-98b9-0737710c9bd2;387.93;0.2576;UNKNOWN
2016-01-23T02:09:35.000000;2016-01-23T02:09:35.000000;8c4ac3b3-bfd8-4f56-8874-4abc3cefa30f;387.94;0.1;UNKNOWN
2016-01-23T02:09:35.000000;2016-01-23T02:09:35.000000;a88dbeee-9259-442b-8dac-e51cdd9bd4a2;387.33;5.95;UNKNOWN
2016-01-23T02:09:35.000000;2016-01-23T02:09:35.000000;e1dab56a-2544-4d81-b431-0e085ebd2193;387.91;0.585;UNKNOWN
2016-01-23T02:09:35.000000;2016-01-23T02:09:35.000000;53424b97-fd23-40e3-b0ba-783171b981e0;388.13;0.9574;UNKNOWN
2016-01-23T02:09:35.000000;2016-01-23T02:09:35.000000;e45c7b46-072d-4515-9be3-98e8a181f55d;387.93;0.5;UNKNOWN
2016-01-23T02:09:38.000000;2016-01-23T02:09:38.000000;d1034a54-555d-4296-80d4-9f2224f05bc1;387.9;0.02223;UNKNOWN
2016-01-23T02:09:41.000000;2016-01-23T02:09:41.000000;f524534b-dbe6-4a81-841c-876b903b66d8;388.12;0.1;UNKNOWN
2016-01-23T02:09:41.000000;2016-01-23T02:09:41.000000;bf8303ac-1e07-47e4-8eec-93ea9ee2efcf;388.13;0.00679824;UNKNOWN
2016-01-23T02:09:43.000000;2016-01-23T02:09:43.000000;e6e09d8c-78ca-4f38-aa2b-7d78883cfe20;388.12;0.026;UNKNOWN
2016-01-23T02:09:44.000000;2016-01-23T02:09:44.000000;6f5c2d7c-fa32-4bc0-b35f-6fd391e9a57a;388.12;0.43548905;UNKNOWN
2016-01-23T02:09:45.000000;2016-01-23T02:09:45.000000;be01bdfa-8496-4435-aa51-4f17c31ea89d;387.35;0.7;UNKNOWN
2016-01-23T02:09:45.000000;2016-01-23T02:09:45.000000;5d6f976b-9dec-4849-b1e3-69a0e3c9e85a;387.35;0.1;UNKNOWN
2016-01-23T02:09:45.000000;2016-01-23T02:09:45.000000;2bf23316-4b18-452b-95e2-c5bbafffc579;388.12;0.01989617;UNKNOWN
2016-01-23T02:09:45.000000;2016-01-23T02:09:45.000000;0fb8b63a-a0f0-45a9-845d-b7e715ba171d;387.32;3.0;UNKNOWN
2016-01-23T02:09:45.000000;2016-01-23T02:09:45.000000;efdee7c5-de71-4547-97d8-4280f611a95f;387.31;2.7;UNKNOWN
2016-01-23T02:09:45.000000;2016-01-23T02:09:45.000000;f2447513-d333-4e23-894f-760d5def0903;387.33;0.5;UNKNOWN
2016-01-23T02:09:46.000000;2016-01-23T02:09:46.000000;0eb19f90-ab77-4311-82d0-44cb325e761d;388.12;0.0316382;UNKNOWN
2016-01-23T02:09:47.000000;2016-01-23T02:09:47.000000;7fb18952-e883-40a8-b9a7-69b4a8366810;388.12;0.32058881;UNKNOWN
2016-01-23T02:09:49.000000;2016-01-23T02:09:49.000000;a602e2ec-2748-47c8-89eb-ba46a046eb1c;388.33;0.51091096;UNKNOWN
2016-01-23T02:09:50.000000;2016-01-23T02:09:50.000000;56b048be-0782-47d6-8709-140623695039;388.32;0.01;UNKNOWN
2016-01-23T02:09:50.000000;2016-01-23T02:09:50.000000;fbde4ab1-8f85-474b-9b36-6a67c98f4bb2;388.33;2.0885201;UNKNOWN
2016-01-23T02:09:50.000000;2016-01-23T02:09:50.000000;542e010c-974f-4c8d-a1b3-c923c4184cb9;388.32;0.138;UNKNOWN
2016-01-23T02:09:51.000000;2016-01-23T02:09:51.000000;31e5b274-1e72-45a2-bf9e-29c4577c8fb7;388.33;0.05324234;UNKNOWN
2016-01-23T02:09:53.000000;2016-01-23T02:09:53.000000;0da26f98-cd79-429d-90ef-0107ec120e0a;388.33;0.025;UNKNOWN
2016-01-23T02:09:53.000000;2016-01-23T02:09:53.000000;cebe9171-d0f4-4797-ae6d-1fb32c5870a7;388.32;0.1;UNKNOWN
2016-01-23T02:09:54.000000;2016-01-23T02:09:54.000000;47e2768c-69bf-418b-beda-9a646c3908f1;388.33;0.02;UNKNOWN
2016-01-23T02:09:55.000000;2016-01-23T02:09:55.000000;6f57a27a-f453-401d-b42b-d615f78099a1;388.34;0.01324503;UNKNOWN
2016-01-23T02:09:56.000000;2016-01-23T02:09:56.000000;97116f57-61da-4969-a318-4229630a2715;388.51;2.24729886;UNKNOWN
2016-01-23T02:09:56.000000;2016-01-23T02:09:56.000000;acf82111-da6c-4d2c-8fde-d7577bf0feca;388.32;0.5;UNKNOWN
2016-01-23T02:09:56.000000;2016-01-23T02:09:56.000000;9a6c478f-6a2c-42f4-9daa-2e6b6d6b1571;388.33;0.1;UNKNOWN
2016-01-23T02:09:56.000000;2016-01-23T02:09:56.000000;0ecab76a-e7a2-4497-94ba-7bbd8366daef;388.33;0.352;UNKNOWN
2016-01-23T02:09:58.000000;2016-01-23T02:09:58.000000;1b6757f1-b4f6-4dcb-844c-59d6cfde3397;388.51;2.87085953;UNKNOWN
2016-01-23T02:09:59.000000;2016-01-23T02:09:59.000000;5864cd7e-94b5-4e7f-8277-81c89dd07ad3;388.5;0.02;UNKNOWN
2016-01-23T02:10:02.000000;2016-01-23T02:10:02.000000;d64d2043-109d-47b7-b457-34b99edca22f;388.49;0.5;UNKNOWN
2016-01-23T02:10:03.000000;2016-01-23T02:10:03.000000;15bb5de8-8516-4464-baec-a7b7ea2913ad;388.49;0.15;UNKNOWN
2016-01-23T02:10:04.000000;2016-01-23T02:10:04.000000;05692dfb-08a1-42e5-9914-03ce7b40bff5;388.48;0.426033;UNKNOWN
2016-01-23T02:10:06.000000;2016-01-23T02:10:06.000000;0a9ab775-b91c-4e70-a718-c70bcf211a2c;388.3;0.998009;UNKNOWN
2016-01-23T02:10:06.000000;2016-01-23T02:10:06.000000;f53842b5-a7d7-4b1e-8a90-4f3221fb5fde;388.48;0.925958;UNKNOWN
2016-01-23T02:10:07.000000;2016-01-23T02:10:07.000000;dc3fd059-9119-407f-a3e0-6cd494905684;388.47;0.4956293;UNKNOWN
2016-01-23T02:10:08.000000;2016-01-23T02:10:08.000000;7783ebb1-89b9-47b1-8728-4b68586cfa67;388.29;6.4413;UNKNOWN
2016-01-23T02:10:08.000000;2016-01-23T02:10:08.000000;85cbf9b9-21c3-4158-9ed7-fd501948b277;388.47;8.5587;UNKNOWN
2016-01-23T02:10:11.000000;2016-01-23T02:10:11.000000;2235022c-8a8f-4dc0-a211-67a50fc98bd8;388.51;0.05;UNKNOWN
2016-01-23T02:10:12.000000;2016-01-23T02:10:12.000000;5c6c8834-f726-4956-bb16-46864ac023f5;388.52;3.2377;UNKNOWN
2016-01-23T02:10:15.000000;2016-01-23T02:10:15.000000;eb88b6d5-c2e6-4a1b-8976-f5956f37f179;388.55;1.2166707;UNKNOWN
2016-01-23T02:10:16.000000;2016-01-23T02:10:16.000000;647cba10-9ac9-4946-9e02-bf4f0b5a0ae8;388.72;0.05;UNKNOWN
2016-01-23T02:10:18.000000;2016-01-23T02:10:18.000000;d9004a3a-a0b8-4a6b-b56e-d52739c15c0d;388.71;0.2903;UNKNOWN
2016-01-23T02:10:20.000000;2016-01-23T02:10:20.000000;eb40cf00-7584-4482-8f6b-618b9238a275;388.71;0.1097;UNKNOWN
2016-01-23T02:10:20.000000;2016-01-23T02:10:20.000000;c1480ec2-e6c3-4361-969e-67c3cc708358;388.72;0.43;UNKNOWN
2016-01-23T02:10:20.000000;2016-01-23T02:10:20.000000;83d0fad0-154e-44a7-a225-895553bbf33f;388.71;0.12;UNKNOWN
2016-01-23T02:10:24.000000;2016-01-23T02:10:24.000000;b5015c3f-6879-41bc-8c92-87ed4853657a;388.71;0.176;UNKNOWN
2016-01-23T02:10:24.000000;2016-01-23T02:10:24.000000;57104f80-e036-4e3e-911f-8290cb07bb6e;388.72;2.824;UNKNOWN
2016-01-23T02:10:25.000000;2016-01-23T02:10:25.000000;07940480-1f32-46ec-8629-809f0f12d163;388.71;0.15;UNKNOWN
2016-01-23T02:10:27.000000;2016-01-23T02:10:27.000000;d9e2749d-c96b-471a-b98b-55565645fe40;388.71;0.054;UNKNOWN
2016-01-23T02:10:27.000000;2016-01-23T02:10:27.000000;b9070f2a-8883-42d6-862b-1dc5ea5b1a8e;388.71;2.796;UNKNOWN
2016-01-23T02:10:28.000000;2016-01-23T02:10:28.000000;2ba9b20b-a339-4abf-92c3-7eb91d1d85c6;388.71;0.83380369;UNKNOWN
2016-01-23T02:10:29.000000;2016-01-23T02:10:29.000000;6cc7ea7b-c2c0-43f2-81ac-20bdb52cede3;388.72;1.89225;UNKNOWN
2016-01-23T02:10:29.000000;2016-01-23T02:10:29.000000;b45453ad-8e7b-410f-b51c-76f3c5427cca;388.9;1.0126;UNKNOWN
2016-01-23T02:10:29.000000;2016-01-23T02:10:29.000000;c5dafa92-b23d-4723-ba67-81e75aabe3ca;388.71;0.4;UNKNOWN
2016-01-23T02:10:29.000000;2016-01-23T02:10:29.000000;9f17f721-a0c1-4066-b2a3-6d514651ee47;388.71;0.5;UNKNOWN
2016-01-23T02:10:30.000000;2016-01-23T02:10:30.000000;b07228c6-e888-4f2e-9415-4c246a7c0245;388.9;3.36134631;UNKNOWN
2016-01-23T02:10:33.000000;2016-01-23T02:10:33.000000;062619d5-6542-476c-9dcf-9a9fd1e29ba2;388.9;5.32980369;UNKNOWN
2016-01-23T02:10:33.000000;2016-01-23T02:10:33.000000;62624b07-592b-47fa-9dcb-0dd28c89ff31;388.94;0.5;UNKNOWN
2016-01-23T02:10:33.000000;2016-01-23T02:10:33.000000;41241611-07ab-42b2-a44c-3fbae0d1132c;388.53;0.01;UNKNOWN
2016-01-23T02:10:33.000000;2016-01-23T02:10:33.000000;6376e182-6539-4fe3-a5c3-16b56ba7ef62;388.94;0.43419631;UNKNOWN
2016-01-23T02:10:34.000000;2016-01-23T02:10:34.000000;6868ae0f-e7d2-491b-ab99-6af9abaa27ab;388.93;0.01;UNKNOWN
2016-01-23T02:10:34.000000;2016-01-23T02:10:34.000000;4e34dd87-7d3a-44c5-aba0-75b81da5c0c7;388.93;0.064;UNKNOWN
2016-01-23T02:10:34.000000;2016-01-23T02:10:34.000000;6b9fb47c-2806-4988-ba0d-97289cb03adc;388.94;3.0;UNKNOWN
2016-01-23T02:10:34.000000;2016-01-23T02:10:34.000000;152f2245-790a-4a69-9b6d-688be1e6fb3a;388.53;0.01;UNKNOWN
2016-01-23T02:10:34.000000;2016-01-23T02:10:34.000000;8e283733-f2d7-4adb-8bbb-34d2a9700e6d;388.94;0.226;UNKNOWN
2016-01-23T02:10:34.000000;2016-01-23T02:10:34.000000;a0023960-8da8-4b09-8398-acafaa64288f;388.93;0.1;UNKNOWN
2016-01-23T02:10:34.000000;2016-01-23T02:10:34.000000;9aadba12-6a3a-4e46-b1e0-3ae8fe852ee7;388.93;0.336;UNKNOWN
2016-01-23T02:10:36.000000;2016-01-23T02:10:36.000000;54fcd7c4-9722-486f-90c0-9ebd94064080;388.93;0.05;UNKNOWN
2016-01-23T02:10:37.000000;2016-01-23T02:10:37.000000;3ae7490e-fd96-4236-bf0d-ce6086a685ec;388.93;0.03;UNKNOWN
2016-01-23T02:10:37.000000;2016-01-23T02:10:37.000000;d58c2c05-2fb0-47af-80f9-e105f0ea5d07;388.93;0.0477;UNKNOWN
2016-01-23T02:10:38.000000;2016-01-23T02:10:38.000000;e486a1eb-1914-4ac1-9200-95decde152cd;388.7;1.0;UNKNOWN
2016-01-23T02:10:38.000000;2016-01-23T02:10:38.000000;9c91d771-b6f6-4118-8e80-3dd8c988dc46;388.93;0.2152;UNKNOWN
2016-01-23T02:10:38.000000;2016-01-23T02:10:38.000000;69905f40-e2fe-401f-b7d2-eb2f09502848;388.93;0.01;UNKNOWN
2016-01-23T02:10:38.000000;2016-01-23T02:10:38.000000;8677af98-c421-484a-9035-c9e09e6720e3;388.93;0.4;UNKNOWN
2016-01-23T02:10:38.000000;2016-01-23T02:10:38.000000;901f8cad-f357-46a2-bf44-c8f10652b482;388.93;0.3723;UNKNOWN
2016-01-23T02:10:39.000000;2016-01-23T02:10:39.000000;f4615d82-1af6-4fbc-ba28-6b666572c66a;388.91;3.0;UNKNOWN
2016-01-23T02:10:40.000000;2016-01-23T02:10:40.000000;cbd6a07d-6390-4f7b-9255-3271fbd0bb46;388.91;2.37305292;UNKNOWN
2016-01-23T02:10:41.000000;2016-01-23T02:10:41.000000;c5e437c5-8e93-4968-9d47-abd4eca2e9f5;388.9;2.62694708;UNKNOWN
2016-01-23T02:10:42.000000;2016-01-23T02:10:42.000000;b7df8506-2a32-4246-82c7-4360aa918ec0;388.9;0.64;UNKNOWN
2016-01-23T02:10:43.000000;2016-01-23T02:10:43.000000;1db36fa6-454f-44f4-ab47-ba85172b12cb;388.9;1.36;UNKNOWN
2016-01-23T02:10:45.000000;2016-01-23T02:10:45.000000;7cae35c2-e90b-4957-9d2d-c909397e531a;388.9;0.48;UNKNOWN
2016-01-23T02:10:45.000000;2016-01-23T02:10:45.000000;f7ca5ac7-2818-49a2-b2d8-ca9981a9056a;388.89;0.4;UNKNOWN
2016-01-23T02:10:45.000000;2016-01-23T02:10:45.000000;7a5e96a9-dd12-478f-b950-4202939601e3;388.91;23.6317;UNKNOWN
2016-01-23T02:10:45.000000;2016-01-23T02:10:45.000000;62b8e6db-0650-4419-8fb7-04e18a103b9f;388.9;0.49;UNKNOWN
2016-01-23T02:10:45.000000;2016-01-23T02:10:45.000000;3b2f68d3-0dd9-4618-be24-31cce361e310;388.9;4.9983;UNKNOWN
2016-01-23T02:10:52.000000;2016-01-23T02:10:52.000000;170db363-7eb1-4e44-af48-c4ffcdb71e9b;388.53;0.01;UNKNOWN
2016-01-23T02:10:53.000000;2016-01-23T02:10:53.000000;92a43a0a-cebb-4048-bc25-67fd02d3632e;388.95;0.99;UNKNOWN
2016-01-23T02:10:53.000000;2016-01-23T02:10:53.000000;00cd21a8-40af-42ff-bc4c-1dbe52d08e0e;388.53;0.01;UNKNOWN
2016-01-23T02:10:53.000000;2016-01-23T02:10:53.000000;5e7195da-d910-408a-96b6-b6bc2ac2a0af;388.94;0.01;UNKNOWN
2016-01-23T02:10:54.000000;2016-01-23T02:10:54.000000;f11f1a1b-2ca7-442e-852f-c4c0a82b7496;387.95;6.6459;UNKNOWN
2016-01-23T02:10:54.000000;2016-01-23T02:10:54.000000;a6345f7c-e5e7-486d-af4c-f8f4838cff01;388.53;0.06;UNKNOWN
2016-01-23T02:10:54.000000;2016-01-23T02:10:54.000000;bf0ebfc4-b962-41e6-9338-b4f84f2ada52;388.52;0.2941;UNKNOWN
2016-01-23T02:10:55.000000;2016-01-23T02:10:55.000000;44f2ba1e-10eb-4bcd-b62a-b8ad262cac25;388.72;0.27364424;UNKNOWN
2016-01-23T02:10:56.000000;2016-01-23T02:10:56.000000;f887723a-9977-4197-b842-306e6e9e7a21;388.93;0.01;UNKNOWN
2016-01-23T02:10:56.000000;2016-01-23T02:10:56.000000;e933f8af-0f76-44dc-907e-075cf7b54b23;388.95;0.6132;UNKNOWN
2016-01-23T02:10:56.000000;2016-01-23T02:10:56.000000;d100778d-63b3-49cc-bbc2-1bae4544a720;388.93;0.2748;UNKNOWN
2016-01-23T02:10:56.000000;2016-01-23T02:10:56.000000;f3203491-25c4-441f-b4d8-a19b61115575;388.93;0.382;UNKNOWN
2016-01-23T02:10:56.000000;2016-01-23T02:10:56.000000;f6b2f1ba-d228-4a15-abb0-b73b05d31f63;388.93;0.01;UNKNOWN
2016-01-23T02:10:57.000000;2016-01-23T02:10:57.000000;b2cb91bb-caa5-42a7-a4d9-0f1872c6f208;388.94;0.118;UNKNOWN
2016-01-23T02:10:57.000000;2016-01-23T02:10:57.000000;459e82f4-1918-4d00-96bd-72f202bb1f09;388.95;1.172;UNKNOWN
2016-01-23T02:10:58.000000;2016-01-23T02:10:58.000000;554824c2-2b20-485e-b938-2c4b74291756;388.99;0.36923798;UNKNOWN
2016-01-23T02:10:58.000000;2016-01-23T02:10:58.000000;b7bf84dc-68aa-4f9b-aed6-da999dc7d3c7;388.95;0.06957;UNKNOWN
2016-01-23T02:10:58.000000;2016-01-23T02:10:58.000000;d09e54b7-46d1-4d5c-9001-4b9c0511b1b7;388.95;0.70754778;UNKNOWN
2016-01-23T02:11:00.000000;2016-01-23T02:11:00.000000;7b25058f-82a5-438f-bba1-4c1978acb626;388.94;0.07;UNKNOWN
2016-01-23T02:11:01.000000;2016-01-23T02:11:01.000000;e2482ed0-f7f4-4995-b4ae-23111e927d9f;388.94;0.382;UNKNOWN
2016-01-23T02:11:01.000000;2016-01-23T02:11:01.000000;a685e41e-129a-4144-b00a-44c87775f493;388.94;0.048;UNKNOWN
2016-01-23T02:11:01.000000;2016-01-23T02:11:01.000000;ccbade6c-3aa3-41dc-9131-957025ca311f;388.99;3.59999545;UNKNOWN
2016-01-23T02:11:02.000000;2016-01-23T02:11:02.000000;3de007cd-8e71-4f2b-9d1b-6e5f1e2ee1e4;388.94;0.11226353;UNKNOWN
2016-01-23T02:11:03.000000;2016-01-23T02:11:03.000000;dde7152e-8e18-4864-8ca3-fe5d8d2684f4;388.94;0.58773647;UNKNOWN
2016-01-23T02:11:09.000000;2016-01-23T02:11:09.000000;597f6332-5c12-4f0d-ac79-ce1e29785165;388.93;0.128;UNKNOWN
2016-01-23T02:11:09.000000;2016-01-23T02:11:09.000000;677a70ee-7352-42cf-aaf7-74359205820c;388.93;0.1;UNKNOWN
2016-01-23T02:11:09.000000;2016-01-23T02:11:09.000000;5ed439ee-68e0-4b66-a779-2d5544f011f9;388.93;0.372;UNKNOWN
2016-01-23T02:11:09.000000;2016-01-23T02:11:09.000000;910d8f0f-4571-442e-adf6-096f864f2830;388.93;6.392;UNKNOWN
2016-01-23T02:11:28.000000;2016-01-23T02:11:28.000000;3a13cff5-ec54-40c0-ae85-412a91f93739;388.9;0.37262585;UNKNOWN
2016-01-23T02:11:30.000000;2016-01-23T02:11:30.000000;a5bf3c2b-b7e4-46c3-9cce-db4c1f7df773;388.9;0.01040205;UNKNOWN
2016-01-23T02:11:31.000000;2016-01-23T02:11:31.000000;33fb7559-e499-4918-959f-d21f2e0a4e8f;388.9;0.1487571;UNKNOWN
2016-01-23T02:11:31.000000;2016-01-23T02:11:31.000000;5adfbd6b-da8c-4891-be8f-ddddb9352cbc;388.9;0.5;UNKNOWN
2016-01-23T02:11:33.000000;2016-01-23T02:11:33.000000;64472d62-fcbe-4276-9e17-a92f90a02bbd;388.89;0.01;UNKNOWN
2016-01-23T02:11:33.000000;2016-01-23T02:11:33.000000;a422c91a-4756-4055-9d10-cf0b73ee38db;388.9;1.34;UNKNOWN
2016-01-23T02:11:34.000000;2016-01-23T02:11:34.000000;b81fa9a4-9ca8-4e95-a492-1682b503690a;388.9;0.19662567;UNKNOWN
2016-01-23T02:11:35.000000;2016-01-23T02:11:35.000000;1a3c70db-fb2c-479b-a11a-2804da5d40b5;388.38;0.9971;UNKNOWN
2016-01-23T02:11:35.000000;2016-01-23T02:11:35.000000;e6029225-4e29-4277-a558-0288da069334;388.89;0.06123472;UNKNOWN
2016-01-23T02:11:35.000000;2016-01-23T02:11:35.000000;9aea5a66-aae1-40e8-a009-b2de39e5bbbb;388.89;0.49;UNKNOWN
2016-01-23T02:11:36.000000;2016-01-23T02:11:36.000000;a00e7a00-0c72-4d4a-bf6b-116457cb2282;388.89;0.01576528;UNKNOWN
2016-01-23T02:11:36.000000;2016-01-23T02:11:36.000000;88844f6a-893c-438a-acd9-34ce584223cd;388.89;0.423;UNKNOWN
2016-01-23T02:11:36.000000;2016-01-23T02:11:36.000000;1a8bc2a8-a436-40be-9ec5-f9ec5484f643;388.9;1.43158933;UNKNOWN
2016-01-23T02:11:37.000000;2016-01-23T02:11:37.000000;5a15a65a-575b-4540-b242-216487328869;388.9;0.4;UNKNOWN
2016-01-23T02:11:39.000000;2016-01-23T02:11:39.000000;67027d7a-e793-46e6-9bf9-1b4e2937816d;388.9;0.025;UNKNOWN
2016-01-23T02:11:40.000000;2016-01-23T02:11:40.000000;e9fee372-ebea-4d61-9a5f-ece1755e2b70;388.39;0.9991;UNKNOWN
2016-01-23T02:11:43.000000;2016-01-23T02:11:43.000000;b1a77f99-076f-4c21-8771-bb24bea68c64;388.88;0.26985;UNKNOWN
2016-01-23T02:11:44.000000;2016-01-23T02:11:44.000000;e8dd1425-e682-4339-b1eb-27a843f19171;388.89;0.01;UNKNOWN
2016-01-23T02:11:44.000000;2016-01-23T02:11:44.000000;5fdacb14-ea83-4fef-84c2-03baced02283;388.89;0.01;UNKNOWN
2016-01-23T02:11:44.000000;2016-01-23T02:11:44.000000;d4f6a531-30ef-4a31-b386-f873dfafc2a2;388.89;0.48;UNKNOWN
2016-01-23T02:11:45.000000;2016-01-23T02:11:45.000000;1cab2690-ba96-4527-8362-17e9dfaad436;388.89;0.185;UNKNOWN
2016-01-23T02:11:46.000000;2016-01-23T02:11:46.000000;4245c295-d474-4a6c-b03f-b4e115b55962;388.88;0.2202;UNKNOWN
2016-01-23T02:11:46.000000;2016-01-23T02:11:46.000000;20324ed4-6284-448f-9161-ab10ae1f08ef;388.89;0.49995;UNKNOWN
2016-01-23T02:11:47.000000;2016-01-23T02:11:47.000000;5e0848b9-be28-4f92-84fd-5296d372b39c;388.42;0.5;UNKNOWN
2016-01-23T02:11:47.000000;2016-01-23T02:11:47.000000;890fa972-5dab-479f-a379-c39d8ceda85b;388.42;0.5003;UNKNOWN
2016-01-23T02:11:48.000000;2016-01-23T02:11:48.000000;b2d8c6f9-f3f5-4bff-86a5-086066f005ad;388.88;0.49;UNKNOWN
2016-01-23T02:11:48.000000;2016-01-23T02:11:48.000000;b5993303-afd2-4d6a-9f89-ffa024b8f844;388.88;2.71045;UNKNOWN
2016-01-23T02:11:49.000000;2016-01-23T02:11:49.000000;ceb90d04-78e2-4404-89c8-bc0153bc99fa;388.88;2.0883;UNKNOWN
2016-01-23T02:11:49.000000;2016-01-23T02:11:49.000000;50ab14d0-24a1-4e38-b66a-5a1cad4ff79c;388.88;3.71125;UNKNOWN
2016-01-23T02:11:49.000000;2016-01-23T02:11:49.000000;1a591f62-dfec-49e1-8c10-8ae61c90a6e7;388.91;0.06;UNKNOWN
2016-01-23T02:11:51.000000;2016-01-23T02:11:51.000000;9ae42b3f-a83d-4a08-9e97-bdfa198fc14b;388.9;0.4;UNKNOWN
2016-01-23T02:11:51.000000;2016-01-23T02:11:51.000000;50864cdb-1dc8-42c4-b2aa-1642a18ee7a0;388.9;0.49;UNKNOWN
2016-01-23T02:11:51.000000;2016-01-23T02:11:51.000000;28e0e074-d8db-47bf-baa0-e492938ec7a5;388.91;1.296757;UNKNOWN
2016-01-23T02:11:51.000000;2016-01-23T02:11:51.000000;1009d607-e698-4e33-9d6e-e1cd7a5c3925;388.9;0.01;UNKNOWN
2016-01-23T02:11:52.000000;2016-01-23T02:11:52.000000;20ea9a51-166e-4380-8109-e8a74f8f5461;388.71;0.1;UNKNOWN
2016-01-23T02:11:52.000000;2016-01-23T02:11:52.000000;6624ef37-7d82-412e-8648-2c7f5b6128ec;388.71;0.9022;UNKNOWN
2016-01-23T02:11:53.000000;2016-01-23T02:11:53.000000;d9ec0d1a-f099-41d1-85aa-3ef00bca2b57;388.89;0.49;UNKNOWN
2016-01-23T02:11:53.000000;2016-01-23T02:11:53.000000;bb085c03-c7ac-44af-8448-f95228a68e33;388.9;0.01;UNKNOWN
2016-01-23T02:11:53.000000;2016-01-23T02:11:53.000000;616039f5-fe03-451f-9bcc-fcbbd1e96746;388.71;0.2;UNKNOWN
2016-01-23T02:11:53.000000;2016-01-23T02:11:53.000000;99085c62-1eca-4b15-bac5-d7c46942449c;388.91;1.5014438;UNKNOWN
2016-01-23T02:11:53.000000;2016-01-23T02:11:53.000000;8fd97125-2fb4-458c-85ba-2e15f1547bc4;388.91;1.1929062;UNKNOWN
2016-01-23T02:11:54.000000;2016-01-23T02:11:54.000000;a37e9fdf-f716-4425-ba7e-d70ef4c94414;388.91;0.2;UNKNOWN
2016-01-23T02:11:55.000000;2016-01-23T02:11:55.000000;37118abc-b86e-49e4-9aca-779bf7974a62;388.89;0.49;UNKNOWN
2016-01-23T02:11:55.000000;2016-01-23T02:11:55.000000;9e4fb460-9c7b-4c3a-9c68-922f28273c68;388.92;0.125;UNKNOWN
2016-01-23T02:11:55.000000;2016-01-23T02:11:55.000000;0773cd8c-f2bf-42c3-911f-984705e2b27e;388.89;0.01;UNKNOWN
2016-01-23T02:11:56.000000;2016-01-23T02:11:56.000000;f5a0bba8-245d-4e55-a9a3-cf8207104b02;388.92;0.98065;UNKNOWN
2016-01-23T02:11:57.000000;2016-01-23T02:11:57.000000;7c67362f-8b0a-4141-8342-2811b593e15d;388.91;0.181;UNKNOWN
2016-01-23T02:11:57.000000;2016-01-23T02:11:57.000000;d6fa7f19-c041-4e4f-9e67-fdb30487bf90;388.92;8.919;UNKNOWN
2016-01-23T02:11:58.000000;2016-01-23T02:11:58.000000;b35483cb-db0e-4750-8186-ee503538e84f;388.71;1.0027;UNKNOWN
2016-01-23T02:12:02.000000;2016-01-23T02:12:02.000000;95091f56-7df1-463b-8cd9-28d658120591;388.73;0.01;UNKNOWN
2016-01-23T02:12:03.000000;2016-01-23T02:12:03.000000;30b3ba33-7b07-4d36-a6fe-af3e84b0a805;388.73;0.0195;UNKNOWN
2016-01-23T02:12:13.000000;2016-01-23T02:12:13.000000;2b5ee360-6f3a-4142-9745-0c53c9fa37a9;388.75;0.1;UNKNOWN
2016-01-23T02:12:17.000000;2016-01-23T02:12:17.000000;38617b2e-1caf-49fc-8239-e08c2c8dc6a0;388.54;0.1;UNKNOWN
2016-01-23T02:12:17.000000;2016-01-23T02:12:17.000000;e194c1c0-3f6c-43ad-934b-f2cdef7f40ea;388.54;0.3804935;UNKNOWN
2016-01-23T02:12:19.000000;2016-01-23T02:12:19.000000;ff6b64d0-dcca-4ca0-9dd0-352099b062ee;388.54;0.3954935;UNKNOWN
2016-01-23T02:12:21.000000;2016-01-23T02:12:21.000000;deeb7ffe-b2d2-4c3b-8053-af4f16c25490;388.54;1.0;UNKNOWN
2016-01-23T02:12:23.000000;2016-01-23T02:12:23.000000;36f535b0-6874-494d-9f1f-d6d9a977a315;388.35;0.05;UNKNOWN
2016-01-23T02:12:24.000000;2016-01-23T02:12:24.000000;cddfa522-7a56-4605-b111-404f7ec1af76;388.13;1.3441;UNKNOWN
2016-01-23T02:12:25.000000;2016-01-23T02:12:25.000000;ba5272f2-2105-4888-9426-492b061b8b09;388.71;0.9368267;UNKNOWN
2016-01-23T02:12:25.000000;2016-01-23T02:12:25.000000;d42edc40-10b9-4234-9d83-ff0a096fb168;388.35;0.0401733;UNKNOWN
2016-01-23T02:12:25.000000;2016-01-23T02:12:25.000000;9ba0d875-672b-4104-b6aa-0fea8bc8f52a;388.53;0.319;UNKNOWN
2016-01-23T02:12:26.000000;2016-01-23T02:12:26.000000;f42e29c3-2b16-4c66-b3df-03a59c2dac65;388.71;1.8986595;UNKNOWN
2016-01-23T02:12:27.000000;2016-01-23T02:12:27.000000;c60399aa-3b72-410c-bb43-4c3107e39654;388.93;0.7553405;UNKNOWN
2016-01-23T02:12:34.000000;2016-01-23T02:12:34.000000;a3b8cdb1-9564-400b-b3d7-b0301efd2fc3;388.92;0.01;UNKNOWN
2016-01-23T02:12:38.000000;2016-01-23T02:12:38.000000;2e7c6cb9-d519-4764-abdc-4c6b34d0252d;388.93;2.2622;UNKNOWN
2016-01-23T02:12:38.000000;2016-01-23T02:12:38.000000;e2fc8b35-8531-4af7-930d-e55a0b5827c0;388.91;0.1;UNKNOWN
2016-01-23T02:12:39.000000;2016-01-23T02:12:39.000000;22fcd500-840d-4f39-b2c1-6fb3caae54a2;388.92;0.2178;UNKNOWN
2016-01-23T02:12:56.000000;2016-01-23T02:12:56.000000;1509e8d6-dba0-498d-9ab4-66863a189149;388.6;1.02;UNKNOWN
2016-01-23T02:12:59.000000;2016-01-23T02:12:59.000000;0e0a9379-4d99-4244-b2fd-7d6a6dcd650e;388.6;0.2;UNKNOWN
2016-01-23T02:13:08.000000;2016-01-23T02:13:08.000000;f34955f5-1fd6-4a3b-bf0e-90a77948188d;388.62;0.04;UNKNOWN
2016-01-23T02:13:08.000000;2016-01-23T02:13:08.000000;dff6ba54-40b0-4df7-9d16-ec7c3d68497e;388.62;0.1;UNKNOWN
2016-01-23T02:13:09.000000;2016-01-23T02:13:09.000000;b35d72d9-da7f-4daa-a04a-b24b5666d901;388.88;0.5;UNKNOWN
2016-01-23T02:13:10.000000;2016-01-23T02:13:10.000000;72df3fba-cf75-46ff-8929-31e7e2b45664;388.88;2.68;UNKNOWN
2016-01-23T02:13:10.000000;2016-01-23T02:13:10.000000;6e3f488e-81bd-4faf-9f90-b70407aab76e;388.62;0.42;UNKNOWN
2016-01-23T02:13:11.000000;2016-01-23T02:13:11.000000;13945ce5-cdb0-4ef2-9d6a-2dce665e95a9;388.6;1.0;UNKNOWN
2016-01-23T02:13:12.000000;2016-01-23T02:13:12.000000;760c3838-aeb0-4965-85d0-6043bbf5b8e0;388.87;0.2446;UNKNOWN
2016-01-23T02:13:14.000000;2016-01-23T02:13:14.000000;6a0e8162-dec8-4ffc-be95-af463ce3c1ad;388.87;0.37;UNKNOWN
2016-01-23T02:13:14.000000;2016-01-23T02:13:14.000000;7b2853e4-78ed-4707-84a9-ce3f0d371f3c;388.87;0.2554;UNKNOWN
2016-01-23T02:13:16.000000;2016-01-23T02:13:16.000000;0e4b761a-033d-46c2-8e06-f05db03a656c;388.8;0.1;UNKNOWN
2016-01-23T02:13:17.000000;2016-01-23T02:13:17.000000;340dd6b3-0dc7-407d-8359-f6b50a772cf5;388.89;0.13;UNKNOWN
2016-01-23T02:13:17.000000;2016-01-23T02:13:17.000000;c5435a31-c1b0-4330-8764-65a8dc66646a;388.9;0.25;UNKNOWN
2016-01-23T02:13:17.000000;2016-01-23T02:13:17.000000;b15b1a5f-de2f-478c-a5cc-aef010682d75;388.87;0.49;UNKNOWN
2016-01-23T02:13:17.000000;2016-01-23T02:13:17.000000;b9948179-9364-42a0-9f60-f2dfbb4f16e7;388.87;0.49;UNKNOWN
2016-01-23T02:13:17.000000;2016-01-23T02:13:17.000000;a376625c-587b-4f08-87bd-cc416eac6037;388.93;0.82;UNKNOWN
2016-01-23T02:13:17.000000;2016-01-23T02:13:17.000000;20caa232-0299-4cd3-a4da-95f7abd8d6ca;388.86;0.4;UNKNOWN
2016-01-23T02:13:18.000000;2016-01-23T02:13:18.000000;4f41fd2b-41d7-443d-8027-f1212bd8814e;388.86;3.26;UNKNOWN
2016-01-23T02:13:19.000000;2016-01-23T02:13:19.000000;fcb11d7f-eda8-4ab8-9f76-efff790a613b;388.86;2.68;UNKNOWN
2016-01-23T02:13:21.000000;2016-01-23T02:13:21.000000;4f3345c3-24c1-4855-835e-d872ee569bdf;388.93;0.1624595;UNKNOWN
2016-01-23T02:13:21.000000;2016-01-23T02:13:21.000000;88b175fb-1ec3-4384-8e51-a559e0a2e3d2;388.85;0.01;UNKNOWN
2016-01-23T02:13:21.000000;2016-01-23T02:13:21.000000;7e752b33-98ea-447a-9b32-aeaf1b19d3ef;388.89;0.132;UNKNOWN
2016-01-23T02:13:21.000000;2016-01-23T02:13:21.000000;17a2067c-8d75-4697-b811-05cd7c14b858;388.89;0.01;UNKNOWN
2016-01-23T02:13:21.000000;2016-01-23T02:13:21.000000;80802f03-33a0-491f-b2ba-e811289ad64c;388.89;0.358;UNKNOWN
2016-01-23T02:13:21.000000;2016-01-23T02:13:21.000000;2f2343d1-b8e7-4470-b649-ed7a582f2036;388.97;0.5750405;UNKNOWN
2016-01-23T02:13:21.000000;2016-01-23T02:13:21.000000;b0a24cff-e1bb-4d55-826e-1e24b027a8c3;388.85;0.1;UNKNOWN
2016-01-23T02:13:22.000000;2016-01-23T02:13:22.000000;5fd745b2-69df-406c-836f-9b877ec65e02;388.97;0.025;UNKNOWN
2016-01-23T02:13:23.000000;2016-01-23T02:13:23.000000;5bd2763a-4870-41e7-b6d0-4449958a334c;388.61;0.05;UNKNOWN
2016-01-23T02:13:23.000000;2016-01-23T02:13:23.000000;f0210a97-2d54-4074-b048-b3e4ea90f21f;388.62;0.1;UNKNOWN
2016-01-23T02:13:29.000000;2016-01-23T02:13:29.000000;cb58a2ed-236a-45a9-9989-c8fcd5e9ea3b;388.61;0.08;UNKNOWN
2016-01-23T02:13:31.000000;2016-01-23T02:13:31.000000;e058b634-aec3-4ccb-936e-e13493d3d36c;388.84;0.2;UNKNOWN
2016-01-23T02:13:32.000000;2016-01-23T02:13:32.000000;b834c218-87e4-4075-8b41-ff9efeb53aad;388.84;0.22;UNKNOWN
2016-01-23T02:13:32.000000;2016-01-23T02:13:32.000000;e14b3d1a-fd8f-4106-bbb7-181cd06d56af;388.84;0.08;UNKNOWN
2016-01-23T02:13:32.000000;2016-01-23T02:13:32.000000;7aff945d-e1c8-4e8e-856f-07dd8f6a328e;388.85;0.4;UNKNOWN
2016-01-23T02:13:32.000000;2016-01-23T02:13:32.000000;1f93683f-f457-47c6-917b-a480315e28f1;388.91;0.3;UNKNOWN
2016-01-23T02:13:33.000000;2016-01-23T02:13:33.000000;df43485b-cb93-4411-ab8d-6202fa673266;388.97;0.34;UNKNOWN
2016-01-23T02:13:34.000000;2016-01-23T02:13:34.000000;938cc254-e71d-4f0b-b577-083363cbc329;388.9;0.3;UNKNOWN
2016-01-23T02:13:34.000000;2016-01-23T02:13:34.000000;51ce602c-aac4-4131-94d9-da7c8500a02b;388.9;0.2;UNKNOWN
2016-01-23T02:13:34.000000;2016-01-23T02:13:34.000000;568d7f7b-8bd8-40d8-bf22-3c4a92c3c44f;389.0;0.3225;UNKNOWN
2016-01-23T02:13:35.000000;2016-01-23T02:13:35.000000;36e000b7-3559-46c8-b020-afcc93fa9cc9;388.9;0.1219;UNKNOWN
2016-01-23T02:13:35.000000;2016-01-23T02:13:35.000000;b14a7ae0-5fae-4a9b-998f-6eaf0d165ba3;388.61;0.01;UNKNOWN
2016-01-23T02:13:37.000000;2016-01-23T02:13:37.000000;fa6633cd-3bcd-4deb-87a5-ced9fd87c961;388.99;2.4819;UNKNOWN
2016-01-23T02:13:37.000000;2016-01-23T02:13:37.000000;d456cb24-92d7-41c6-82dc-432523177ce8;388.9;0.2781;UNKNOWN
2016-01-23T02:13:37.000000;2016-01-23T02:13:37.000000;4aaf068a-c810-4d33-bacf-2af45dfb0445;388.9;0.49;UNKNOWN
2016-01-23T02:13:38.000000;2016-01-23T02:13:38.000000;e03f5486-68f7-4956-94c9-3ef96b5ffd6d;388.99;0.01;UNKNOWN
2016-01-23T02:13:38.000000;2016-01-23T02:13:38.000000;c45ad9f6-c8f2-4391-982b-ed3f3d69977a;388.99;0.4;UNKNOWN
2016-01-23T02:13:38.000000;2016-01-23T02:13:38.000000;94777242-b861-46fa-84f5-6f551acaea5a;389.0;2.84;UNKNOWN
2016-01-23T02:13:39.000000;2016-01-23T02:13:39.000000;4fcd2911-135f-4676-b6d1-dbd1a652fa17;388.99;0.5;UNKNOWN
2016-01-23T02:13:39.000000;2016-01-23T02:13:39.000000;bdd3d869-e3c2-4a2c-b7b0-2792b2829ca8;389.0;0.84;UNKNOWN
2016-01-23T02:13:41.000000;2016-01-23T02:13:41.000000;00fff61c-544b-40e5-b13d-1b99ea7fb0dd;388.62;0.2;UNKNOWN
2016-01-23T02:13:41.000000;2016-01-23T02:13:41.000000;e8c1de5e-6020-4515-b4da-017864adab82;388.99;0.1;UNKNOWN
2016-01-23T02:13:41.000000;2016-01-23T02:13:41.000000;f1751c87-3a3d-487f-b4d5-10eed2bb2680;389.0;2.342;UNKNOWN
2016-01-23T02:13:42.000000;2016-01-23T02:13:42.000000;a434fbf4-49ca-4f1e-8ebc-827d0bd16172;388.99;0.25;UNKNOWN
2016-01-23T02:13:43.000000;2016-01-23T02:13:43.000000;4f110770-88a1-4cb7-b501-6dd2c0a2af58;388.99;0.25;UNKNOWN
2016-01-23T02:13:43.000000;2016-01-23T02:13:43.000000;05606ad8-eeab-49e8-8753-64f05c041ab9;388.99;0.5;UNKNOWN
2016-01-23T02:13:43.000000;2016-01-23T02:13:43.000000;2e7e2665-ffcb-4e7d-95d2-829a9df90e1f;389.0;2.0;UNKNOWN
2016-01-23T02:13:44.000000;2016-01-23T02:13:44.000000;abcdfb02-c4a7-4b01-9000-f46a40934768;388.99;0.025;UNKNOWN
2016-01-23T02:13:45.000000;2016-01-23T02:13:45.000000;1257dbb1-fe2b-41d9-984a-b88e7c2e8e77;388.99;0.094905;UNKNOWN
2016-01-23T02:13:47.000000;2016-01-23T02:13:47.000000;a969756c-f4a4-452f-9cf0-f62907dfcf79;388.99;0.280095;UNKNOWN
2016-01-23T02:13:47.000000;2016-01-23T02:13:47.000000;d452e7a4-c3ee-4e6b-a830-bc3162b44983;388.99;0.187;UNKNOWN
2016-01-23T02:13:47.000000;2016-01-23T02:13:47.000000;5a6608ff-d4cf-4a57-95fe-a01e80c73de1;388.99;0.25;UNKNOWN
2016-01-23T02:13:47.000000;2016-01-23T02:13:47.000000;662cd5f8-270b-491c-8f65-7132f2ee78d6;388.98;0.069597;UNKNOWN
2016-01-23T02:13:47.000000;2016-01-23T02:13:47.000000;a9806826-fc5d-455c-92af-0aea8ea330a4;388.99;0.313;UNKNOWN
2016-01-23T02:13:47.000000;2016-01-23T02:13:47.000000;c1c0dfcd-12e4-48d6-bc29-febf6246bd1c;388.99;0.245;UNKNOWN
2016-01-23T02:13:47.000000;2016-01-23T02:13:47.000000;d0eb9dc0-eb1f-4bd3-8ad0-386b837dbdc5;388.99;0.255;UNKNOWN
2016-01-23T02:13:47.000000;2016-01-23T02:13:47.000000;c3f4e223-b6f4-40b8-9ed7-b0c3cb50665d;388.99;0.25;UNKNOWN
2016-01-23T02:13:47.000000;2016-01-23T02:13:47.000000;b047afa8-73ea-417a-9551-74b20c9309a0;389.0;0.020403;UNKNOWN
2016-01-23T02:13:49.000000;2016-01-23T02:13:49.000000;08ccad03-4d9b-4d44-8dda-c50ef1c8e1fb;389.0;1.479905;UNKNOWN
2016-01-23T02:13:50.000000;2016-01-23T02:13:50.000000;e070ac71-be88-47da-b997-a9fc44079e15;388.99;0.520095;UNKNOWN
2016-01-23T02:13:51.000000;2016-01-23T02:13:51.000000;59215ebb-94cf-4cd1-9858-756293f83698;388.99;0.729905;UNKNOWN
2016-01-23T02:13:52.000000;2016-01-23T02:13:52.000000;a05e67be-a254-401f-9432-d453d33f9800;388.99;0.172;UNKNOWN
2016-01-23T02:13:52.000000;2016-01-23T02:13:52.000000;e3153716-7bcf-4a28-93ac-14994f462df5;389.0;0.270095;UNKNOWN
2016-01-23T02:13:52.000000;2016-01-23T02:13:52.000000;38b831ba-65f3-4daf-839c-0feca9206a3f;388.99;0.328;UNKNOWN
2016-01-23T02:13:52.000000;2016-01-23T02:13:52.000000;926442dd-9c4e-4950-9685-0f7c58c6417c;388.99;0.5;UNKNOWN
2016-01-23T02:13:53.000000;2016-01-23T02:13:53.000000;137397e1-23d1-48b6-98d8-a601979f85da;389.0;0.094905;UNKNOWN
2016-01-23T02:13:55.000000;2016-01-23T02:13:55.000000;3decb34d-5590-461e-95c2-53f57456c30f;389.0;6.510095;UNKNOWN
2016-01-23T02:13:55.000000;2016-01-23T02:13:55.000000;4ebced1d-cbeb-4309-b85d-389d8b5fbb30;388.98;0.26;UNKNOWN
2016-01-23T02:13:57.000000;2016-01-23T02:13:57.000000;bb05fb09-057e-43f9-9c78-8c0bfd41c37e;388.98;0.24;UNKNOWN
2016-01-23T02:13:57.000000;2016-01-23T02:13:57.000000;b9ebc89b-8997-42e6-bb86-267df3f18727;389.0;1.76;UNKNOWN
2016-01-23T02:13:58.000000;2016-01-23T02:13:58.000000;b11109b5-44ca-481c-8b59-54ce302d297b;388.99;0.5;UNKNOWN
2016-01-23T02:13:58.000000;2016-01-23T02:13:58.000000;022be98c-bca6-4493-b19a-b10ece41e0d8;389.0;1.5;UNKNOWN
2016-01-23T02:13:59.000000;2016-01-23T02:13:59.000000;870986c3-419c-44cb-b23a-a59e30fa1687;389.0;2.0;UNKNOWN
2016-01-23T02:14:01.000000;2016-01-23T02:14:01.000000;b4407238-ff54-484e-bbd9-592dcfafe37e;388.99;0.5;UNKNOWN
2016-01-23T02:14:01.000000;2016-01-23T02:14:01.000000;dc9907c0-4279-4b75-be93-2f2653b9f0bd;389.0;0.2355;UNKNOWN
2016-01-23T02:14:02.000000;2016-01-23T02:14:02.000000;6172a17c-b1b3-40b5-bb48-1c9fec380468;389.0;1.2645;UNKNOWN
2016-01-23T02:14:03.000000;2016-01-23T02:14:03.000000;2e44c997-4c38-4847-a142-bc88babe56c8;389.0;0.19015;UNKNOWN
2016-01-23T02:14:05.000000;2016-01-23T02:14:05.000000;0b8e2777-e779-4f25-88a7-f665f6b5f9d5;388.99;0.11;UNKNOWN
2016-01-23T02:14:05.000000;2016-01-23T02:14:05.000000;f3cc3197-0fea-43b5-8528-4f3a2c97845d;389.0;0.08015;UNKNOWN
2016-01-23T02:14:07.000000;2016-01-23T02:14:07.000000;930c8264-2686-4157-81e3-5121abd6280c;389.0;0.17375;UNKNOWN
2016-01-23T02:14:10.000000;2016-01-23T02:14:10.000000;d24c4e7a-002d-413f-a214-28be33a85aa3;388.99;0.5;UNKNOWN
2016-01-23T02:14:10.000000;2016-01-23T02:14:10.000000;3fec08b8-47cc-448d-b974-f9e2a1b5ee7f;389.0;2.32625;UNKNOWN
2016-01-23T02:14:11.000000;2016-01-23T02:14:11.000000;eacc455e-e7f0-4165-b5ca-6359a1bfdd7a;388.99;0.39;UNKNOWN
2016-01-23T02:14:11.000000;2016-01-23T02:14:11.000000;99a3c152-d0b5-405f-82f6-a3592b2202ad;388.62;0.1;UNKNOWN
2016-01-23T02:14:11.000000;2016-01-23T02:14:11.000000;8a7ef81b-3bbf-4637-b834-3d0a60ce8c6c;389.0;4.41985;UNKNOWN
2016-01-23T02:14:11.000000;2016-01-23T02:14:11.000000;e32bf794-df7f-44d7-a5e8-44f39bd25a9e;388.61;0.03;UNKNOWN
2016-01-23T02:14:12.000000;2016-01-23T02:14:12.000000;8de5f97a-24db-4abc-9f2f-d0cdecd139ae;388.99;0.25;UNKNOWN
2016-01-23T02:14:12.000000;2016-01-23T02:14:12.000000;33c8a831-8fb3-4e55-b1f6-6668964600ce;388.99;0.25;UNKNOWN
2016-01-23T02:14:12.000000;2016-01-23T02:14:12.000000;689e7b88-d6bc-4b29-a501-0bf46f465a38;388.99;0.25;UNKNOWN
2016-01-23T02:14:13.000000;2016-01-23T02:14:13.000000;448dd1d3-4c26-46fa-97f9-796b9b3f797d;388.98;0.17375;UNKNOWN
2016-01-23T02:14:14.000000;2016-01-23T02:14:14.000000;966e7fa0-f43a-454b-b6b4-99a155cce501;388.62;0.04;UNKNOWN
2016-01-23T02:14:14.000000;2016-01-23T02:14:14.000000;eb568e62-5cce-4e4c-93c2-b988eaa0bdfa;388.98;0.22625;UNKNOWN
2016-01-23T02:14:14.000000;2016-01-23T02:14:14.000000;a051d06b-2ada-4cce-8152-76830b8e146d;388.98;0.1;UNKNOWN
2016-01-23T02:14:14.000000;2016-01-23T02:14:14.000000;2e6568ef-e669-4639-8b75-51597b4bda2f;388.99;4.30985;UNKNOWN
2016-01-23T02:14:15.000000;2016-01-23T02:14:15.000000;ebc6a3bb-92e9-4dab-8499-09559b6f08a7;388.99;3.0;UNKNOWN
2016-01-23T02:14:16.000000;2016-01-23T02:14:16.000000;0036ca5a-65b8-4108-8af7-e4eefd417458;388.99;0.1;UNKNOWN
2016-01-23T02:14:16.000000;2016-01-23T02:14:16.000000;d296b66d-bf57-41a2-a03b-66e0d992a931;389.0;2.0;UNKNOWN
2016-01-23T02:14:16.000000;2016-01-23T02:14:16.000000;012f5a7b-be94-4607-b513-a777cae2f62c;388.98;0.333;UNKNOWN
2016-01-23T02:14:16.000000;2016-01-23T02:14:16.000000;8a05e11c-f59e-4dd1-b4bf-3036e7f20c9c;388.99;0.4;UNKNOWN
2016-01-23T02:14:16.000000;2016-01-23T02:14:16.000000;769a45c3-9bc0-47e8-86a4-71c889fa4f73;388.98;0.167;UNKNOWN
2016-01-23T02:14:17.000000;2016-01-23T02:14:17.000000;b19c8e1a-1d5e-4707-b981-519ba8b97a6e;389.0;3.0;UNKNOWN
2016-01-23T02:14:18.000000;2016-01-23T02:14:18.000000;c90fb607-333c-4116-b5fd-bf80d5e6513b;389.0;3.0;UNKNOWN
2016-01-23T02:14:18.000000;2016-01-23T02:14:18.000000;091f9986-1aa0-4299-b658-5ed9d21b57f3;388.99;0.1;UNKNOWN
2016-01-23T02:14:18.000000;2016-01-23T02:14:18.000000;6d40f533-6144-44f8-89ea-f211f3e4bc24;388.99;0.4;UNKNOWN
2016-01-23T02:14:19.000000;2016-01-23T02:14:19.000000;c6e47f19-c97c-430b-a759-ddec4ef16358;389.0;3.0;UNKNOWN
2016-01-23T02:14:20.000000;2016-01-23T02:14:20.000000;55cba8ee-4662-4a99-b521-2b72590d890f;388.99;0.167;UNKNOWN
2016-01-23T02:14:21.000000;2016-01-23T02:14:21.000000;c0360bd9-2244-461c-b5dc-15a246b8915d;388.99;3.0;UNKNOWN
2016-01-23T02:14:23.000000;2016-01-23T02:14:23.000000;0a0aa730-deb6-40da-b263-e7c2b699aca0;388.95;0.1;UNKNOWN
2016-01-23T02:14:24.000000;2016-01-23T02:14:24.000000;7c6bba0d-b482-4c4e-894d-70f30c165482;388.62;0.33;UNKNOWN
2016-01-23T02:14:24.000000;2016-01-23T02:14:24.000000;08c4179d-a7d4-4a2f-abf1-15877f176be1;389.0;2.87;UNKNOWN
2016-01-23T02:14:25.000000;2016-01-23T02:14:25.000000;f0141320-7841-431f-a949-bb5a2b5f26be;388.92;3.4773;UNKNOWN
2016-01-23T02:14:26.000000;2016-01-23T02:14:26.000000;44a54c50-c487-4968-965e-f775d32f2530;388.92;3.0;UNKNOWN
2016-01-23T02:14:27.000000;2016-01-23T02:14:27.000000;654ceb6b-2e19-4535-9715-0ca007cf84b7;388.99;3.407734;UNKNOWN
2016-01-23T02:14:27.000000;2016-01-23T02:14:27.000000;5e30346c-2a13-47a8-8303-d43ede24b7d6;388.92;12.9614;UNKNOWN
2016-01-23T02:14:27.000000;2016-01-23T02:14:27.000000;73f4e1b3-75e7-4d5e-bf12-63951f61f0c7;388.91;0.1;UNKNOWN
2016-01-23T02:14:27.000000;2016-01-23T02:14:27.000000;b6e26e20-ba2a-4dfd-978b-4e7912ec3783;388.99;0.069566;UNKNOWN
2016-01-23T02:14:28.000000;2016-01-23T02:14:28.000000;c1acb890-cac6-4a32-a4a6-e3abfd440888;389.0;1.5;UNKNOWN
2016-01-23T02:14:29.000000;2016-01-23T02:14:29.000000;f08c5e20-a3f1-47b6-aa21-4a77de25f66e;389.0;3.0;UNKNOWN
2016-01-23T02:14:32.000000;2016-01-23T02:14:32.000000;7746dbd6-48aa-47a4-bb10-9e031ac36cbf;389.0;0.83;UNKNOWN
2016-01-23T02:14:32.000000;2016-01-23T02:14:32.000000;6ca00aae-e53b-438b-a982-82c983514b17;389.0;3.0;UNKNOWN
2016-01-23T02:14:32.000000;2016-01-23T02:14:32.000000;1a8dcc17-8fed-4397-99a4-a5d7302003f4;388.92;0.9754;UNKNOWN
2016-01-23T02:14:36.000000;2016-01-23T02:14:36.000000;d07e8495-5e83-458c-9d0c-10f5cad6ef4e;388.99;0.25;UNKNOWN
2016-01-23T02:14:36.000000;2016-01-23T02:14:36.000000;3dcce68f-9e3f-4dd4-98e9-dfa082ce8b5e;389.0;2.75;UNKNOWN
2016-01-23T02:14:38.000000;2016-01-23T02:14:38.000000;eb1b4e72-bbb1-4c5d-b0e2-95ab6cb37c2d;389.0;0.681;UNKNOWN
2016-01-23T02:14:38.000000;2016-01-23T02:14:38.000000;d393b5e1-3641-4621-9839-3f8954db472c;388.92;0.01;UNKNOWN
2016-01-23T02:14:38.000000;2016-01-23T02:14:38.000000;3ad73460-ccad-478f-ba5f-f386e624fcdc;388.99;0.319;UNKNOWN
2016-01-23T02:14:40.000000;2016-01-23T02:14:40.000000;faa2d6a7-1e57-45c8-91da-e63e57229c24;389.0;7.42145;UNKNOWN
2016-01-23T02:14:40.000000;2016-01-23T02:14:40.000000;b8f0afd2-476a-4e79-a046-5c8bf6948406;388.92;0.6245;UNKNOWN
2016-01-23T02:14:41.000000;2016-01-23T02:14:41.000000;b60d3623-8dd7-4779-951b-d70eea4a795d;389.0;2.57855;UNKNOWN
2016-01-23T02:14:41.000000;2016-01-23T02:14:41.000000;d1263fb8-b09d-4aee-bff4-ac684ad3713b;388.92;0.09;UNKNOWN
2016-01-23T02:14:41.000000;2016-01-23T02:14:41.000000;924987f1-d788-4673-9895-26142458eadb;389.0;4.0;UNKNOWN
2016-01-23T02:14:42.000000;2016-01-23T02:14:42.000000;d3acf021-2a2f-4173-9c2d-f32fd8344307;389.0;5.0;UNKNOWN
2016-01-23T02:14:43.000000;2016-01-23T02:14:43.000000;70b199a1-584d-4ee1-8ae7-16b48752588a;389.0;5.0;UNKNOWN
2016-01-23T02:14:45.000000;2016-01-23T02:14:45.000000;41350042-a399-4f53-83fc-d27a3e2d6dea;389.0;1.0;UNKNOWN
2016-01-23T02:14:47.000000;2016-01-23T02:14:47.000000;031a5a9d-2c59-42d6-87e2-770f1b4911bf;389.0;4.0;UNKNOWN
2016-01-23T02:14:48.000000;2016-01-23T02:14:48.000000;632364d0-7b62-43dd-b819-fdffc4c27335;388.92;0.01;UNKNOWN
2016-01-23T02:14:48.000000;2016-01-23T02:14:48.000000;29620566-75cc-4b16-ae4c-4557a5e81b6a;389.0;0.07;UNKNOWN
2016-01-23T02:14:49.000000;2016-01-23T02:14:49.000000;45271592-8cf7-4bc3-9277-0372914d2909;388.92;0.01;UNKNOWN
2016-01-23T02:14:49.000000;2016-01-23T02:14:49.000000;d6b17a7d-d6ec-4bd2-957e-0d714547fac7;389.0;7.9586;UNKNOWN
2016-01-23T02:14:49.000000;2016-01-23T02:14:49.000000;8084c705-14a0-4cbd-acc9-96b44d168224;388.92;0.08;UNKNOWN
2016-01-23T02:14:50.000000;2016-01-23T02:14:50.000000;b52e8998-a509-467b-851d-c6b0c4755a1d;388.92;0.3123;UNKNOWN
2016-01-23T02:14:51.000000;2016-01-23T02:14:51.000000;b0b09548-f95c-4217-9c2d-7a125d67ec29;389.0;0.025;UNKNOWN
2016-01-23T02:14:52.000000;2016-01-23T02:14:52.000000;402650c4-14e5-42d4-af3a-5134f2b17beb;389.0;0.025;UNKNOWN
2016-01-23T02:14:52.000000;2016-01-23T02:14:52.000000;a5a88344-68b3-40cc-9bed-07759e1770f1;389.0;5.975;UNKNOWN
2016-01-23T02:14:54.000000;2016-01-23T02:14:54.000000;4d84666f-2414-47cb-887e-f5644f2209a7;389.0;5.975;UNKNOWN
2016-01-23T02:14:54.000000;2016-01-23T02:14:54.000000;6be59903-9a02-4ed4-a542-a2ecb39eeec7;389.0;10.0;UNKNOWN
2016-01-23T02:14:58.000000;2016-01-23T02:14:58.000000;4631e1ef-2754-49fa-b055-53a94e39a68c;388.99;0.025;UNKNOWN
2016-01-23T02:14:59.000000;2016-01-23T02:14:59.000000;b67b9a66-c23f-415d-95a9-84803df6d3ad;388.99;0.225;UNKNOWN
2016-01-23T02:14:59.000000;2016-01-23T02:14:59.000000;198b63d1-ab9c-4089-af7c-ed8fdcb7ffc1;389.0;4.736;UNKNOWN
2016-01-23T02:14:59.000000;2016-01-23T02:14:59.000000;54bc746f-e18d-4570-ae24-3e04896bb657;388.99;0.014;UNKNOWN
2016-01-23T02:15:00.000000;2016-01-23T02:15:00.000000;e480015d-525a-48a0-97a8-dd2d040afafb;388.92;0.0976;UNKNOWN
2016-01-23T02:15:01.000000;2016-01-23T02:15:01.000000;cbf1bb17-6c1f-41a4-a014-227740f0dee6;389.0;1.18885;UNKNOWN
2016-01-23T02:15:02.000000;2016-01-23T02:15:02.000000;65dd858b-8846-4f96-a4cc-ba92c2e2b7f9;388.99;0.03959464;UNKNOWN
2016-01-23T02:15:03.000000;2016-01-23T02:15:03.000000;cdacd936-6671-44c7-9c15-d46d4109e187;388.73;0.1919;UNKNOWN
2016-01-23T02:15:03.000000;2016-01-23T02:15:03.000000;e7ba9bea-6228-45c9-b305-9ea5244fffa5;388.91;0.1;UNKNOWN
2016-01-23T02:15:03.000000;2016-01-23T02:15:03.000000;4aa90a5d-bbbb-4b29-9650-bddd71264de4;388.92;0.6902;UNKNOWN
2016-01-23T02:15:03.000000;2016-01-23T02:15:03.000000;af6c1ccc-c352-49ce-b462-0ee1c2801257;388.99;0.24;UNKNOWN
2016-01-23T02:15:03.000000;2016-01-23T02:15:03.000000;6309f1d6-09cc-4e04-b049-077d9135b92c;389.0;5.31115;UNKNOWN
2016-01-23T02:15:03.000000;2016-01-23T02:15:03.000000;2976557a-578e-40dd-9b57-2f70412354f7;388.99;0.22040536;UNKNOWN
2016-01-23T02:15:04.000000;2016-01-23T02:15:04.000000;f0ddd85e-bbff-41db-a565-af1ed963020e;389.0;6.16385;UNKNOWN
2016-01-23T02:15:05.000000;2016-01-23T02:15:05.000000;03fd2671-abc2-495d-9d52-013a839145b0;388.73;1.20693727;UNKNOWN
2016-01-23T02:15:05.000000;2016-01-23T02:15:05.000000;f4fd18e8-7992-44a2-aaf6-efa20e299cd8;388.99;0.19;UNKNOWN
2016-01-23T02:15:06.000000;2016-01-23T02:15:06.000000;662706a5-8a37-4fab-8b91-e701ca0f4a01;388.99;0.31;UNKNOWN
2016-01-23T02:15:06.000000;2016-01-23T02:15:06.000000;a2dd831b-537c-4a66-9ba7-3ebae842731c;389.0;3.35703586;UNKNOWN
2016-01-23T02:15:08.000000;2016-01-23T02:15:08.000000;66874c83-64a5-4f99-ad6f-51750faa8fd4;389.0;4.14296414;UNKNOWN
2016-01-23T02:15:11.000000;2016-01-23T02:15:11.000000;3098af97-de66-4afd-9f3a-92f92cc08f7f;388.97;0.05;UNKNOWN
2016-01-23T02:15:12.000000;2016-01-23T02:15:12.000000;78e464b2-88f3-4f2d-ab87-6c33156946ac;388.84;0.01082013;UNKNOWN
2016-01-23T02:15:13.000000;2016-01-23T02:15:13.000000;dec1228d-0ea4-457e-908b-a94c68bc4f44;388.84;0.01;UNKNOWN
2016-01-23T02:15:14.000000;2016-01-23T02:15:14.000000;c4d7d477-9f3d-4d8a-93c9-e35fd77bc050;388.84;0.01;UNKNOWN
2016-01-23T02:15:16.000000;2016-01-23T02:15:16.000000;ab22ffff-d3dd-4ee2-b804-5a34a8f91e17;388.84;0.01082437;UNKNOWN
2016-01-23T02:15:16.000000;2016-01-23T02:15:16.000000;e640e2b2-8302-45fa-a818-9a1dae591a52;388.83;0.5;UNKNOWN
2016-01-23T02:15:17.000000;2016-01-23T02:15:17.000000;16c80c00-acf7-4e18-9c83-7e9ee1ca9255;388.97;0.5;UNKNOWN
2016-01-23T02:15:17.000000;2016-01-23T02:15:17.000000;ac1a2307-1dc9-4c2d-9515-1c0f18d28b8b;388.84;0.7463555;UNKNOWN
2016-01-23T02:15:17.000000;2016-01-23T02:15:17.000000;727431af-5b33-442c-866a-7c94a2d1fc42;388.83;0.01255;UNKNOWN
2016-01-23T02:15:17.000000;2016-01-23T02:15:17.000000;18999b29-d22e-4c1d-8926-d8f05cafe029;389.0;8.3536445;UNKNOWN
2016-01-23T02:15:17.000000;2016-01-23T02:15:17.000000;458d04e1-4798-4c0b-ae9c-5e9865e14841;388.93;0.3;UNKNOWN
2016-01-23T02:15:17.000000;2016-01-23T02:15:17.000000;97fa192a-86e9-4809-b6f4-a3420d78ea9d;388.85;0.1;UNKNOWN
2016-01-23T02:15:19.000000;2016-01-23T02:15:19.000000;ead852ce-a544-438f-8106-a9d2dccfc0a2;389.0;1.4083555;UNKNOWN
2016-01-23T02:15:19.000000;2016-01-23T02:15:19.000000;0a2ea0d9-4103-4ae8-adef-567da451bd93;388.83;0.48745;UNKNOWN
2016-01-23T02:15:20.000000;2016-01-23T02:15:20.000000;8a11a50d-6a38-4824-8671-89f73a2256ab;389.0;0.12497595;UNKNOWN
2016-01-23T02:15:23.000000;2016-01-23T02:15:23.000000;5be71e0c-96ec-4a45-902c-64f67241b223;388.99;0.01058623;UNKNOWN
2016-01-23T02:15:24.000000;2016-01-23T02:15:24.000000;118283ac-cdb0-407d-a9bf-87085f260236;388.99;0.015;UNKNOWN
2016-01-23T02:15:25.000000;2016-01-23T02:15:25.000000;ff0578fa-99ff-490d-a3c1-9ee85c36ce15;388.99;0.21;UNKNOWN
2016-01-23T02:15:25.000000;2016-01-23T02:15:25.000000;eebf2c75-36fd-4256-a6b3-9cc41a82117e;388.99;0.4;UNKNOWN
2016-01-23T02:15:25.000000;2016-01-23T02:15:25.000000;62ba38fb-1c22-4607-a244-3365a672b7ad;388.99;0.29;UNKNOWN
2016-01-23T02:15:25.000000;2016-01-23T02:15:25.000000;c5735efd-f87e-4a44-8422-6394c9aa3707;389.0;1.11555605;UNKNOWN
2016-01-23T02:15:25.000000;2016-01-23T02:15:25.000000;0259b236-74fd-407c-b0b0-ce502134b233;388.99;0.1;UNKNOWN
2016-01-23T02:15:26.000000;2016-01-23T02:15:26.000000;660b5ffc-2ce6-40bb-8bdc-b6b20a2ae477;389.0;2.41118987;UNKNOWN
2016-01-23T02:15:27.000000;2016-01-23T02:15:27.000000;2c5d4952-4a53-4bfd-8a63-bf928b00e0a3;388.99;0.41466841;UNKNOWN
2016-01-23T02:15:28.000000;2016-01-23T02:15:28.000000;ef3a0f1f-ebec-42f0-b735-42042b7a3322;389.0;2.09318579;UNKNOWN
2016-01-23T02:15:29.000000;2016-01-23T02:15:29.000000;e54774cc-81cb-4c65-9125-89bd3a6a8388;388.98;0.0853;UNKNOWN
2016-01-23T02:15:29.000000;2016-01-23T02:15:29.000000;0bcf24b6-902b-4a2f-b730-eca33694d734;389.0;2.4068458;UNKNOWN
2016-01-23T02:15:32.000000;2016-01-23T02:15:32.000000;0d8e58de-3512-4b20-a925-4f8f8db21f98;388.98;0.01571932;UNKNOWN
2016-01-23T02:15:33.000000;2016-01-23T02:15:33.000000;1406916a-8d6a-4d70-a843-884bf38759e2;388.98;0.01046482;UNKNOWN
2016-01-23T02:15:34.000000;2016-01-23T02:15:34.000000;e1131fa7-a494-418d-8087-d5d82c358269;388.99;0.01;UNKNOWN
2016-01-23T02:15:34.000000;2016-01-23T02:15:34.000000;91829940-098f-44df-8b47-0e2d72104084;388.99;0.06015326;UNKNOWN
2016-01-23T02:15:34.000000;2016-01-23T02:15:34.000000;09224973-85b5-4577-aff5-76c309e4bf0a;388.99;0.1;UNKNOWN
2016-01-23T02:15:36.000000;2016-01-23T02:15:36.000000;72434017-22d7-4065-8c08-4ebbcc7ce15b;388.99;0.177;UNKNOWN
2016-01-23T02:15:36.000000;2016-01-23T02:15:36.000000;979580c2-a913-46b0-be08-5200d170e027;388.99;0.1678;UNKNOWN
2016-01-23T02:15:36.000000;2016-01-23T02:15:36.000000;b9b261e2-b68b-4662-8b89-007ed9c5b112;389.0;8.92463012;UNKNOWN
2016-01-23T02:15:36.000000;2016-01-23T02:15:36.000000;fd004128-2f4b-484c-b814-1f542dd7ed03;388.99;0.069539;UNKNOWN
2016-01-23T02:15:36.000000;2016-01-23T02:15:36.000000;2aef96c6-51fe-4c15-a03f-4a15f7315ad5;388.99;0.5;UNKNOWN
2016-01-23T02:15:36.000000;2016-01-23T02:15:36.000000;556d9e8c-beaa-47cc-831c-8c936fc54d6e;388.99;0.03484674;UNKNOWN
2016-01-23T02:15:37.000000;2016-01-23T02:15:37.000000;d2dc4ffd-bf15-453d-9da9-71eea4176751;389.0;1.35247335;UNKNOWN
2016-01-23T02:15:38.000000;2016-01-23T02:15:38.000000;0e3f8901-080d-4787-bcf9-d1050ad3a078;389.0;0.08235514;UNKNOWN
2016-01-23T02:15:39.000000;2016-01-23T02:15:39.000000;c237ba24-bb27-4e45-b833-3fa50228aa53;388.99;0.313;UNKNOWN
2016-01-23T02:15:39.000000;2016-01-23T02:15:39.000000;0e64afc1-6ba9-495e-896f-b9013543d96d;389.0;8.24398374;UNKNOWN
2016-01-23T02:15:40.000000;2016-01-23T02:15:40.000000;5df5ec00-4c5b-469c-8318-20597f11b92a;389.0;20.0;UNKNOWN
2016-01-23T02:15:41.000000;2016-01-23T02:15:41.000000;96945fbf-4ad8-41f7-967f-d029fc979e19;388.99;0.07965532;UNKNOWN
2016-01-23T02:15:42.000000;2016-01-23T02:15:42.000000;e9bb8dfe-1508-4d8f-96ef-b42074f135c3;388.99;0.05;UNKNOWN
2016-01-23T02:15:42.000000;2016-01-23T02:15:42.000000;e4b451ba-c6b6-4948-98c2-e184185bdd10;388.99;0.08934468;UNKNOWN
2016-01-23T02:15:42.000000;2016-01-23T02:15:42.000000;75432ffb-8525-4541-aa98-e5c275526d96;388.99;0.45;UNKNOWN
2016-01-23T02:15:42.000000;2016-01-23T02:15:42.000000;6fa2b021-19da-4a3a-bfbd-5832558d39cd;389.0;0.17769;UNKNOWN
2016-01-23T02:15:43.000000;2016-01-23T02:15:43.000000;a385d660-1cf2-4705-b2f3-75d9615f2b84;389.0;1.395;UNKNOWN
2016-01-23T02:15:44.000000;2016-01-23T02:15:44.000000;358305d5-af79-4d8c-91b3-45011a943d18;388.66;0.01;UNKNOWN
2016-01-23T02:15:45.000000;2016-01-23T02:15:45.000000;32ecf016-7673-4589-bab0-e2a575e57a7e;388.99;1.5;UNKNOWN
2016-01-23T02:15:46.000000;2016-01-23T02:15:46.000000;cbe914cd-54eb-470d-9ec1-910c0fa181a4;388.99;1.215;UNKNOWN
2016-01-23T02:15:47.000000;2016-01-23T02:15:47.000000;4f7f2e5c-abec-42a5-a10b-dbc53ce3ec7d;389.0;2.49315;UNKNOWN
2016-01-23T02:15:47.000000;2016-01-23T02:15:47.000000;e659de46-51ff-4bbf-b5a4-00bec4601f3b;388.99;0.106;UNKNOWN
2016-01-23T02:15:47.000000;2016-01-23T02:15:47.000000;a81c089f-184c-4cd5-a9d8-2c79601a3430;388.99;0.5;UNKNOWN
2016-01-23T02:15:47.000000;2016-01-23T02:15:47.000000;0f1d1ef6-3ea2-4856-9fa7-eaeff7bd9635;388.99;0.166;UNKNOWN
2016-01-23T02:15:49.000000;2016-01-23T02:15:49.000000;702e49cf-09e5-4d8c-9e96-d6823a29bb8f;389.0;4.13985;UNKNOWN
2016-01-23T02:15:50.000000;2016-01-23T02:15:50.000000;5224c8a4-42b6-4e11-831c-ee7a527556ad;388.99;0.069548;UNKNOWN
2016-01-23T02:15:50.000000;2016-01-23T02:15:50.000000;306b7bab-405f-4f02-a269-eedc6e8f61cf;389.0;0.680452;UNKNOWN
2016-01-23T02:15:51.000000;2016-01-23T02:15:51.000000;f81bca65-d86f-48a4-bd17-33db6aecbbc5;389.0;0.941;UNKNOWN
2016-01-23T02:15:51.000000;2016-01-23T02:15:51.000000;cab1aa27-ffd8-4726-a8fe-b330d08454e3;388.99;0.059;UNKNOWN
2016-01-23T02:15:52.000000;2016-01-23T02:15:52.000000;b964fe86-d3e4-480b-adc7-6633f9d9ec6c;388.99;1.562;UNKNOWN
2016-01-23T02:15:52.000000;2016-01-23T02:15:52.000000;aaef6f34-104a-4a5c-ba02-52ac4083ff7d;388.99;0.438;UNKNOWN
2016-01-23T02:15:53.000000;2016-01-23T02:15:53.000000;dfe7e887-ded7-4bc3-8e93-4e5a8f6916b9;388.69;0.0495;UNKNOWN
2016-01-23T02:15:53.000000;2016-01-23T02:15:53.000000;a2d23840-bcf6-4130-9c28-6f7da47d2d28;388.99;6.0;UNKNOWN
2016-01-23T02:15:54.000000;2016-01-23T02:15:54.000000;3580f22d-6b4b-4563-a0ed-b985e1c05bb3;388.9;0.1;UNKNOWN
2016-01-23T02:15:54.000000;2016-01-23T02:15:54.000000;accf4b99-2e14-45b9-9936-6ad6d7350efd;388.99;6.0;UNKNOWN
2016-01-23T02:15:55.000000;2016-01-23T02:15:55.000000;8f62f840-81ce-43a2-8385-8ffd5a4bfaac;389.0;3.0;UNKNOWN
2016-01-23T02:15:56.000000;2016-01-23T02:15:56.000000;02cf04f4-dcf3-4f15-99c5-38ea35cdf3de;389.0;1.438;UNKNOWN
2016-01-23T02:15:56.000000;2016-01-23T02:15:56.000000;0fbe957b-0a43-4457-af5a-10f8a7fa09ca;388.98;0.062;UNKNOWN
2016-01-23T02:15:57.000000;2016-01-23T02:15:57.000000;6b6d9b5a-41e7-42a4-82df-b72c2a44ed94;389.0;0.777;UNKNOWN
2016-01-23T02:15:57.000000;2016-01-23T02:15:57.000000;901aee1b-68ed-4ec0-8e04-c5c1d53995c1;388.98;0.438;UNKNOWN
2016-01-23T02:15:58.000000;2016-01-23T02:15:58.000000;3c8c37e9-7963-497a-8205-d7a39b317e3e;389.0;1.21;UNKNOWN
2016-01-23T02:15:59.000000;2016-01-23T02:15:59.000000;108fa616-e5b9-4a3b-8b57-2c3ef5a959b0;389.0;0.25;UNKNOWN
2016-01-23T02:16:00.000000;2016-01-23T02:16:00.000000;145e6987-c682-4833-99f8-2c2812b3dabc;389.0;6.0;UNKNOWN
2016-01-23T02:16:01.000000;2016-01-23T02:16:01.000000;c7acf66d-f6f3-4419-a6d2-e457f84d4d83;389.14;1.87767555;UNKNOWN
2016-01-23T02:16:01.000000;2016-01-23T02:16:01.000000;f9b07a9b-b8d0-487f-89b4-bc46c8f23c5e;389.0;1.12232445;UNKNOWN
2016-01-23T02:16:02.000000;2016-01-23T02:16:02.000000;b6c96a82-49c2-4fd4-b4b9-2fd7dc682aa2;388.9;0.01;UNKNOWN
2016-01-23T02:16:03.000000;2016-01-23T02:16:03.000000;00ea90a3-bbd8-4a9c-a921-d8b7be4e1878;389.14;1.2;UNKNOWN
2016-01-23T02:16:03.000000;2016-01-23T02:16:03.000000;ee6c7db4-3000-4221-bc66-be7203eb4ef4;388.91;0.3;UNKNOWN
2016-01-23T02:16:04.000000;2016-01-23T02:16:04.000000;756a78ef-ce4e-436c-9ecb-94cd6c154239;388.98;0.069543;UNKNOWN
2016-01-23T02:16:04.000000;2016-01-23T02:16:04.000000;e478e3c6-eed3-4857-b5f2-cc74b09b34c4;389.2;0.457457;UNKNOWN
2016-01-23T02:16:04.000000;2016-01-23T02:16:04.000000;7b976eb7-03dc-4a0b-8a1a-d18f2a0950ee;388.99;0.438;UNKNOWN
2016-01-23T02:16:04.000000;2016-01-23T02:16:04.000000;a301cebe-647d-4ce1-aad4-3cbe750b52a4;388.99;0.25;UNKNOWN
2016-01-23T02:16:05.000000;2016-01-23T02:16:05.000000;41ed82e5-a53a-4bc1-8c28-2e10ac83f8f9;388.99;0.062;UNKNOWN
2016-01-23T02:16:05.000000;2016-01-23T02:16:05.000000;a19c5348-05c6-4261-92ff-5e30e6a7efdd;389.2;1.403;UNKNOWN
2016-01-23T02:16:07.000000;2016-01-23T02:16:07.000000;b0f336f6-459e-4f7f-9792-0a1b36ea2042;389.2;5.3464;UNKNOWN
2016-01-23T02:16:07.000000;2016-01-23T02:16:07.000000;7d8764e1-85fd-48a9-a732-113d892d7001;388.99;0.062;UNKNOWN
2016-01-23T02:16:07.000000;2016-01-23T02:16:07.000000;6df91728-a877-4d7c-9203-187e2d957615;388.99;0.25;UNKNOWN
2016-01-23T02:16:08.000000;2016-01-23T02:16:08.000000;e6cc5f50-584c-4194-bc09-fed402ab5ef3;388.91;1.0;UNKNOWN
2016-01-23T02:16:09.000000;2016-01-23T02:16:09.000000;0c243b49-8940-4917-8d9f-326076d74724;389.19;0.5;UNKNOWN
2016-01-23T02:16:09.000000;2016-01-23T02:16:09.000000;1f8240d5-efd8-4a4a-9b96-949910b79733;389.2;0.5;UNKNOWN
2016-01-23T02:16:09.000000;2016-01-23T02:16:09.000000;0d5eee77-8f58-4eda-a6a4-67f92f95b39a;389.19;0.5;UNKNOWN
2016-01-23T02:16:10.000000;2016-01-23T02:16:10.000000;adc5aee0-f513-4fc1-9286-3069a2de2549;389.2;5.4084;UNKNOWN
2016-01-23T02:16:10.000000;2016-01-23T02:16:10.000000;1f058ba3-d04b-4e70-9549-02bd1814db7a;389.19;0.25;UNKNOWN
2016-01-23T02:16:11.000000;2016-01-23T02:16:11.000000;b972c948-0c2d-4894-87f9-e9d7db8f3546;388.91;0.175;UNKNOWN
2016-01-23T02:16:12.000000;2016-01-23T02:16:12.000000;dccaf251-89a2-46ac-ae40-29825ebe1e1f;389.19;0.386;UNKNOWN
2016-01-23T02:16:12.000000;2016-01-23T02:16:12.000000;5be59a72-8b4a-4608-b6bd-67ac78e7d060;389.19;0.25;UNKNOWN
2016-01-23T02:16:12.000000;2016-01-23T02:16:12.000000;c30f2898-c08c-428d-8309-92de8db13429;389.2;0.864;UNKNOWN
2016-01-23T02:16:14.000000;2016-01-23T02:16:14.000000;26aaaa8e-af92-40b7-9500-8ad0bb459d81;389.19;0.365;UNKNOWN
2016-01-23T02:16:14.000000;2016-01-23T02:16:14.000000;26fdbefd-fb04-4d6b-91d8-30d16b5fc8d2;389.19;0.114;UNKNOWN
2016-01-23T02:16:14.000000;2016-01-23T02:16:14.000000;fa92834b-0d94-434b-ac84-9b6b2a6eb36e;389.2;0.386;UNKNOWN
2016-01-23T02:16:14.000000;2016-01-23T02:16:14.000000;788c0229-7e29-487d-8009-8677f9402159;389.19;0.135;UNKNOWN
2016-01-23T02:16:16.000000;2016-01-23T02:16:16.000000;4aadd98c-18dd-4a3d-85af-31d4640a6be3;389.2;0.1757;UNKNOWN
2016-01-23T02:16:17.000000;2016-01-23T02:16:17.000000;5e6989f0-9a7a-425d-b929-aed794e7563e;389.19;0.5;UNKNOWN
2016-01-23T02:16:17.000000;2016-01-23T02:16:17.000000;97e0f7e7-e24e-41e8-91fb-cc05444eee6d;389.2;1.427;UNKNOWN
2016-01-23T02:16:17.000000;2016-01-23T02:16:17.000000;27bf79f3-1f93-491c-b805-aada781cb615;389.19;0.073;UNKNOWN
2016-01-23T02:16:19.000000;2016-01-23T02:16:19.000000;5650d16d-bb5c-40c3-8a2f-c90474d5b0b8;389.19;0.25;UNKNOWN
2016-01-23T02:16:20.000000;2016-01-23T02:16:20.000000;c6774a0f-422d-437a-b485-d172133a32cf;389.19;0.01;UNKNOWN
2016-01-23T02:16:20.000000;2016-01-23T02:16:20.000000;dda97cf4-5047-48c0-86c7-a4e8c58a5c50;389.2;0.923;UNKNOWN
2016-01-23T02:16:20.000000;2016-01-23T02:16:20.000000;d404f893-f7b9-4c4e-abd6-e4d433e79242;389.19;0.4;UNKNOWN
2016-01-23T02:16:20.000000;2016-01-23T02:16:20.000000;412f1d72-fb69-4a2f-9a3f-09a8a8519d28;389.19;0.177;UNKNOWN
2016-01-23T02:16:20.000000;2016-01-23T02:16:20.000000;44814711-5d4c-4565-be2f-4a9432d1a694;389.19;0.49;UNKNOWN
2016-01-23T02:16:21.000000;2016-01-23T02:16:21.000000;45cabd04-3bf5-45ac-992c-6e4ad1fc5049;389.2;0.011757;UNKNOWN
2016-01-23T02:16:21.000000;2016-01-23T02:16:21.000000;46ac5089-b2e9-4d55-81f0-b31188af24b0;389.2;0.358243;UNKNOWN
2016-01-23T02:16:22.000000;2016-01-23T02:16:22.000000;a53dbe2e-4777-4052-85c4-c085513ef2c9;389.19;0.1134;UNKNOWN
2016-01-23T02:16:24.000000;2016-01-23T02:16:24.000000;11d503e8-7050-4d50-a800-5bb2288c8644;389.19;0.1099;UNKNOWN
2016-01-23T02:16:24.000000;2016-01-23T02:16:24.000000;e9b2436f-0786-4df2-a6be-9975a2864a0b;389.19;0.1226;UNKNOWN
2016-01-23T02:16:27.000000;2016-01-23T02:16:27.000000;588595fa-932f-42d7-adb0-29fdde71654f;389.19;0.1375;UNKNOWN
2016-01-23T02:16:28.000000;2016-01-23T02:16:28.000000;e2b81224-5861-4d19-aee3-9930d3ad2a68;389.19;0.0166;UNKNOWN
2016-01-23T02:16:28.000000;2016-01-23T02:16:28.000000;d6a4b2dd-e47d-479f-89c5-527af1fa7658;389.19;0.215;UNKNOWN
2016-01-23T02:16:28.000000;2016-01-23T02:16:28.000000;153b3fdf-2ac3-43a1-8583-b7817a499519;389.19;0.1384;UNKNOWN
2016-01-23T02:16:29.000000;2016-01-23T02:16:29.000000;2ef736f9-2649-4a25-80d5-e4dc4abc7c67;389.19;0.1466;UNKNOWN
2016-01-23T02:16:29.000000;2016-01-23T02:16:29.000000;6b5a8000-8621-447d-b743-0e713b737099;389.2;0.057765;UNKNOWN
2016-01-23T02:16:29.000000;2016-01-23T02:16:29.000000;587151e1-6324-4a80-8f06-6e1d24f8b2b6;389.21;5.34337298;UNKNOWN
2016-01-23T02:16:30.000000;2016-01-23T02:16:30.000000;df4fdbcd-8189-457d-8a30-197b1a4f8a8f;389.21;3.04783798;UNKNOWN
2016-01-23T02:16:31.000000;2016-01-23T02:16:31.000000;a23dd819-0107-4f18-ae20-c5f0a6197ce7;389.2;0.069521;UNKNOWN
2016-01-23T02:16:31.000000;2016-01-23T02:16:31.000000;0af5affa-bb4b-4793-ad9e-59741cb433fa;389.21;0.180479;UNKNOWN
2016-01-23T02:16:32.000000;2016-01-23T02:16:32.000000;3b7ee13a-6b67-4563-94be-ef168c8f88b2;389.19;0.25;UNKNOWN
2016-01-23T02:16:33.000000;2016-01-23T02:16:33.000000;787cd012-1ef8-4341-9422-16c2bf4a3ded;389.27;0.545;UNKNOWN
2016-01-23T02:16:33.000000;2016-01-23T02:16:33.000000;44c5b333-525b-47e4-bc81-4222e41d2a00;389.2;0.01;UNKNOWN
2016-01-23T02:16:34.000000;2016-01-23T02:16:34.000000;747af2a9-f485-4fb9-bc15-0ccb744951dd;389.31;2.9314;UNKNOWN
2016-01-23T02:16:34.000000;2016-01-23T02:16:34.000000;37faa72e-35ad-4da7-8e45-76aaf449a01a;389.2;0.24;UNKNOWN
2016-01-23T02:16:34.000000;2016-01-23T02:16:34.000000;22999b11-14c3-416d-a490-7b9e527407f8;389.27;0.455;UNKNOWN
2016-01-23T02:16:35.000000;2016-01-23T02:16:35.000000;bfd74b09-b91a-40c4-82bf-487abe99affd;389.2;0.195;UNKNOWN
2016-01-23T02:16:35.000000;2016-01-23T02:16:35.000000;60f02d93-3bd8-4085-89b4-f0743fcd3a3f;389.31;1.03999222;UNKNOWN
2016-01-23T02:16:36.000000;2016-01-23T02:16:36.000000;c492df63-178d-4b59-8256-989c6b013c2c;388.97;1.5;UNKNOWN
2016-01-23T02:16:36.000000;2016-01-23T02:16:36.000000;ff23f157-b32f-4057-8fae-bdf754d771af;389.31;1.23499222;UNKNOWN
2016-01-23T02:16:36.000000;2016-01-23T02:16:36.000000;18b31aa0-5ac8-45e5-8cac-cad4794a2110;388.97;0.5;UNKNOWN
2016-01-23T02:16:37.000000;2016-01-23T02:16:37.000000;2ce65a05-5e46-49f7-bcf5-c4152f70243f;389.31;0.25;UNKNOWN
2016-01-23T02:16:38.000000;2016-01-23T02:16:38.000000;5851936a-2aa5-47a2-9d2f-64c86f36fcf0;388.97;0.1;UNKNOWN
2016-01-23T02:16:38.000000;2016-01-23T02:16:38.000000;a4ee382f-ee0f-49db-81db-bf83a596c351;388.98;0.1;UNKNOWN
2016-01-23T02:16:38.000000;2016-01-23T02:16:38.000000;de41660e-8ccf-47e3-b55d-dfdd9b66306c;389.31;6.43882358;UNKNOWN
2016-01-23T02:16:38.000000;2016-01-23T02:16:38.000000;de2317e7-6848-4dd4-a788-06a355fd881c;389.3;0.177;UNKNOWN
2016-01-23T02:16:38.000000;2016-01-23T02:16:38.000000;33ec9700-bfca-4842-945c-21acd38c9a78;389.3;0.305;UNKNOWN
2016-01-23T02:16:38.000000;2016-01-23T02:16:38.000000;95170894-daca-4b05-9402-8989b984d35d;389.3;0.323;UNKNOWN
2016-01-23T02:16:40.000000;2016-01-23T02:16:40.000000;08c8474e-bc63-48b2-a8f6-76956ed3f075;389.3;0.5;UNKNOWN
2016-01-23T02:16:40.000000;2016-01-23T02:16:40.000000;f2466faf-c91d-41f4-86be-04ae3eefe57f;389.31;1.9114;UNKNOWN
2016-01-23T02:16:42.000000;2016-01-23T02:16:42.000000;0a7ed70b-4ec4-4504-9083-eb98a9eac59a;389.43;0.80425802;UNKNOWN
2016-01-23T02:16:42.000000;2016-01-23T02:16:42.000000;bd776b96-6781-4f5f-8507-0912791ed4dd;389.31;2.22629198;UNKNOWN
2016-01-23T02:16:43.000000;2016-01-23T02:16:43.000000;4c014e4a-d994-404c-af19-e383fee87d1a;389.43;2.19574198;UNKNOWN
2016-01-23T02:16:43.000000;2016-01-23T02:16:43.000000;0032ae51-d7bc-4897-b314-c8059a97442c;389.43;0.20425802;UNKNOWN
2016-01-23T02:16:43.000000;2016-01-23T02:16:43.000000;e17eb9ff-72bd-4376-8455-845287b5d1fd;389.3;0.5;UNKNOWN
2016-01-23T02:16:44.000000;2016-01-23T02:16:44.000000;0705a4cf-9919-4231-81f2-e68efb4d8260;389.2;0.069517;UNKNOWN
2016-01-23T02:16:44.000000;2016-01-23T02:16:44.000000;895524ee-a268-4587-8ae8-2e1bdb760d15;389.42;0.485483;UNKNOWN
2016-01-23T02:16:46.000000;2016-01-23T02:16:46.000000;7b7a946c-c6b8-4a25-8617-5cc4fbb94fae;389.3;0.0145;UNKNOWN
2016-01-23T02:16:46.000000;2016-01-23T02:16:46.000000;f7f23e8d-92d7-49d3-9cd3-9143e20ad9c9;389.44;0.2355;UNKNOWN
2016-01-23T02:16:46.000000;2016-01-23T02:16:46.000000;3319ba61-7c9e-4554-bbc1-90b02fdc4720;389.03;0.0739;UNKNOWN
2016-01-23T02:16:49.000000;2016-01-23T02:16:49.000000;f900fe48-0fc4-4b3f-a47f-e66813806b1a;389.29;0.4;UNKNOWN
2016-01-23T02:16:49.000000;2016-01-23T02:16:49.000000;276d3481-c9bf-4696-8f5a-28462109a4c1;389.29;0.1;UNKNOWN
2016-01-23T02:16:49.000000;2016-01-23T02:16:49.000000;772bb690-59b6-48e8-8e66-1faae44b5a78;389.3;0.715;UNKNOWN
2016-01-23T02:16:50.000000;2016-01-23T02:16:50.000000;7fb0238b-343e-4ac2-82c3-30c26b45eefd;389.48;4.634994;UNKNOWN
2016-01-23T02:16:50.000000;2016-01-23T02:16:50.000000;573a6131-5ea5-4637-9465-196dffe8f993;389.44;0.0145;UNKNOWN
2016-01-23T02:16:50.000000;2016-01-23T02:16:50.000000;452aa4dc-898c-47fa-a252-bad2d5474614;389.47;0.040506;UNKNOWN
2016-01-23T02:16:50.000000;2016-01-23T02:16:50.000000;b4d9eb4e-fd7b-4550-a6dc-19a0b32abd92;389.46;0.05;UNKNOWN
2016-01-23T02:16:50.000000;2016-01-23T02:16:50.000000;da84ecf4-3826-4ca3-bc4c-f999d5c9fc53;389.43;0.26;UNKNOWN
2016-01-23T02:16:51.000000;2016-01-23T02:16:51.000000;ebd9c4bc-0553-4bd4-8457-ad59d5c3d052;389.47;7.03;UNKNOWN
2016-01-23T02:16:51.000000;2016-01-23T02:16:51.000000;4f9bd410-0d83-4bbb-8cf0-033da1acd683;389.47;5.5;UNKNOWN
2016-01-23T02:16:51.000000;2016-01-23T02:16:51.000000;65686452-68dd-47d6-84db-7c674f653aa3;389.43;0.5;UNKNOWN
2016-01-23T02:16:54.000000;2016-01-23T02:16:54.000000;675655b9-2aa8-4aaf-b1b1-3b7afbd021ac;389.47;3.0291;UNKNOWN
2016-01-23T02:17:03.000000;2016-01-23T02:17:03.000000;8f4bafa8-52ad-468d-aa9f-4157a695082b;389.43;0.322;UNKNOWN
2016-01-23T02:17:03.000000;2016-01-23T02:17:03.000000;cdf6a346-8532-490a-b248-d594f5184cb7;389.45;0.74;UNKNOWN
2016-01-23T02:17:03.000000;2016-01-23T02:17:03.000000;9341e945-d138-48cb-ac43-b9b552729276;389.44;0.06949;UNKNOWN
2016-01-23T02:17:03.000000;2016-01-23T02:17:03.000000;14c2af75-f24c-4414-9fee-410e3b2a19c8;389.46;0.178;UNKNOWN
2016-01-23T02:17:03.000000;2016-01-23T02:17:03.000000;d2a03246-c402-4283-b555-37aed0354689;389.46;0.65691;UNKNOWN
2016-01-23T02:17:05.000000;2016-01-23T02:17:05.000000;e801ad88-2316-437a-883c-68c159ebc5fb;389.43;0.24;UNKNOWN
2016-01-23T02:17:05.000000;2016-01-23T02:17:05.000000;c7e00a36-934b-4140-840e-8ed28b94cd65;389.46;0.975;UNKNOWN
2016-01-23T02:17:07.000000;2016-01-23T02:17:07.000000;34524c9e-04dc-4ff6-8b95-6e294ff17a6d;389.46;1.215;UNKNOWN
2016-01-23T02:17:08.000000;2016-01-23T02:17:08.000000;76ee3327-ab04-44b3-9b11-fdcaae49b03e;389.45;1.5;UNKNOWN
2016-01-23T02:17:09.000000;2016-01-23T02:17:09.000000;f316301e-317b-4d54-bef3-e146c70d2644;389.45;0.1;UNKNOWN
2016-01-23T02:17:09.000000;2016-01-23T02:17:09.000000;69b54292-98ea-415e-874e-eb9ba7b3af75;389.45;0.4;UNKNOWN
2016-01-23T02:17:09.000000;2016-01-23T02:17:09.000000;6fc35115-e252-4c99-bf08-323d467ca997;389.45;4.82;UNKNOWN
2016-01-23T02:17:09.000000;2016-01-23T02:17:09.000000;d9918b72-afb3-4be4-90dd-399a12b2c7d6;389.45;0.27;UNKNOWN
2016-01-23T02:17:09.000000;2016-01-23T02:17:09.000000;f0ec6068-1c8b-445c-8d68-308fe7763076;389.49;7.0001;UNKNOWN
2016-01-23T02:17:09.000000;2016-01-23T02:17:09.000000;8f298c70-abe3-476a-b993-2fe995031d41;389.45;0.23;UNKNOWN
2016-01-23T02:17:10.000000;2016-01-23T02:17:10.000000;505418a7-0c75-4175-a187-12fba3a1078a;389.49;2.360515;UNKNOWN
2016-01-23T02:17:10.000000;2016-01-23T02:17:10.000000;a04053d2-0089-4e71-b785-855d75bf2fb1;389.47;0.069485;UNKNOWN
2016-01-23T02:17:11.000000;2016-01-23T02:17:11.000000;d6f5ef4a-4ed8-4531-a57c-1101698b2234;389.49;0.815;UNKNOWN
2016-01-23T02:17:11.000000;2016-01-23T02:17:11.000000;ecc95855-4e22-4961-877d-f1fdd5622a56;389.45;0.4;UNKNOWN
2016-01-23T02:17:12.000000;2016-01-23T02:17:12.000000;ff1502d1-dd1d-4dbd-b38e-80eb1dc0fe18;389.44;0.1;UNKNOWN
2016-01-23T02:17:12.000000;2016-01-23T02:17:12.000000;668867a8-5487-41d0-8f22-f182755300b7;389.44;0.1;UNKNOWN
2016-01-23T02:17:12.000000;2016-01-23T02:17:12.000000;20b5fe56-8bfd-4757-9cc3-49eda46e4a12;389.4;0.295195;UNKNOWN
2016-01-23T02:17:12.000000;2016-01-23T02:17:12.000000;ca7dad74-180b-48cb-b1d0-1492c9d6dd77;389.48;0.219805;UNKNOWN
2016-01-23T02:17:12.000000;2016-01-23T02:17:12.000000;520a138e-3d57-4fcf-a1de-8c7d065faec0;389.48;0.1;UNKNOWN
2016-01-23T02:17:12.000000;2016-01-23T02:17:12.000000;ec93ef90-7a14-4d30-aada-bfbbffd5dfb7;389.48;0.5;UNKNOWN
2016-01-23T02:17:12.000000;2016-01-23T02:17:12.000000;84b2f9f5-b886-42c7-a294-324ff884c57d;389.48;0.1;UNKNOWN
2016-01-23T02:17:13.000000;2016-01-23T02:17:13.000000;b328562d-09aa-422f-83a9-e79b35b33697;389.49;1.034805;UNKNOWN
2016-01-23T02:17:13.000000;2016-01-23T02:17:13.000000;4b838238-629a-4a3f-9260-3f8cd2d071f6;389.48;0.180195;UNKNOWN
2016-01-23T02:17:14.000000;2016-01-23T02:17:14.000000;04dd5497-401e-42d2-b348-3d420308a3e5;389.49;2.46958;UNKNOWN
2016-01-23T02:17:14.000000;2016-01-23T02:17:14.000000;d600e942-5b8a-4307-ad13-03a956b23d4a;389.49;5.74812;UNKNOWN
2016-01-23T02:17:15.000000;2016-01-23T02:17:15.000000;da49c50d-8d68-4f40-bbc4-4ff5b507fa75;389.49;2.8085;UNKNOWN
2016-01-23T02:17:15.000000;2016-01-23T02:17:15.000000;96df300f-9b68-411f-b7a5-b9cbc8c2cd61;389.48;0.5;UNKNOWN
2016-01-23T02:17:16.000000;2016-01-23T02:17:16.000000;59906c30-0549-47a8-accf-05b84cf31990;389.15;0.3592;UNKNOWN
2016-01-23T02:17:17.000000;2016-01-23T02:17:17.000000;8b94188f-440a-4320-b8ae-5b3263061f8f;389.49;1.215;UNKNOWN
2016-01-23T02:17:18.000000;2016-01-23T02:17:18.000000;a41968ba-4f8d-461f-aeb6-53ceae1179b1;389.48;0.715;UNKNOWN
2016-01-23T02:17:18.000000;2016-01-23T02:17:18.000000;7616ca0b-feb2-44f5-b535-c4dd91e43314;389.48;0.1;UNKNOWN
2016-01-23T02:17:18.000000;2016-01-23T02:17:18.000000;a81e2d5f-41b2-44e9-8080-eef136dad144;389.48;0.4;UNKNOWN
2016-01-23T02:17:19.000000;2016-01-23T02:17:19.000000;f6ad3b9c-90f0-4b70-bc3c-07827012a86a;389.48;1.215;UNKNOWN
2016-01-23T02:17:23.000000;2016-01-23T02:17:23.000000;6ab0987b-146d-4283-9ed2-5679039e6e54;389.48;1.215;UNKNOWN
2016-01-23T02:17:31.000000;2016-01-23T02:17:31.000000;ac577ed2-4f67-4744-bf10-30da34721d99;389.25;1.0;UNKNOWN
2016-01-23T02:17:43.000000;2016-01-23T02:17:43.000000;557275ce-cf14-4eeb-a02e-8fcd5a04b671;389.47;2.4;UNKNOWN
2016-01-23T02:17:43.000000;2016-01-23T02:17:43.000000;a8b95f38-c972-466a-bd96-9b2d5e1123ea;389.45;0.1;UNKNOWN
2016-01-23T02:17:43.000000;2016-01-23T02:17:43.000000;4bff61cf-26cb-405d-90fc-2963dc25740f;389.44;0.5;UNKNOWN
2016-01-23T02:18:00.000000;2016-01-23T02:18:00.000000;f34e7987-5e44-4f50-b5f2-72f436bda4f7;389.43;0.012;UNKNOWN
2016-01-23T02:18:02.000000;2016-01-23T02:18:02.000000;03ba4c4f-aaec-4a36-9e6b-70c3643b8666;389.43;0.05;UNKNOWN
2016-01-23T02:18:03.000000;2016-01-23T02:18:03.000000;4f655ba1-209c-421a-b7e9-04c4f9bde740;389.47;0.051106;UNKNOWN
2016-01-23T02:18:03.000000;2016-01-23T02:18:03.000000;50730d65-403f-470f-b11c-1b5ff29ca4cf;389.49;1.960894;UNKNOWN
2016-01-23T02:18:03.000000;2016-01-23T02:18:03.000000;d014f4a0-9741-484a-9bee-4cd23dd2fd86;389.48;0.292;UNKNOWN
2016-01-23T02:18:03.000000;2016-01-23T02:18:03.000000;8c7577ac-1852-4a73-9a1a-907e03206da4;389.48;0.01;UNKNOWN
2016-01-23T02:18:03.000000;2016-01-23T02:18:03.000000;c7cba196-790a-4245-8e5d-3ce2e7c17019;389.48;0.478;UNKNOWN
2016-01-23T02:18:03.000000;2016-01-23T02:18:03.000000;8a05a889-2a6b-4e15-8bad-5fc55a22a751;389.48;0.208;UNKNOWN
2016-01-23T02:18:04.000000;2016-01-23T02:18:04.000000;3a556805-4423-43cc-90b0-fc4ecf3fb997;389.35;2.862;UNKNOWN
2016-01-23T02:18:04.000000;2016-01-23T02:18:04.000000;aee3be1e-0142-46b5-b546-b832da96fb0d;389.37;0.1;UNKNOWN
2016-01-23T02:18:04.000000;2016-01-23T02:18:04.000000;5ead57c1-7da5-4249-8d00-6aa4c3795f1a;389.36;0.5;UNKNOWN
2016-01-23T02:18:04.000000;2016-01-23T02:18:04.000000;973f51fc-dea5-4312-931b-6a18676bf656;389.43;0.038;UNKNOWN
2016-01-23T02:18:06.000000;2016-01-23T02:18:06.000000;5b8662dd-5805-434f-99bf-fa8091f1ac40;389.49;2.0;UNKNOWN
2016-01-23T02:18:07.000000;2016-01-23T02:18:07.000000;8c1a1424-0711-4d37-bd67-9556fbd46720;389.49;1.389;UNKNOWN
2016-01-23T02:18:07.000000;2016-01-23T02:18:07.000000;eb0a3ef9-e525-4cc1-95ea-8c771baaed00;389.48;0.131;UNKNOWN
2016-01-23T02:18:43.000000;2016-01-23T02:18:43.000000;62c6f3bb-bcfa-491b-8ee5-ac9dd90ea744;389.26;0.952;UNKNOWN
2016-01-23T02:19:04.000000;2016-01-23T02:19:04.000000;4840bc68-d45c-442d-9587-210504582941;389.19;0.5;UNKNOWN
2016-01-23T02:19:04.000000;2016-01-23T02:19:04.000000;65dd6601-6f52-4ae9-931a-e718050bca18;389.19;0.2;UNKNOWN
2016-01-23T02:20:00.000000;2016-01-23T02:20:00.000000;89f745d9-79c9-4517-a493-b87829607cb9;388.9;11.151;UNKNOWN
2016-01-23T02:20:00.000000;2016-01-23T02:20:00.000000;e7ad603c-aa60-4045-8192-5d8c371d0f0f;388.89;0.169;UNKNOWN
2016-01-23T02:20:00.000000;2016-01-23T02:20:00.000000;a9cc700f-28db-4e5d-95e8-aefac24c7eb5;388.89;13.68;UNKNOWN
2016-01-23T02:20:09.000000;2016-01-23T02:20:09.000000;6c6ad8da-8cbd-425c-9602-15020e40ea49;388.9;1.5;UNKNOWN
2016-01-23T02:20:27.000000;2016-01-23T02:20:27.000000;8d7dbaa9-4610-4388-830d-d8fdffd13c1f;388.74;0.0196;UNKNOWN
2016-01-23T02:21:01.000000;2016-01-23T02:21:01.000000;e0cf233c-99a3-4f78-873f-45a7898eec5c;388.0;0.05;UNKNOWN
2016-01-23T02:21:01.000000;2016-01-23T02:21:01.000000;477e3c65-5273-4b8a-b4e1-aac3d81a268c;388.66;0.51;UNKNOWN
2016-01-23T02:21:01.000000;2016-01-23T02:21:01.000000;4155ee08-61d8-47a6-a9f9-a6a98bfb364b;387.84;6.78212996;UNKNOWN
2016-01-23T02:21:01.000000;2016-01-23T02:21:01.000000;3379933d-9ea9-4e06-aaf9-15f873529e32;387.85;17.5223;UNKNOWN
2016-01-23T02:21:01.000000;2016-01-23T02:21:01.000000;b8766947-fd28-425a-b9c0-03ea8f568cb5;388.0;0.1;UNKNOWN
2016-01-23T02:21:01.000000;2016-01-23T02:21:01.000000;9e6e6c6b-0ecf-464c-b63d-4aa1cc66854b;388.12;3.0;UNKNOWN
2016-01-23T02:21:01.000000;2016-01-23T02:21:01.000000;22356460-e6a5-4839-a614-4faa5305ddbd;388.08;0.054645;UNKNOWN
2016-01-23T02:21:01.000000;2016-01-23T02:21:01.000000;70bc4aff-4797-425f-bb1b-9f160658ebc0;388.11;0.5;UNKNOWN
2016-01-23T02:21:01.000000;2016-01-23T02:21:01.000000;2f9559e8-9058-47d2-8dde-10b1a7a0bf6b;388.75;0.1;UNKNOWN
2016-01-23T02:21:01.000000;2016-01-23T02:21:01.000000;b0bbe139-e755-44d0-9483-fd82765c1bfb;388.65;0.26;UNKNOWN
2016-01-23T02:21:01.000000;2016-01-23T02:21:01.000000;018c9daf-5eef-4241-9a06-c2e1feacd2fe;388.04;12.0;UNKNOWN
2016-01-23T02:21:01.000000;2016-01-23T02:21:01.000000;4c254245-e07e-4893-b13f-9666e6992371;388.08;2.52;UNKNOWN
2016-01-23T02:21:01.000000;2016-01-23T02:21:01.000000;a90a173d-5dea-4d67-807b-a87ce94737d5;388.66;0.1;UNKNOWN
2016-01-23T02:21:01.000000;2016-01-23T02:21:01.000000;c893fd32-3fec-4ab0-be57-3af9aab420b1;388.1;6.4149;UNKNOWN
2016-01-23T02:21:01.000000;2016-01-23T02:21:01.000000;4344e47b-0d77-447d-a543-4be77dd9dbda;388.09;3.07;UNKNOWN
2016-01-23T02:21:01.000000;2016-01-23T02:21:01.000000;bd6370aa-478c-41fb-9482-8972b3117699;388.11;6.0;UNKNOWN
2016-01-23T02:21:01.000000;2016-01-23T02:21:01.000000;fb11f3a6-7e55-4666-bc0b-0502931f38a0;388.64;0.25;UNKNOWN
2016-01-23T02:21:01.000000;2016-01-23T02:21:01.000000;5a744a2d-14c6-42f9-bbf3-bc8887577c77;388.1;0.59;UNKNOWN
2016-01-23T02:21:28.000000;2016-01-23T02:21:28.000000;cdc66e4c-1262-4cc7-98df-317f1b4bc0c0;387.59;0.5757;UNKNOWN
2016-01-23T02:21:28.000000;2016-01-23T02:21:28.000000;85095984-b69a-4077-8caf-c6a7ff11b1ab;387.6;6.4243;UNKNOWN
2016-01-23T02:21:41.000000;2016-01-23T02:21:41.000000;3eb127d3-e7e2-4891-a05b-329475e53a06;388.04;0.273086;UNKNOWN
2016-01-23T02:21:41.000000;2016-01-23T02:21:41.000000;dbe794c9-16be-4de4-a979-4bb2c6cf6c9c;387.85;0.029914;UNKNOWN
2016-01-23T02:21:44.000000;2016-01-23T02:21:44.000000;7b5ef02c-18cd-467b-aae6-6c0bf3e9ba33;387.59;0.013599;UNKNOWN
2016-01-23T02:21:54.000000;2016-01-23T02:21:54.000000;b82c6fd3-d974-48e5-9be4-dd99c8f06d91;387.6;3.0;UNKNOWN
2016-01-23T02:22:17.000000;2016-01-23T02:22:17.000000;6b322597-6e31-4360-8a72-7164bd97cf7e;387.95;0.077;UNKNOWN
2016-01-23T02:22:39.000000;2016-01-23T02:22:39.000000;ff4b1841-494d-4b08-bf06-ba2c5e77446b;387.89;0.1;UNKNOWN
2016-01-23T02:22:39.000000;2016-01-23T02:22:39.000000;3850faa4-78fc-4a7b-98a7-d0846b60c702;387.99;0.012577;UNKNOWN
2016-01-23T02:22:39.000000;2016-01-23T02:22:39.000000;a2214cbb-bd86-49a3-b2b5-254af8efab5e;387.9;0.5;UNKNOWN
2016-01-23T02:22:39.000000;2016-01-23T02:22:39.000000;a3b7c44d-6c58-4809-8ff4-5493972b721c;387.9;0.2269;UNKNOWN
2016-01-23T02:22:39.000000;2016-01-23T02:22:39.000000;4bf23808-17ca-4562-a397-d79cc874cea6;387.88;6.3999;UNKNOWN
2016-01-23T02:22:45.000000;2016-01-23T02:22:45.000000;1d0c1183-f4d8-446d-8498-165b6cc559c4;387.99;9.156323;UNKNOWN
2016-01-23T02:22:54.000000;2016-01-23T02:22:54.000000;2d95001d-2de5-41be-aa99-03d38b3c3331;387.9;0.019;UNKNOWN
2016-01-23T02:23:32.000000;2016-01-23T02:23:32.000000;f9313556-529d-4932-a433-119e8098f14f;387.86;5.0;UNKNOWN
2016-01-23T02:24:06.000000;2016-01-23T02:24:06.000000;d6597575-3581-4186-b3a5-6d8af45c31a1;387.7;0.03542973;UNKNOWN
2016-01-23T02:24:41.000000;2016-01-23T02:24:41.000000;b5ef7b8b-6df0-4415-829b-7d875aab7191;387.82;0.6376;UNKNOWN
2016-01-23T02:24:52.000000;2016-01-23T02:24:52.000000;c528fdcc-9c0f-45a1-8a4c-495b76ab8ff9;387.7;6.4314;UNKNOWN
2016-01-23T02:24:52.000000;2016-01-23T02:24:52.000000;5009c672-99d7-43b5-8415-c80cde9709d3;387.71;0.1;UNKNOWN
2016-01-23T02:25:05.000000;2016-01-23T02:25:05.000000;47e14f7b-7036-4843-9416-60cf4a68e6ab;388.0;25.0;UNKNOWN
2016-01-23T02:25:05.000000;2016-01-23T02:25:05.000000;4fb2c333-8451-43a1-b511-1d5e4cba0560;388.0;10.85486867;UNKNOWN
2016-01-23T02:25:05.000000;2016-01-23T02:25:05.000000;f40ed752-7afa-4c36-bfc0-e9a70f251216;387.9;1.824677;UNKNOWN
2016-01-23T02:25:05.000000;2016-01-23T02:25:05.000000;9b2f4ba7-a0e6-4b62-9caa-99a370d8357e;387.86;6.0;UNKNOWN
2016-01-23T02:25:05.000000;2016-01-23T02:25:05.000000;725ae7cd-efa4-4279-80c7-a87a8ea0e57c;387.85;6.407;UNKNOWN
2016-01-23T02:25:05.000000;2016-01-23T02:25:05.000000;085a1f28-4a74-4c35-9c26-4a14debe8541;387.7;2.4686;UNKNOWN
2016-01-23T02:25:05.000000;2016-01-23T02:25:05.000000;02e819d1-1ac9-4efa-8aa3-49eb856f7c07;387.74;0.1;UNKNOWN
2016-01-23T02:25:05.000000;2016-01-23T02:25:05.000000;b39b7e20-0541-4c9f-9dc3-47b4cfecb9b9;387.9;11.0;UNKNOWN
2016-01-23T02:25:05.000000;2016-01-23T02:25:05.000000;6c914f67-806f-418d-860b-fa6e76898a87;387.89;11.0;UNKNOWN
2016-01-23T02:25:05.000000;2016-01-23T02:25:05.000000;2e4c81b4-9727-4150-a1f0-cdb50ace5431;387.81;0.012047;UNKNOWN
2016-01-23T02:25:05.000000;2016-01-23T02:25:05.000000;6bd971cf-d615-407d-b0bd-3005972b8afe;387.7;9.0;UNKNOWN
2016-01-23T02:25:13.000000;2016-01-23T02:25:13.000000;0b18de49-c1cb-44d6-b722-5be4db9b2f07;387.7;0.64331;UNKNOWN
2016-01-23T02:25:14.000000;2016-01-23T02:25:14.000000;3acbda63-ec8a-4d1b-92ef-8cb7b2cc808c;388.0;0.1;UNKNOWN
2016-01-23T02:25:14.000000;2016-01-23T02:25:14.000000;87eb5927-08a8-4838-ab49-13cc7ce9474f;387.99;0.022845;UNKNOWN
2016-01-23T02:25:14.000000;2016-01-23T02:25:14.000000;30d1cdde-ea7e-4396-a2c1-b2094e5c4336;388.0;0.14513133;UNKNOWN
2016-01-23T02:25:14.000000;2016-01-23T02:25:14.000000;9371d7d6-abba-4c30-8060-1cb28a158ec1;388.1;6.50643814;UNKNOWN
2016-01-23T02:26:02.000000;2016-01-23T02:26:02.000000;0f044628-6384-4285-ae7f-7a104bf50c07;388.0;0.05;UNKNOWN
2016-01-23T02:26:10.000000;2016-01-23T02:26:10.000000;93dd459d-82d5-4ca0-9023-60be157f9c36;388.0;1.0;UNKNOWN
2016-01-23T02:26:35.000000;2016-01-23T02:26:35.000000;9e41714a-1003-4d1c-9d21-59fae592aa28;388.1;0.02;UNKNOWN
2016-01-23T02:27:06.000000;2016-01-23T02:27:06.000000;f38f9065-a053-4bb1-a75e-2e78a8a1bbe3;388.06;0.9964635;UNKNOWN
2016-01-23T02:27:12.000000;2016-01-23T02:27:12.000000;33329ba0-6ca7-4944-9069-258c1415ae9d;388.19;6.0;UNKNOWN
2016-01-23T02:27:12.000000;2016-01-23T02:27:12.000000;90db3b2f-6d82-4545-a4d7-3f0b34d4065a;388.09;3.0;UNKNOWN
2016-01-23T02:27:12.000000;2016-01-23T02:27:12.000000;2f6d49ba-8a43-45ae-ab4d-27ac41995dd1;388.1;4.47356186;UNKNOWN
2016-01-23T02:27:12.000000;2016-01-23T02:27:12.000000;2a85c7fa-d030-4ae4-85d0-f115ce0b3539;388.08;0.65;UNKNOWN
2016-01-23T02:27:12.000000;2016-01-23T02:27:12.000000;69e2715f-1809-4cca-b664-97c97c480d92;388.2;3.04722438;UNKNOWN
2016-01-23T02:27:16.000000;2016-01-23T02:27:16.000000;73959f9c-511c-463e-bbf3-317bbfdadab9;388.06;1.45610752;UNKNOWN
2016-01-23T02:27:36.000000;2016-01-23T02:27:36.000000;1b072937-0066-4fc7-9f5a-ee9056cf8c6d;388.07;0.1;UNKNOWN
2016-01-23T02:27:36.000000;2016-01-23T02:27:36.000000;64850497-4dc8-4b92-8daf-e8e105980de8;388.06;1.85802;UNKNOWN
2016-01-23T02:27:39.000000;2016-01-23T02:27:39.000000;875a0815-1fa6-4adc-97cd-770b495ca64e;388.06;0.7344282;UNKNOWN
2016-01-23T02:28:03.000000;2016-01-23T02:28:03.000000;759124dd-2da4-47a4-a99b-0eb66b018396;388.06;8.35498078;UNKNOWN
2016-01-23T02:28:06.000000;2016-01-23T02:28:06.000000;6b71d9cd-1284-42b5-9a4c-b6a21a30e672;388.2;5.95277562;UNKNOWN
2016-01-23T02:28:06.000000;2016-01-23T02:28:06.000000;7f8fe96e-b0b5-48ae-bb24-e4f8677d670f;388.1;9.0;UNKNOWN
2016-01-23T02:28:06.000000;2016-01-23T02:28:06.000000;454f9771-becc-4b54-9251-eac7eb1e7213;388.18;0.16;UNKNOWN
2016-01-23T02:28:06.000000;2016-01-23T02:28:06.000000;487b0f70-686e-438d-aaeb-ef39859b4003;387.99;6.367;UNKNOWN
2016-01-23T02:28:06.000000;2016-01-23T02:28:06.000000;04edeb79-ba9c-426e-a826-df6e9d611838;388.0;0.64501922;UNKNOWN
2016-01-23T02:28:06.000000;2016-01-23T02:28:06.000000;aa8914f9-644d-4a51-a6cd-9167b0b25003;388.3;9.0;UNKNOWN
2016-01-23T02:28:06.000000;2016-01-23T02:28:06.000000;4469193b-dd61-47aa-9b37-61eb71200351;388.0;9.0;UNKNOWN
2016-01-23T02:28:06.000000;2016-01-23T02:28:06.000000;55a76828-047d-4a36-8380-0a6f58536c28;388.46;1.23107085;UNKNOWN
2016-01-23T02:28:06.000000;2016-01-23T02:28:06.000000;7548a5a1-ace8-46f6-987b-7e0c8020c6a5;388.19;0.1;UNKNOWN
2016-01-23T02:29:06.000000;2016-01-23T02:29:06.000000;fe625b2a-3329-4f33-a234-2ee1b14c4c9b;388.1;5.0;UNKNOWN
2016-01-23T02:29:06.000000;2016-01-23T02:29:06.000000;ab8a30a8-d5b6-46cc-a183-7320510c78d9;388.2;3.24182541;UNKNOWN
2016-01-23T02:29:06.000000;2016-01-23T02:29:06.000000;429cee06-c4cc-4071-895f-30a345c4cb7f;388.09;0.1;UNKNOWN
2016-01-23T02:29:07.000000;2016-01-23T02:29:07.000000;125a1d19-d8c6-4b08-9d52-a87cdb66acfd;388.5;9.0;UNKNOWN
2016-01-23T02:29:07.000000;2016-01-23T02:29:07.000000;412fa770-c4a2-4b84-8f4e-d3401b7c0ffe;388.3;9.0;UNKNOWN
2016-01-23T02:29:07.000000;2016-01-23T02:29:07.000000;e6c23724-9f46-47c1-8217-274651339e14;388.4;9.0;UNKNOWN
2016-01-23T02:29:07.000000;2016-01-23T02:29:07.000000;17ec9e30-4fa9-4c41-9b24-3ada5a4e4648;388.2;1.75817459;UNKNOWN
2016-01-23T02:29:07.000000;2016-01-23T02:29:07.000000;8e3feccc-9274-43b4-929d-90c1f5ce637c;388.6;8.09396034;UNKNOWN
2016-01-23T02:29:43.000000;2016-01-23T02:29:43.000000;dc3d54ff-5a8a-4882-bfcc-fc999656c724;388.24;0.1;UNKNOWN
2016-01-23T02:29:43.000000;2016-01-23T02:29:43.000000;56004c61-a0bb-4f62-a1ef-26b025ec6a0f;388.2;2.74001205;UNKNOWN
2016-01-23T02:29:51.000000;2016-01-23T02:29:51.000000;6a8bd266-e011-4e53-a0c4-6ca624401972;388.7;0.90986034;UNKNOWN
2016-01-23T02:29:51.000000;2016-01-23T02:29:51.000000;fabca046-5433-4378-bee4-54121f71e82d;388.6;0.90603966;UNKNOWN
2016-01-23T02:29:51.000000;2016-01-23T02:29:51.000000;d84d1a75-eaf4-4d0e-914f-a4c3c222794b;388.59;6.4341;UNKNOWN
2016-01-23T02:30:10.000000;2016-01-23T02:30:10.000000;391ca124-7524-4f81-b71e-4480684eda6d;388.59;0.1666;UNKNOWN
2016-01-23T02:30:10.000000;2016-01-23T02:30:10.000000;cc8fa253-85f0-4339-8d0e-f009fcbf0614;388.7;2.82841838;UNKNOWN
2016-01-23T02:30:50.000000;2016-01-23T02:30:50.000000;d0600df0-9f06-4aad-800d-a7e1df513c54;388.5;15.0;UNKNOWN
2016-01-23T02:30:52.000000;2016-01-23T02:30:52.000000;f51ad22e-ac78-409f-aafe-39b8d220f5f5;388.5;10.0;UNKNOWN
2016-01-23T02:31:48.000000;2016-01-23T02:31:48.000000;c9d98985-0771-4a08-81a0-2eb3b6d5f9b4;388.5;0.9;UNKNOWN
2016-01-23T02:31:48.000000;2016-01-23T02:31:48.000000;06c042cd-b215-403e-9196-4dce450a8d81;388.49;0.1;UNKNOWN
2016-01-23T02:32:38.000000;2016-01-23T02:32:38.000000;62bb8416-9961-483c-8009-0b0375471d62;388.5;4.1;UNKNOWN
2016-01-23T02:32:38.000000;2016-01-23T02:32:38.000000;668c5bbb-bb2e-4f45-b540-598edf20a6f6;388.5;5.9;UNKNOWN
2016-01-23T02:32:42.000000;2016-01-23T02:32:42.000000;d19d5775-6ae6-45a2-a16a-9e24f47374bb;388.5;0.08940906;UNKNOWN
2016-01-23T02:33:57.000000;2016-01-23T02:33:57.000000;527b4f6c-edcb-4087-8321-54a68f022f1e;388.42;0.4289;UNKNOWN
2016-01-23T02:33:57.000000;2016-01-23T02:33:57.000000;bfdbd586-4a17-400c-a9ea-2f979b23f3c2;388.42;0.1;UNKNOWN
2016-01-23T02:34:56.000000;2016-01-23T02:34:56.000000;a4c9667d-548e-4f95-937b-25ae3a146c30;388.41;3.85;UNKNOWN
2016-01-23T02:35:42.000000;2016-01-23T02:35:42.000000;6f220319-302c-4e02-9b21-7312768be94f;388.16;0.1;UNKNOWN
2016-01-23T02:35:42.000000;2016-01-23T02:35:42.000000;491775b0-7e62-4bc1-a76d-41ca464a9bd9;388.17;0.1;UNKNOWN
2016-01-23T02:35:42.000000;2016-01-23T02:35:42.000000;78028c1d-fea9-407f-b821-54180d1dcf7d;388.16;3.8;UNKNOWN
2016-01-23T02:36:13.000000;2016-01-23T02:36:13.000000;4a1fc62c-ba58-4640-aafe-8e05f0da63e7;387.81;0.05153291;UNKNOWN
2016-01-23T02:36:33.000000;2016-01-23T02:36:33.000000;359ebccd-9dc6-4c96-baf9-89139d0b3f09;387.69;0.5153291;UNKNOWN
2016-01-23T02:37:23.000000;2016-01-23T02:37:23.000000;cba3271f-5b7e-4a16-9f32-e2da4ba1ef40;388.4;1.73056708;UNKNOWN
2016-01-23T02:37:23.000000;2016-01-23T02:37:23.000000;dadde0ce-b594-4295-8a16-d24e461dc8d2;388.17;6.3905;UNKNOWN
2016-01-23T02:37:23.000000;2016-01-23T02:37:23.000000;21ae3091-ebb0-42b2-beb7-f129a2401dfa;388.17;0.1;UNKNOWN
2016-01-23T02:38:13.000000;2016-01-23T02:38:13.000000;61a1d919-bee9-4faa-91f6-a43905ebc0b3;388.13;1.27135882;UNKNOWN
2016-01-23T02:39:06.000000;2016-01-23T02:39:06.000000;f2b8249a-56e8-4e1f-ae95-bbd7e996c470;387.89;0.02986137;UNKNOWN
2016-01-23T02:39:12.000000;2016-01-23T02:39:12.000000;32619c3f-a94c-4078-aac6-eb8d53544643;388.44;0.05;UNKNOWN
2016-01-23T02:40:06.000000;2016-01-23T02:40:06.000000;bd575d0f-cded-43c9-94fe-4e21e0ec0329;387.72;0.035905;UNKNOWN
2016-01-23T02:41:05.000000;2016-01-23T02:41:05.000000;c18f97bb-879b-48aa-a42c-9bedc2acc9cd;388.01;0.01;UNKNOWN
2016-01-23T02:42:52.000000;2016-01-23T02:42:52.000000;61415b5b-4e0a-4bda-90e7-44ae49195690;388.13;0.1;UNKNOWN
2016-01-23T02:42:52.000000;2016-01-23T02:42:52.000000;bb86b2de-abdb-4728-8733-00e0c19eb513;388.14;0.5;UNKNOWN
2016-01-23T02:42:52.000000;2016-01-23T02:42:52.000000;04bd0a0e-20ac-49cd-a71d-e93a86719686;388.14;2.4;UNKNOWN
2016-01-23T02:42:57.000000;2016-01-23T02:42:57.000000;bdd474fc-58ce-45f3-84d5-813de932c609;388.13;2.5;UNKNOWN
2016-01-23T02:42:57.000000;2016-01-23T02:42:57.000000;c0d9b6ca-0c01-4bd9-bec3-b468bd958c9e;388.13;0.5;UNKNOWN
2016-01-23T02:43:05.000000;2016-01-23T02:43:05.000000;db915391-a785-4b96-9d43-06a6170ef342;388.47;3.0;UNKNOWN
2016-01-23T02:43:05.000000;2016-01-23T02:43:05.000000;2e30acc8-4a69-4f50-8ee2-717ea51dee9b;388.48;3.99881686;UNKNOWN
2016-01-23T02:43:05.000000;2016-01-23T02:43:05.000000;f3a508bc-851e-4470-8225-e12e895b876f;388.47;0.5;UNKNOWN
2016-01-23T02:43:46.000000;2016-01-23T02:43:46.000000;e89d19fe-909c-4f19-ad6f-e4103cd90642;387.94;0.109;UNKNOWN
2016-01-23T02:43:47.000000;2016-01-23T02:43:47.000000;d81acab7-2017-4fc6-a745-0cc22a2bd404;388.49;1.0;UNKNOWN
2016-01-23T02:44:05.000000;2016-01-23T02:44:05.000000;18c9aebd-0798-44d6-af51-042c81ea7895;388.39;1.7;UNKNOWN
2016-01-23T02:44:17.000000;2016-01-23T02:44:17.000000;304d1000-c2cc-4b17-8eeb-2f8868a51dc9;388.5;9.01059094;UNKNOWN
2016-01-23T02:44:17.000000;2016-01-23T02:44:17.000000;0c78af49-0ece-47fa-b2f8-fc71e231ee2e;388.57;6.63500906;UNKNOWN
2016-01-23T02:44:17.000000;2016-01-23T02:44:17.000000;dfc0c9bc-3515-424b-8117-d80bd0530cd9;388.39;6.3544;UNKNOWN
2016-01-23T02:44:17.000000;2016-01-23T02:44:17.000000;09eec783-7950-4932-8932-c0e371923aae;388.4;18.0;UNKNOWN
2016-01-23T02:44:27.000000;2016-01-23T02:44:27.000000;d82e3fcc-90c5-4af5-a9aa-a63e493c1051;388.6;10.0;UNKNOWN
2016-01-23T02:44:30.000000;2016-01-23T02:44:30.000000;a1b044b1-a12f-4646-acde-55e9abe29f5d;388.6;5.0;UNKNOWN
2016-01-23T02:44:30.000000;2016-01-23T02:44:30.000000;09ad42c1-d78b-45a0-ac34-d82853fb354e;388.68;3.30483141;UNKNOWN
2016-01-23T02:44:40.000000;2016-01-23T02:44:40.000000;b2f0d002-e98b-4071-ba23-31daa66eb090;388.2;5.0;UNKNOWN
2016-01-23T02:46:51.000000;2016-01-23T02:46:51.000000;9c5744cd-6ad9-4a64-a47a-35503722cb4e;388.3;0.016;UNKNOWN
2016-01-23T02:46:51.000000;2016-01-23T02:46:51.000000;e80c4998-61a0-496b-9a9b-85732de8ae63;388.25;3.0;UNKNOWN
2016-01-23T02:47:01.000000;2016-01-23T02:47:01.000000;3801d414-b5f0-498d-a6a8-97cd0ae7c643;388.29;5.0;UNKNOWN
2016-01-23T02:47:08.000000;2016-01-23T02:47:08.000000;f628d937-5506-427e-a5a2-bd44542b5225;388.25;4.9;UNKNOWN
2016-01-23T02:47:08.000000;2016-01-23T02:47:08.000000;83b97b4d-c446-44ef-83e6-75a23e3f7a7f;388.25;0.1;UNKNOWN
2016-01-23T02:47:18.000000;2016-01-23T02:47:18.000000;99ebffe5-1579-40bb-bb0b-3eb67e344bb0;388.5;1.96782409;UNKNOWN
2016-01-23T02:47:33.000000;2016-01-23T02:47:33.000000;e68e8759-8cb7-4a22-b991-d9c0d190e9d3;388.28;1.5;UNKNOWN
2016-01-23T02:47:33.000000;2016-01-23T02:47:33.000000;67f246e8-c457-4d4f-bba7-c5b4928cb1d8;388.29;3.0;UNKNOWN
2016-01-23T02:47:33.000000;2016-01-23T02:47:33.000000;913a6d2f-3597-4161-8eaa-06ad9a3f8902;388.29;0.5;UNKNOWN
2016-01-23T02:48:03.000000;2016-01-23T02:48:03.000000;bd6a6aaa-6e53-438f-841d-524825bf6421;388.1;0.05161927;UNKNOWN
2016-01-23T02:48:05.000000;2016-01-23T02:48:05.000000;3ea408b1-1c20-4b86-9238-5b15308f1e1b;388.45;1.00826946;UNKNOWN
2016-01-23T02:48:05.000000;2016-01-23T02:48:05.000000;1e6e0b42-978c-4486-8f78-72ea3aa916fe;388.45;0.5;UNKNOWN
2016-01-23T02:48:09.000000;2016-01-23T02:48:09.000000;1988fea0-8aef-45e6-9766-8a53a72c2887;388.1;0.025;UNKNOWN
2016-01-23T02:49:23.000000;2016-01-23T02:49:23.000000;1a5749ad-20c1-42d9-bbf3-b196c115f454;388.52;0.05;UNKNOWN
2016-01-23T02:49:37.000000;2016-01-23T02:49:37.000000;c242061f-7355-49fa-967a-955282500971;388.13;0.46566087;UNKNOWN
2016-01-23T02:49:37.000000;2016-01-23T02:49:37.000000;a97fb7f2-0647-461a-b369-1ae9081769f5;388.69;1.63433913;UNKNOWN
2016-01-23T02:49:37.000000;2016-01-23T02:49:37.000000;3e5a1be5-7de2-4718-b535-b3f391af0cd4;388.16;0.1;UNKNOWN
2016-01-23T02:50:38.000000;2016-01-23T02:50:38.000000;6c6a556a-1bf2-493a-b94d-d18096a096d5;388.7;1.6436;UNKNOWN
2016-01-23T02:50:38.000000;2016-01-23T02:50:38.000000;f5e35b43-60ca-44c1-bcce-a61b65e1a31f;388.6;1.0;UNKNOWN
2016-01-23T02:51:14.000000;2016-01-23T02:51:14.000000;3e91001c-84af-48d6-a537-2b88832a725d;388.35;6.0;UNKNOWN
2016-01-23T02:51:14.000000;2016-01-23T02:51:14.000000;8163c690-c2e3-4347-8424-22726a90c90b;388.36;3.0;UNKNOWN
2016-01-23T02:51:14.000000;2016-01-23T02:51:14.000000;3e948ce9-0e2c-44c7-96d0-238ccced8fa2;388.22;1.4751;UNKNOWN
2016-01-23T02:51:14.000000;2016-01-23T02:51:14.000000;81283cd1-1142-4925-ba63-58fde6ab26db;388.27;8.0;UNKNOWN
2016-01-23T02:51:14.000000;2016-01-23T02:51:14.000000;74ec995f-c064-4938-9126-873332bdbe9b;388.36;0.1;UNKNOWN
2016-01-23T02:51:14.000000;2016-01-23T02:51:14.000000;c9db0e8f-0207-458d-a287-15cd011f3a12;388.34;6.4249;UNKNOWN
2016-01-23T02:51:53.000000;2016-01-23T02:51:53.000000;de44e501-5023-48ee-b1be-f5691ed43ade;388.42;6.4229;UNKNOWN
2016-01-23T02:51:53.000000;2016-01-23T02:51:53.000000;a87aee7f-1114-4ea2-aed3-7296058c795f;388.39;0.5;UNKNOWN
2016-01-23T02:51:53.000000;2016-01-23T02:51:53.000000;ddd8949d-3890-4bc9-bbd3-dd73c9cc4b06;388.4;1.0;UNKNOWN
2016-01-23T02:51:53.000000;2016-01-23T02:51:53.000000;9d7f0a54-5581-4dab-9679-52b6eb4090fd;388.41;6.0;UNKNOWN
2016-01-23T02:51:55.000000;2016-01-23T02:51:55.000000;2f20e5e6-6049-4706-b2bb-6377e31524de;388.48;0.1;UNKNOWN
2016-01-23T02:52:10.000000;2016-01-23T02:52:10.000000;64e285de-0ad6-4ba7-9095-c2204d8ed88a;388.5;0.1;UNKNOWN
2016-01-23T02:52:10.000000;2016-01-23T02:52:10.000000;fbbfbaab-6b70-4a52-a645-4bbf60d03766;388.49;1.23;UNKNOWN
2016-01-23T02:52:57.000000;2016-01-23T02:52:57.000000;858fbe39-5a85-464f-9058-9b1bef1fed1e;388.68;0.5;UNKNOWN
2016-01-23T02:52:57.000000;2016-01-23T02:52:57.000000;cd6a7ec4-da8c-4b62-9c4a-55b4da125fea;388.67;0.1;UNKNOWN
2016-01-23T02:52:57.000000;2016-01-23T02:52:57.000000;a6ff7c08-c302-4eda-9821-4ed54bb5be5a;388.69;0.74587456;UNKNOWN
2016-01-23T02:53:01.000000;2016-01-23T02:53:01.000000;af8810c9-4cb5-4f32-906a-cfbfd1e1ea80;388.69;0.2;UNKNOWN
2016-01-23T02:53:01.000000;2016-01-23T02:53:01.000000;487bf9d5-bfce-45cc-8709-51dc5a8e0a6e;388.68;0.5;UNKNOWN
2016-01-23T02:54:33.000000;2016-01-23T02:54:33.000000;ca2a1ebc-6e89-4445-b610-3f6e660a0d2f;388.48;0.0229;UNKNOWN
2016-01-23T02:54:33.000000;2016-01-23T02:54:33.000000;be831709-fe03-45ae-9931-9c82e47a1a8b;388.48;0.9771;UNKNOWN
2016-01-23T02:55:07.000000;2016-01-23T02:55:07.000000;e4b1df52-9b82-446c-99f0-85e3c6878f30;388.37;0.5;UNKNOWN
2016-01-23T02:55:07.000000;2016-01-23T02:55:07.000000;0e879a2c-7c06-4f08-a229-5086175a4c7b;388.38;2.50393012;UNKNOWN
2016-01-23T02:55:46.000000;2016-01-23T02:55:46.000000;5690394f-10f2-4ae2-a15f-53ff1eb920f5;388.34;0.05;UNKNOWN
2016-01-23T02:56:04.000000;2016-01-23T02:56:04.000000;7ab97572-86cd-4d0e-b376-302e5234e61a;387.73;0.1;UNKNOWN
2016-01-23T02:56:05.000000;2016-01-23T02:56:05.000000;350bc615-8337-4592-b34a-a80da4ad2c1e;388.28;0.1;UNKNOWN
2016-01-23T02:56:05.000000;2016-01-23T02:56:05.000000;e97f2304-b566-41ee-9358-663929a107f1;388.29;1.47919892;UNKNOWN
2016-01-23T02:56:20.000000;2016-01-23T02:56:20.000000;5a413a13-898a-4a25-9973-e4a2b5ebbb72;387.79;0.1;UNKNOWN
2016-01-23T02:57:46.000000;2016-01-23T02:57:46.000000;525b5b0a-4d3e-4ae7-a5f6-06d907220bf2;387.44;0.22309985;UNKNOWN
2016-01-23T02:57:56.000000;2016-01-23T02:57:56.000000;909e3f30-8c23-4d83-a6bd-f19ecc8f10ab;387.44;0.8406;UNKNOWN
2016-01-23T02:58:53.000000;2016-01-23T02:58:53.000000;37754f83-54fb-40ff-a274-1a6ee132f593;387.45;0.1;UNKNOWN
2016-01-23T02:58:53.000000;2016-01-23T02:58:53.000000;e195ce33-7822-450a-90b1-30751a4db810;387.44;0.4;UNKNOWN
2016-01-23T02:59:06.000000;2016-01-23T02:59:06.000000;aa4e1e23-20c9-4fcb-9776-f1e2cce16376;387.44;0.35538988;UNKNOWN
2016-01-23T02:59:16.000000;2016-01-23T02:59:16.000000;c2c80e59-6709-4638-a7cd-ef208dfe642b;387.43;0.3862;UNKNOWN
2016-01-23T02:59:47.000000;2016-01-23T02:59:47.000000;cd769cde-5623-489b-ba06-3aec83be760e;387.25;0.3;UNKNOWN
2016-01-23T02:59:47.000000;2016-01-23T02:59:47.000000;8c70d8a1-66cf-4082-b628-7e3891b127ab;387.43;1.5811;UNKNOWN
2016-01-23T02:59:47.000000;2016-01-23T02:59:47.000000;9453d600-118f-4d57-b83a-b85cde9591cf;387.08;3.1189;UNKNOWN
2016-01-23T02:59:47.000000;2016-01-23T02:59:47.000000;119ceca1-b740-4e49-a0da-171b8a5081c3;387.08;3.0;UNKNOWN
2016-01-23T03:00:01.000000;2016-01-23T03:00:01.000000;4454207f-55c1-49c7-91fc-61ca5b585d3a;386.84;2.5;UNKNOWN
2016-01-23T03:02:13.000000;2016-01-23T03:02:13.000000;5d220170-8204-4f0d-8ffa-943a1b650918;386.84;0.09565597;UNKNOWN
2016-01-23T03:04:05.000000;2016-01-23T03:04:05.000000;e732066b-2618-4fdb-a58e-a8ef54b3f376;386.65;0.1;UNKNOWN
2016-01-23T03:04:05.000000;2016-01-23T03:04:05.000000;cd251da0-d25e-47d9-a225-49d7a004efe9;386.84;0.03;UNKNOWN
2016-01-23T03:04:05.000000;2016-01-23T03:04:05.000000;c1ef2835-15a9-490f-ab35-153e1dd6ce0d;386.64;0.89209293;UNKNOWN
2016-01-23T03:07:06.000000;2016-01-23T03:07:06.000000;c9a4fb37-1f91-41e6-a51f-4f96f5bc4872;387.29;1.1;UNKNOWN
2016-01-23T03:07:06.000000;2016-01-23T03:07:06.000000;58024ed6-121b-4874-954c-f8cc52ed3fd9;386.91;0.1;UNKNOWN
2016-01-23T03:07:54.000000;2016-01-23T03:07:54.000000;f863ce89-e370-4876-8879-597e7a706279;386.97;2.68444471;UNKNOWN
2016-01-23T03:07:54.000000;2016-01-23T03:07:54.000000;59564492-d9a9-46ca-8e7e-5d596e2875ac;387.28;0.3212;UNKNOWN
2016-01-23T03:07:54.000000;2016-01-23T03:07:54.000000;0bbf847d-9f1d-41d9-8ba1-64d3ef4d5061;387.24;0.1;UNKNOWN
2016-01-23T03:08:06.000000;2016-01-23T03:08:06.000000;7a7c99dd-5bac-44b5-8ac1-8202fc1b9018;387.23;1.0;UNKNOWN
2016-01-23T03:08:07.000000;2016-01-23T03:08:07.000000;66c93a14-3092-4104-9ea3-a2b58d2ef134;387.23;2.25544069;UNKNOWN
2016-01-23T03:09:02.000000;2016-01-23T03:09:02.000000;f2c3d9fc-5ce7-4f96-9990-18c4487114e6;387.29;0.5;UNKNOWN
2016-01-23T03:09:02.000000;2016-01-23T03:09:02.000000;388fdb05-7be7-49ca-8174-f70a8dd35ee3;387.29;3.0;UNKNOWN
2016-01-23T03:09:15.000000;2016-01-23T03:09:15.000000;1b5bd82b-0444-45da-82f7-b0dfe60696ab;387.3;1.40008601;UNKNOWN
2016-01-23T03:10:40.000000;2016-01-23T03:10:40.000000;b820b7eb-4963-41ce-952b-4455e1842ce2;387.49;0.1;UNKNOWN
2016-01-23T03:10:40.000000;2016-01-23T03:10:40.000000;bd0dc5b1-b184-41b1-877f-0c4160bd0f24;387.49;6.3722;UNKNOWN
2016-01-23T03:10:42.000000;2016-01-23T03:10:42.000000;a618f1b3-7e0e-45b0-adeb-b0ce29141e94;387.5;1.0;UNKNOWN
2016-01-23T03:11:13.000000;2016-01-23T03:11:13.000000;3dfb7552-36ba-49dc-a6bd-e6c42e059214;387.49;0.35718855;UNKNOWN
2016-01-23T03:11:29.000000;2016-01-23T03:11:29.000000;57479af7-ea4d-46df-a4ff-1e30c8c0b847;387.5;0.18553683;UNKNOWN
2016-01-23T03:11:39.000000;2016-01-23T03:11:39.000000;17f2e3cc-91c9-4511-8949-c418246ebd70;387.49;0.3933;UNKNOWN
2016-01-23T03:11:43.000000;2016-01-23T03:11:43.000000;31d353b5-60af-4eec-83df-9ffda6653b0a;387.49;0.02584562;UNKNOWN
2016-01-23T03:12:05.000000;2016-01-23T03:12:05.000000;48d1fa2f-cc3a-498a-8742-c8d1d4982e44;387.49;0.27679223;UNKNOWN
2016-01-23T03:12:11.000000;2016-01-23T03:12:11.000000;d24d9c67-c906-4ee7-8c64-36d48d94910c;387.49;2.0;UNKNOWN
2016-01-23T03:12:37.000000;2016-01-23T03:12:37.000000;b5a81f15-37fe-48bf-995b-a814f3e6bca8;387.5;2.58;UNKNOWN
2016-01-23T03:12:41.000000;2016-01-23T03:12:41.000000;e75bcb11-8512-4d5f-b218-0c68686a112b;386.93;1.24318281;UNKNOWN
2016-01-23T03:12:41.000000;2016-01-23T03:12:41.000000;19b7f325-8dde-4079-98a1-d9a9a0eca126;387.45;0.1;UNKNOWN
2016-01-23T03:12:51.000000;2016-01-23T03:12:51.000000;9b488b03-42ae-47d2-995c-b51440b9406e;386.94;0.0197;UNKNOWN
2016-01-23T03:16:47.000000;2016-01-23T03:16:47.000000;0e4a3d6b-03bb-48c5-b1ec-13ea92daa8d0;387.0;0.8;UNKNOWN
2016-01-23T03:16:47.000000;2016-01-23T03:16:47.000000;cde95549-678e-40f9-9f82-dda1a958a98f;387.0;0.2026;UNKNOWN
2016-01-23T03:19:22.000000;2016-01-23T03:19:22.000000;c378bda9-053b-4b50-bd5f-d453f7f22826;386.84;0.048;UNKNOWN
2016-01-23T03:19:29.000000;2016-01-23T03:19:29.000000;5ac5e94d-37b3-498b-9735-a077ec4f2879;385.68;12.6941;UNKNOWN
2016-01-23T03:19:29.000000;2016-01-23T03:19:29.000000;1c834b40-17f7-488e-916c-87d51fa00386;385.83;14.732;UNKNOWN
2016-01-23T03:19:29.000000;2016-01-23T03:19:29.000000;b4de817a-24cc-48ae-bcfb-4aa5cb313074;386.01;14.6493;UNKNOWN
2016-01-23T03:19:29.000000;2016-01-23T03:19:29.000000;3b3739fd-4daa-49e2-a382-248928c3b271;386.04;13.7748;UNKNOWN
2016-01-23T03:19:29.000000;2016-01-23T03:19:29.000000;5432a941-7126-42f8-926a-80904559787f;386.11;0.5;UNKNOWN
2016-01-23T03:19:29.000000;2016-01-23T03:19:29.000000;8e41caf3-e4a4-419d-980b-2cb825053aef;385.81;0.05;UNKNOWN
2016-01-23T03:19:29.000000;2016-01-23T03:19:29.000000;6230a5ff-92f3-4b59-ba4a-67ee8bf39300;386.15;0.05;UNKNOWN
2016-01-23T03:19:29.000000;2016-01-23T03:19:29.000000;5de03f80-d1fa-47c1-a010-2788416096b4;386.8;2.0;UNKNOWN
2016-01-23T03:19:29.000000;2016-01-23T03:19:29.000000;aeed2066-1403-424b-89a7-ef9d3387b3e0;386.79;0.1;UNKNOWN
2016-01-23T03:19:29.000000;2016-01-23T03:19:29.000000;efbc582c-0089-4d8f-b239-b92daa438213;386.04;6.4498;UNKNOWN
2016-01-23T03:19:37.000000;2016-01-23T03:19:37.000000;79149499-53fb-4f92-8285-57d16b5304b0;385.28;0.427963;UNKNOWN
2016-01-23T03:19:37.000000;2016-01-23T03:19:37.000000;ffb23910-e6ac-4493-a2ff-d1fc7f54f2d5;385.48;0.072037;UNKNOWN
2016-01-23T03:20:07.000000;2016-01-23T03:20:07.000000;a814c431-f928-48bb-82d4-78ea6158d9a4;385.0;0.38890015;UNKNOWN
2016-01-23T03:20:07.000000;2016-01-23T03:20:07.000000;ab292b98-2c27-41c2-8e5e-e42863abae5f;385.0;0.2;UNKNOWN
2016-01-23T03:20:07.000000;2016-01-23T03:20:07.000000;5f15c621-7619-4830-8dbb-4e6148bdfb32;385.0;3.0;UNKNOWN
2016-01-23T03:20:07.000000;2016-01-23T03:20:07.000000;485b4fbf-901d-4697-8607-be04fec0fbb9;385.0;0.22309985;UNKNOWN
2016-01-23T03:20:07.000000;2016-01-23T03:20:07.000000;4c5d8f39-c5f3-4f55-a214-7055cf32ee6c;385.04;0.05;UNKNOWN
2016-01-23T03:20:07.000000;2016-01-23T03:20:07.000000;bfe80a6a-6d52-4f1b-8389-4b8b3f00308c;385.03;0.05;UNKNOWN
2016-01-23T03:20:07.000000;2016-01-23T03:20:07.000000;7c2ac28a-6149-4a6a-ab63-a0f5e169602a;385.0;0.5;UNKNOWN
2016-01-23T03:20:18.000000;2016-01-23T03:20:18.000000;739763bd-f191-4143-bfc9-1fb4136900e1;384.83;8.551;UNKNOWN
2016-01-23T03:20:18.000000;2016-01-23T03:20:18.000000;5a531951-7862-4d26-895d-34c328857414;384.96;6.3913;UNKNOWN
2016-01-23T03:20:18.000000;2016-01-23T03:20:18.000000;f8530513-c13f-403f-b16d-601d3864c137;384.96;13.6821;UNKNOWN
2016-01-23T03:20:18.000000;2016-01-23T03:20:18.000000;b814e9aa-523d-47d8-bdff-c69191e90598;384.83;5.9;UNKNOWN
2016-01-23T03:20:18.000000;2016-01-23T03:20:18.000000;62d03f8a-d435-4fca-b970-67981b0f6525;384.9;0.5;UNKNOWN
2016-01-23T03:20:18.000000;2016-01-23T03:20:18.000000;64fee6b0-4984-406a-a958-99e4b851cdba;384.82;5.4756;UNKNOWN
2016-01-23T03:20:18.000000;2016-01-23T03:20:18.000000;56d0d405-05f1-4a84-9e1c-d65827b109ba;384.9;3.0;UNKNOWN
2016-01-23T03:21:05.000000;2016-01-23T03:21:05.000000;804fda40-9f96-410d-bbd4-3f16930633d0;386.01;0.5;UNKNOWN
2016-01-23T03:21:05.000000;2016-01-23T03:21:05.000000;2614f0f9-c596-45e2-873a-08f36310427c;386.02;0.5;UNKNOWN
2016-01-23T03:21:52.000000;2016-01-23T03:21:52.000000;27c7c53d-eb2f-4242-80ad-3b65634b4978;385.93;0.5;UNKNOWN
2016-01-23T03:21:52.000000;2016-01-23T03:21:52.000000;afb26a93-e397-48b8-99e3-0e59b4a5c54b;385.93;3.0;UNKNOWN
2016-01-23T03:21:52.000000;2016-01-23T03:21:52.000000;6fc823cd-10e3-4549-8c30-e05c9e9b1202;385.93;0.5;UNKNOWN
2016-01-23T03:22:06.000000;2016-01-23T03:22:06.000000;c2785d95-bc5c-4fea-8e0d-dc9a5a918c76;385.8;1.5765;UNKNOWN
2016-01-23T03:22:29.000000;2016-01-23T03:22:29.000000;be40d634-11c9-407a-a77f-e5faf70ac0a1;385.88;0.5;UNKNOWN
2016-01-23T03:22:29.000000;2016-01-23T03:22:29.000000;d080da8f-64f5-4cbb-a46e-416d655a44ec;385.88;0.1;UNKNOWN
2016-01-23T03:22:29.000000;2016-01-23T03:22:29.000000;46a7c9aa-381f-40c5-b0c9-df7276902e96;385.88;0.1;UNKNOWN
2016-01-23T03:22:47.000000;2016-01-23T03:22:47.000000;c470a4ec-6c41-41cc-85dd-f80793a2f700;385.97;0.45;UNKNOWN
2016-01-23T03:23:06.000000;2016-01-23T03:23:06.000000;98135624-2585-4c7b-8165-4d90202eee78;385.89;0.0516636;UNKNOWN
2016-01-23T03:23:08.000000;2016-01-23T03:23:08.000000;926be3c6-08fb-4b58-b4f2-d2bb97590e9a;385.89;0.6996;UNKNOWN
2016-01-23T03:23:17.000000;2016-01-23T03:23:17.000000;fc71fc0c-2245-419b-9bad-03699d3e2da8;385.85;2.092;UNKNOWN
2016-01-23T03:23:17.000000;2016-01-23T03:23:17.000000;800988a4-a561-452e-8bd5-7e51535f5fbf;385.84;0.5;UNKNOWN
2016-01-23T03:26:06.000000;2016-01-23T03:26:06.000000;96fd9cc4-8f8e-49e3-ab95-e653e75b762e;385.98;0.04;UNKNOWN
2016-01-23T03:26:06.000000;2016-01-23T03:26:06.000000;b5b422ce-6ab0-4f5e-bb0e-e1331baea15e;385.95;0.0715257;UNKNOWN
2016-01-23T03:26:06.000000;2016-01-23T03:26:06.000000;60a7f843-ee4d-45a5-bebd-5510cfd5cb37;386.0;0.16;UNKNOWN
2016-01-23T03:26:18.000000;2016-01-23T03:26:18.000000;d77da40d-0838-408d-857e-2736eb64cbb2;385.99;0.4;UNKNOWN
2016-01-23T03:26:30.000000;2016-01-23T03:26:30.000000;a1ca06e8-6a41-4221-8ebb-72589145f666;385.83;2.0;UNKNOWN
2016-01-23T03:26:39.000000;2016-01-23T03:26:39.000000;60d558e2-c42b-4d09-9a0c-bddeb4a0944b;385.97;0.1;UNKNOWN
2016-01-23T03:26:39.000000;2016-01-23T03:26:39.000000;ffef79ec-3a98-44b1-b348-5f9cc8afe00c;386.0;6.35;UNKNOWN
2016-01-23T03:26:44.000000;2016-01-23T03:26:44.000000;eadf23bc-427f-45d6-a20e-2837b8d2e409;385.96;1.4;UNKNOWN
2016-01-23T03:27:18.000000;2016-01-23T03:27:18.000000;1c1b70e5-1756-4aa8-bf0f-e9daa3e0bbd6;386.0;0.2;UNKNOWN
2016-01-23T03:27:43.000000;2016-01-23T03:27:43.000000;b8a42740-ae20-49b8-b24d-b01347e526c8;386.0;19.29;UNKNOWN
2016-01-23T03:27:43.000000;2016-01-23T03:27:43.000000;ceaf08f7-b720-4425-9454-b6a9728cb46e;386.0;0.1084914;UNKNOWN
2016-01-23T03:27:43.000000;2016-01-23T03:27:43.000000;8ea3976f-6a0a-4bb0-8f12-7c6c4f060271;386.0;5.0;UNKNOWN
2016-01-23T03:27:59.000000;2016-01-23T03:27:59.000000;ea12c647-8716-436d-9374-14ef21301719;386.4;1.2;UNKNOWN
2016-01-23T03:28:44.000000;2016-01-23T03:28:44.000000;3daf7bbd-d674-4ce3-96e4-84672a5c5014;387.0;0.1;UNKNOWN
2016-01-23T03:28:46.000000;2016-01-23T03:28:46.000000;29759c29-21a2-41e9-b137-c1c1f6cd5f93;386.99;0.1;UNKNOWN
2016-01-23T03:28:48.000000;2016-01-23T03:28:48.000000;3afe22fb-2af0-4e7a-a7d6-b1d1fd105620;387.0;0.205;UNKNOWN
2016-01-23T03:28:48.000000;2016-01-23T03:28:48.000000;c5873e07-f278-42fc-9dad-569449429346;386.99;3.0;UNKNOWN
2016-01-23T03:28:48.000000;2016-01-23T03:28:48.000000;340c9576-2d2a-4cf9-a133-17adaadc90a0;386.99;0.4;UNKNOWN
2016-01-23T03:28:49.000000;2016-01-23T03:28:49.000000;e4b4da63-ac72-4894-a26e-f89b7fdb520d;386.98;6.4342;UNKNOWN
2016-01-23T03:28:49.000000;2016-01-23T03:28:49.000000;a56208ce-95ec-428e-808c-7dc60e268413;386.99;2.6908;UNKNOWN
2016-01-23T03:28:49.000000;2016-01-23T03:28:49.000000;6d979827-f4bc-406f-af5d-35db94db597c;386.98;0.5;UNKNOWN
2016-01-23T03:28:49.000000;2016-01-23T03:28:49.000000;3eabacdb-3feb-4901-9431-d16791d9b6f8;386.99;0.5;UNKNOWN
2016-01-23T03:29:13.000000;2016-01-23T03:29:13.000000;509e159b-6d46-4d8c-916f-ba98d0591173;386.99;0.1;UNKNOWN
2016-01-23T03:29:53.000000;2016-01-23T03:29:53.000000;09c8ad0f-4f18-42cb-a01a-392c331e2e02;386.99;0.01;UNKNOWN
2016-01-23T03:29:55.000000;2016-01-23T03:29:55.000000;580f7e17-4d9b-4023-be95-ce31d1c5e551;387.0;1.6;UNKNOWN
2016-01-23T03:29:55.000000;2016-01-23T03:29:55.000000;54b6c160-0b8d-4654-a9e6-3f72701503c8;387.0;0.8;UNKNOWN
2016-01-23T03:29:57.000000;2016-01-23T03:29:57.000000;84b37c94-79ac-41da-8f9e-8bfe3b92352d;387.05;0.05;UNKNOWN
2016-01-23T03:29:57.000000;2016-01-23T03:29:57.000000;29f7f5da-173d-458d-b661-b8f79a827de5;387.0;1.8;UNKNOWN
2016-01-23T03:29:57.000000;2016-01-23T03:29:57.000000;9dc1e844-1ac8-4776-bda8-c04a9c9b35c1;387.06;0.05;UNKNOWN
2016-01-23T03:29:57.000000;2016-01-23T03:29:57.000000;6b64065a-f8e0-43ff-97b1-dc08fdbc6a82;387.3;4.02241693;UNKNOWN
2016-01-23T03:29:58.000000;2016-01-23T03:29:58.000000;eea0706d-ec1d-40b5-ac92-594a1b1c41f3;387.0;6.1835;UNKNOWN
2016-01-23T03:30:00.000000;2016-01-23T03:30:00.000000;5e39be37-9db4-401a-8887-9cba98e2bf75;387.3;9.37458307;UNKNOWN
2016-01-23T03:30:00.000000;2016-01-23T03:30:00.000000;f9c56e28-8d00-4b2d-9db4-183e772c343b;387.0;0.2181;UNKNOWN
2016-01-23T03:30:00.000000;2016-01-23T03:30:00.000000;a14b0da0-86c0-4a78-83c8-bc58bb55828d;387.48;1.66731693;UNKNOWN
2016-01-23T03:30:04.000000;2016-01-23T03:30:04.000000;a0fa2682-4184-4b80-8550-d5772fab6052;387.5;0.5;UNKNOWN
2016-01-23T03:30:05.000000;2016-01-23T03:30:05.000000;4bab5c29-e47e-415f-85dd-7d5b161ea7d4;387.5;5.61298307;UNKNOWN
2016-01-23T03:30:14.000000;2016-01-23T03:30:14.000000;f2885982-f1a3-413c-9383-a65e879e0933;387.5;0.1214801;UNKNOWN
2016-01-23T03:30:14.000000;2016-01-23T03:30:14.000000;05474a1a-e712-4ad2-8418-77572dc52008;387.76;7.13326659;UNKNOWN
2016-01-23T03:30:14.000000;2016-01-23T03:30:14.000000;99532197-1167-4444-a69c-ca6f583c8ab4;387.62;12.8288;UNKNOWN
2016-01-23T03:30:17.000000;2016-01-23T03:30:17.000000;7c44dd54-fd28-414d-acb4-6e9e33e67ec2;387.61;2.37;UNKNOWN
2016-01-23T03:30:18.000000;2016-01-23T03:30:18.000000;0238f897-6f34-4c5c-b9d7-7f900d4a8b20;387.61;2.42;UNKNOWN
2016-01-23T03:30:19.000000;2016-01-23T03:30:19.000000;efa6fd8e-218c-49f2-9fcc-1d0a7d241b41;387.76;2.42;UNKNOWN
2016-01-23T03:30:21.000000;2016-01-23T03:30:21.000000;40422ced-742a-4025-b7f9-eb5171be2228;387.76;3.0;UNKNOWN
2016-01-23T03:30:23.000000;2016-01-23T03:30:23.000000;5bc1d068-a165-4a42-9bd1-b30a1e96276e;387.83;0.05;UNKNOWN
2016-01-23T03:30:23.000000;2016-01-23T03:30:23.000000;f97351ff-6151-47e4-bcea-f6e96cb135f3;387.93;0.60106659;UNKNOWN
2016-01-23T03:30:23.000000;2016-01-23T03:30:23.000000;1a7ce347-315c-4782-a48e-5279cbc2bc14;387.76;1.34893341;UNKNOWN
2016-01-23T03:30:25.000000;2016-01-23T03:30:25.000000;dc812ad6-f89c-48e7-899d-71a2646d0ae7;387.93;3.0;UNKNOWN
2016-01-23T03:30:27.000000;2016-01-23T03:30:27.000000;209d3199-2652-4a51-8704-613a7eb7c9ea;387.93;4.0;UNKNOWN
2016-01-23T03:30:28.000000;2016-01-23T03:30:28.000000;932cb853-c051-4b9e-a03a-de0b76e9f35d;387.93;3.0;UNKNOWN
2016-01-23T03:30:29.000000;2016-01-23T03:30:29.000000;0740ea0f-07d1-4fa0-848e-65bc654028e8;387.93;0.05;UNKNOWN
2016-01-23T03:30:31.000000;2016-01-23T03:30:31.000000;9b8d4e8a-55ec-4f95-a494-a56479bc234e;387.93;2.66693341;UNKNOWN
2016-01-23T03:30:31.000000;2016-01-23T03:30:31.000000;6841c150-986d-43f5-b692-752d9e929069;388.05;0.28306659;UNKNOWN
2016-01-23T03:30:33.000000;2016-01-23T03:30:33.000000;aa4cd344-aa60-4dda-8c3d-4f04b6c7a1cf;388.05;0.05;UNKNOWN
2016-01-23T03:30:34.000000;2016-01-23T03:30:34.000000;c163636b-6f15-4f5a-9c18-b3c43e20c565;388.05;0.7978;UNKNOWN
2016-01-23T03:30:35.000000;2016-01-23T03:30:35.000000;800b4773-c83a-491b-89eb-4da9961f490d;388.05;0.125;UNKNOWN
2016-01-23T03:30:36.000000;2016-01-23T03:30:36.000000;cd2cd108-2c62-4f26-9a0b-848e4273d94a;388.21;0.2775;UNKNOWN
2016-01-23T03:30:36.000000;2016-01-23T03:30:36.000000;be303f21-80cc-4a15-a24e-1b010952c3c1;388.17;0.05;UNKNOWN
2016-01-23T03:30:36.000000;2016-01-23T03:30:36.000000;768c646a-f335-4ede-b1a2-e76a72427ae2;388.11;0.5;UNKNOWN
2016-01-23T03:30:38.000000;2016-01-23T03:30:38.000000;03e06824-d7e4-482a-8cdc-58d8afe72d72;388.22;0.125;UNKNOWN
2016-01-23T03:30:39.000000;2016-01-23T03:30:39.000000;37243974-eb63-4d41-8f26-064a9ff41818;388.22;0.125;UNKNOWN
2016-01-23T03:30:41.000000;2016-01-23T03:30:41.000000;bd142bd6-b186-4051-831f-3f0568b65b8e;388.39;0.8275;UNKNOWN
2016-01-23T03:30:42.000000;2016-01-23T03:30:42.000000;4fb9f27c-5d4a-4987-965c-86d97ed1f61a;388.4;2.0;UNKNOWN
2016-01-23T03:30:43.000000;2016-01-23T03:30:43.000000;e839dec1-36f1-4087-965f-eb2152181d2d;387.97;0.11670911;UNKNOWN
2016-01-23T03:30:44.000000;2016-01-23T03:30:44.000000;61698a8c-7026-4a7b-ad06-f1209c276e80;388.4;5.0;UNKNOWN
2016-01-23T03:30:45.000000;2016-01-23T03:30:45.000000;52e42cbd-2eeb-453e-b06e-5022b68e27e5;388.4;4.0;UNKNOWN
2016-01-23T03:30:47.000000;2016-01-23T03:30:47.000000;738f838a-d833-49f0-9ba0-976f40c51a5c;388.48;2.51;UNKNOWN
2016-01-23T03:30:47.000000;2016-01-23T03:30:47.000000;2874b20e-96d5-4a05-8a15-11b4092181d1;388.58;2.49;UNKNOWN
2016-01-23T03:30:48.000000;2016-01-23T03:30:48.000000;1acff76d-c4fb-4bad-8f06-628e62518692;388.58;3.0;UNKNOWN
2016-01-23T03:30:49.000000;2016-01-23T03:30:49.000000;724d1d10-2067-4fd5-8b83-ad1b0abbced9;388.58;7.0;UNKNOWN
2016-01-23T03:30:50.000000;2016-01-23T03:30:50.000000;c7517944-79b5-4f6b-ad9a-f8c9b66d7d11;388.58;0.1;UNKNOWN
2016-01-23T03:31:00.000000;2016-01-23T03:31:00.000000;d2e0a98e-29e4-41b7-8edd-ca2234527588;388.56;5.0;UNKNOWN
2016-01-23T03:31:08.000000;2016-01-23T03:31:08.000000;dd76c518-8373-4d3a-8354-c0d6ae66d4ae;388.08;1.0;UNKNOWN
2016-01-23T03:31:12.000000;2016-01-23T03:31:12.000000;89df4ab8-4ceb-4b25-b9d7-4367668b1eb5;388.38;0.025;UNKNOWN
2016-01-23T03:31:14.000000;2016-01-23T03:31:14.000000;1bed05bd-53c9-4c97-a9b9-2f07ca8ed474;388.39;0.019189;UNKNOWN
2016-01-23T03:31:15.000000;2016-01-23T03:31:15.000000;f2b6b034-05e1-4cdc-bce0-fc8bf88b003b;388.37;1.79953852;UNKNOWN
2016-01-23T03:31:16.000000;2016-01-23T03:31:16.000000;46b7ba03-8bf5-4b75-880f-42337d659c28;388.37;0.78545;UNKNOWN
2016-01-23T03:31:20.000000;2016-01-23T03:31:20.000000;240c12a6-df70-4663-95db-f06a160131b6;388.25;2.6748;UNKNOWN
2016-01-23T03:31:22.000000;2016-01-23T03:31:22.000000;db5da3cb-b6f0-43a6-bc5c-187845dfdcd3;388.35;0.3252;UNKNOWN
2016-01-23T03:31:23.000000;2016-01-23T03:31:23.000000;aace180a-d591-4f65-a811-3869452a7806;388.34;0.5;UNKNOWN
2016-01-23T03:31:23.000000;2016-01-23T03:31:23.000000;4afffb98-0ed4-426f-be82-b4f68d63daba;388.34;2.6;UNKNOWN
2016-01-23T03:31:23.000000;2016-01-23T03:31:23.000000;6d6a551d-49a5-43fd-8fa6-d69926ede4bf;388.34;3.0;UNKNOWN
2016-01-23T03:31:24.000000;2016-01-23T03:31:24.000000;62716614-5a73-40da-bb99-cdd7db7bd899;388.34;0.04;UNKNOWN
2016-01-23T03:31:25.000000;2016-01-23T03:31:25.000000;0b20f119-e18d-421d-b845-3d69b4323bce;388.39;2.51;UNKNOWN
2016-01-23T03:31:42.000000;2016-01-23T03:31:42.000000;3c1ca47c-8d49-4d4e-a3d5-bc59e013d195;388.21;0.5;UNKNOWN
2016-01-23T03:31:42.000000;2016-01-23T03:31:42.000000;45ce1f27-f01b-4d27-9676-8b5584e58801;388.21;1.5895065;UNKNOWN
2016-01-23T03:31:45.000000;2016-01-23T03:31:45.000000;853d5941-c165-4e1e-aac9-c2eae14e79f2;388.21;0.1;UNKNOWN
2016-01-23T03:31:45.000000;2016-01-23T03:31:45.000000;4ee74d96-1b48-4b5c-aad1-3205544b2717;388.22;8.7045065;UNKNOWN
2016-01-23T03:31:59.000000;2016-01-23T03:31:59.000000;2cedbedd-9645-4cea-8e92-6b67ffc3fc0f;388.35;0.06;UNKNOWN
2016-01-23T03:31:59.000000;2016-01-23T03:31:59.000000;6c726d14-c890-40bf-ba15-17083deeb63d;388.39;0.031465;UNKNOWN
2016-01-23T03:32:01.000000;2016-01-23T03:32:01.000000;979664a0-d915-46b2-bf73-75b8788bba6d;388.39;0.0271;UNKNOWN
2016-01-23T03:32:03.000000;2016-01-23T03:32:03.000000;538e3e32-c7de-4d7a-b8ed-6f5e3f59357c;388.39;8.1729;UNKNOWN
2016-01-23T03:32:04.000000;2016-01-23T03:32:04.000000;9307e691-14c8-4286-9c96-ac74f4f14485;388.39;0.5;UNKNOWN
2016-01-23T03:32:25.000000;2016-01-23T03:32:25.000000;01ff588c-bc7c-4417-acf1-7b612448b180;388.21;0.0125;UNKNOWN
2016-01-23T03:32:27.000000;2016-01-23T03:32:27.000000;6e9b5758-ed38-4402-91a5-b62edb163ded;388.21;2.1675;UNKNOWN
2016-01-23T03:32:48.000000;2016-01-23T03:32:48.000000;419be632-8994-4202-916a-c27b3a37e65e;388.22;2.0;UNKNOWN
2016-01-23T03:32:54.000000;2016-01-23T03:32:54.000000;efb8e37d-7d6d-4afd-a334-6bed2ca0d09a;388.39;1.0;UNKNOWN
2016-01-23T03:32:58.000000;2016-01-23T03:32:58.000000;41afc462-17d6-4144-a6e9-11e77f4e7335;388.39;2.7;UNKNOWN
2016-01-23T03:33:01.000000;2016-01-23T03:33:01.000000;61563e82-5a47-40f2-a222-b8b7266ec720;388.39;0.01;UNKNOWN
2016-01-23T03:33:04.000000;2016-01-23T03:33:04.000000;d74b2a6a-9b45-47cc-91be-92f72acdd866;388.59;1.152754;UNKNOWN
2016-01-23T03:33:04.000000;2016-01-23T03:33:04.000000;fce131e0-ac20-475c-a168-ffd08e5b9d0f;388.39;0.947246;UNKNOWN
2016-01-23T03:33:04.000000;2016-01-23T03:33:04.000000;6a2c12a5-fb0f-42ed-a25d-ecaed1be0b7c;388.38;0.4;UNKNOWN
2016-01-23T03:33:05.000000;2016-01-23T03:33:05.000000;c8e7a906-9316-44d7-9cff-f12c3b4efa33;388.58;0.1;UNKNOWN
2016-01-23T03:33:06.000000;2016-01-23T03:33:06.000000;384c7e44-f352-430b-8c84-1f31815d2d53;388.59;2.385;UNKNOWN
2016-01-23T03:33:07.000000;2016-01-23T03:33:07.000000;2e10e2de-8d40-4eb4-8aa2-743c4be7cebc;388.4;0.1;UNKNOWN
2016-01-23T03:33:09.000000;2016-01-23T03:33:09.000000;78d5e41e-91be-41e6-8852-899bdba69c23;388.4;0.065;UNKNOWN
2016-01-23T03:33:09.000000;2016-01-23T03:33:09.000000;a59b2b5e-9d2f-4a92-9946-1cc7240a8cb9;388.39;0.4;UNKNOWN
2016-01-23T03:33:10.000000;2016-01-23T03:33:10.000000;4b745438-b7a6-4e32-9059-0dfcf389b466;388.4;0.305;UNKNOWN
2016-01-23T03:33:12.000000;2016-01-23T03:33:12.000000;4a1b6426-2a63-4653-9cd2-1b82ac25c2bc;388.4;0.57434424;UNKNOWN
2016-01-23T03:33:14.000000;2016-01-23T03:33:14.000000;b60d1fb6-810c-44e0-a799-37c6786c0d57;388.4;1.35;UNKNOWN
2016-01-23T03:33:16.000000;2016-01-23T03:33:16.000000;8197b0ed-dd79-488a-90d6-bb6d54cc59d8;388.4;0.25;UNKNOWN
2016-01-23T03:33:17.000000;2016-01-23T03:33:17.000000;7984fd5b-48b5-4212-964b-0b742f2e1b88;388.23;0.75;UNKNOWN
2016-01-23T03:33:19.000000;2016-01-23T03:33:19.000000;f26ab192-673f-4479-b9f1-701c8857e788;388.23;1.21807702;UNKNOWN
2016-01-23T03:33:22.000000;2016-01-23T03:33:22.000000;83ad40cd-156c-4860-919f-9442107717ee;388.07;1.22328648;UNKNOWN
2016-01-23T03:33:23.000000;2016-01-23T03:33:23.000000;8a5849d4-837d-4dd6-92d0-638d4a01793d;388.07;0.25;UNKNOWN
2016-01-23T03:33:24.000000;2016-01-23T03:33:24.000000;53746547-1e24-4600-8616-fdfd3758a569;388.07;1.22327152;UNKNOWN
2016-01-23T03:33:25.000000;2016-01-23T03:33:25.000000;6e54c0ee-a7b3-4e5a-bc69-f4f0f852f377;388.07;1.08536498;UNKNOWN
2016-01-23T03:33:26.000000;2016-01-23T03:33:26.000000;de23f06f-9640-47c1-ac1e-2e15612e07e5;388.07;0.41463502;UNKNOWN
2016-01-23T03:33:27.000000;2016-01-23T03:33:27.000000;5a503147-75b9-4ba6-b4cc-02b6df5802bb;388.07;0.55375586;UNKNOWN
2016-01-23T03:33:28.000000;2016-01-23T03:33:28.000000;574c8249-7ec9-45c1-81b2-33281a511d72;388.07;0.25;UNKNOWN
2016-01-23T03:33:29.000000;2016-01-23T03:33:29.000000;ec5f873b-771c-45ca-95bc-85c59f3a71f1;388.07;0.72328648;UNKNOWN
2016-01-23T03:33:30.000000;2016-01-23T03:33:30.000000;ffaa1a76-b69c-4942-aa24-38d8b39820ed;388.07;0.25;UNKNOWN
2016-01-23T03:33:32.000000;2016-01-23T03:33:32.000000;926abdbf-3d98-453a-961b-efe148e998e6;388.23;1.22327152;UNKNOWN
2016-01-23T03:33:33.000000;2016-01-23T03:33:33.000000;fd8fe354-0eb8-40b5-8fe7-33694177e477;388.23;2.553442;UNKNOWN
2016-01-23T03:33:35.000000;2016-01-23T03:33:35.000000;89590a07-ffcc-4c12-85f0-5c080a48ad1f;388.23;0.487708;UNKNOWN
2016-01-23T03:33:36.000000;2016-01-23T03:33:36.000000;09b04bb2-75cf-456f-8640-ca343890270a;388.23;1.22328648;UNKNOWN
2016-01-23T03:33:37.000000;2016-01-23T03:33:37.000000;f946e121-9662-4794-9bbe-dfaa087d2ae5;388.23;1.22328648;UNKNOWN
2016-01-23T03:33:38.000000;2016-01-23T03:33:38.000000;dc3db92a-06e8-4784-af67-3df6e17cd0e5;388.23;0.09611904;UNKNOWN
2016-01-23T03:33:39.000000;2016-01-23T03:33:39.000000;1817ab2a-d8f2-4a6c-a130-2b74c3d7f238;388.23;1.0;UNKNOWN
2016-01-23T03:33:41.000000;2016-01-23T03:33:41.000000;20e0efeb-8920-4af9-a77b-4b96c4ef341c;388.23;5.0;UNKNOWN
2016-01-23T03:33:49.000000;2016-01-23T03:33:49.000000;31385d79-3790-4244-9bb5-d6c473f22aae;388.4;0.70169054;UNKNOWN
2016-01-23T03:33:49.000000;2016-01-23T03:33:49.000000;e11d10a6-7242-4709-8a32-ac0888d43387;388.23;0.29830946;UNKNOWN
2016-01-23T03:33:50.000000;2016-01-23T03:33:50.000000;9171ff0a-82c6-460f-a25d-a879364f8848;388.4;0.5;UNKNOWN
2016-01-23T03:33:51.000000;2016-01-23T03:33:51.000000;13375b82-b5ce-4dbc-a423-a0c3994dc783;388.4;3.21557299;UNKNOWN
2016-01-23T03:33:53.000000;2016-01-23T03:33:53.000000;4ea3b9e1-f1d7-4248-a229-2d82087bfc9b;388.4;0.66115301;UNKNOWN
2016-01-23T03:33:54.000000;2016-01-23T03:33:54.000000;4e4189e9-febc-4e80-9926-b6386f433eed;388.4;1.22666274;UNKNOWN
2016-01-23T03:33:56.000000;2016-01-23T03:33:56.000000;2d971e48-edef-44f4-8cb2-001282d13504;388.4;0.89661126;UNKNOWN
2016-01-23T03:33:58.000000;2016-01-23T03:33:58.000000;453dac47-b98d-47ed-8543-cb2865bd91a3;388.4;0.05;UNKNOWN
2016-01-23T03:33:59.000000;2016-01-23T03:33:59.000000;91f5cf6a-53ae-4a57-b67d-4ec5a0ddb786;388.4;1.34639534;UNKNOWN
2016-01-23T03:34:00.000000;2016-01-23T03:34:00.000000;67d75799-9915-4fcf-8f6c-ddc314425c99;388.4;0.60360466;UNKNOWN
2016-01-23T03:34:02.000000;2016-01-23T03:34:02.000000;735e7fad-4379-411d-8642-f98ec5002986;388.59;0.88686078;UNKNOWN
2016-01-23T03:34:02.000000;2016-01-23T03:34:02.000000;aeb75005-822e-4b00-8528-d3733ec593e2;388.4;2.48986522;UNKNOWN
2016-01-23T03:34:03.000000;2016-01-23T03:34:03.000000;9b882a13-405b-47ac-b49b-91e89bcaa89c;388.59;0.5;UNKNOWN
2016-01-23T03:34:08.000000;2016-01-23T03:34:08.000000;b6f2e05b-272a-4d06-b47f-12b89b49bd3d;388.24;0.15;UNKNOWN
2016-01-23T03:34:11.000000;2016-01-23T03:34:11.000000;2daddb5e-a134-482f-b510-d23b99eb4c90;388.24;1.3938;UNKNOWN
2016-01-23T03:34:11.000000;2016-01-23T03:34:11.000000;fbbd2dc1-a2a8-4ed1-849e-5d42386bc617;388.23;0.1;UNKNOWN
2016-01-23T03:34:13.000000;2016-01-23T03:34:13.000000;db5ab43d-425d-4890-98ad-3570c75c41d1;388.24;1.505;UNKNOWN
2016-01-23T03:34:16.000000;2016-01-23T03:34:16.000000;bcdb7343-f24e-496f-b375-2af4b1bd33f8;388.39;1.22452978;UNKNOWN
2016-01-23T03:34:18.000000;2016-01-23T03:34:18.000000;7bf09930-cc19-4b1f-ab51-210839813692;388.39;0.62667022;UNKNOWN
2016-01-23T03:34:20.000000;2016-01-23T03:34:20.000000;499672a4-6f46-42bb-b765-4a3afb6f4fe2;388.39;1.0;UNKNOWN
2016-01-23T03:34:21.000000;2016-01-23T03:34:21.000000;5ce3915c-67b4-43c1-96cd-05e53eee87e2;388.39;0.2;UNKNOWN
2016-01-23T03:34:22.000000;2016-01-23T03:34:22.000000;526900e9-1568-4496-a448-20a4b7ec7d68;388.39;1.0;UNKNOWN
2016-01-23T03:34:23.000000;2016-01-23T03:34:23.000000;466f443a-108e-46fb-b2c2-446b4cf4ffbc;388.39;3.6;UNKNOWN
2016-01-23T03:34:28.000000;2016-01-23T03:34:28.000000;51fa206d-38ef-41bd-b462-557a3968cbc5;388.39;1.17452978;UNKNOWN
2016-01-23T03:34:30.000000;2016-01-23T03:34:30.000000;022568e7-b606-4851-b949-c6d4b03f9440;388.38;1.22454477;UNKNOWN
2016-01-23T03:34:32.000000;2016-01-23T03:34:32.000000;d1f29ef1-ca6a-4d28-991b-880f01102c96;388.23;0.50092545;UNKNOWN
2016-01-23T03:34:33.000000;2016-01-23T03:34:33.000000;dbe09ba1-85fe-4e0b-9c4d-c16d6614c6ca;388.23;0.72361933;UNKNOWN
2016-01-23T03:34:34.000000;2016-01-23T03:34:34.000000;73a0f550-b9dd-48dd-9f82-61eefa42c595;388.23;0.63638067;UNKNOWN
2016-01-23T03:34:35.000000;2016-01-23T03:34:35.000000;ef767f74-d2ca-4502-bc5b-3c5c2e118625;387.85;0.1;UNKNOWN
2016-01-23T03:34:35.000000;2016-01-23T03:34:35.000000;58093fe2-65cd-421c-9b03-c1a30414a8b2;388.23;0.83;UNKNOWN
2016-01-23T03:34:36.000000;2016-01-23T03:34:36.000000;f384cfef-7d37-46a6-930b-c11bfaca5e36;388.23;0.22454478;UNKNOWN
2016-01-23T03:34:38.000000;2016-01-23T03:34:38.000000;a442ee37-9d69-4249-9ace-9b2167aafa7e;388.39;0.17454478;UNKNOWN
2016-01-23T03:34:40.000000;2016-01-23T03:34:40.000000;9a0702ab-d941-4d05-a2c8-a27116ef246e;388.39;3.6;UNKNOWN
2016-01-23T03:34:41.000000;2016-01-23T03:34:41.000000;ed907d79-4dd6-4d86-bec5-fe5c2d900430;388.39;1.0;UNKNOWN
2016-01-23T03:34:42.000000;2016-01-23T03:34:42.000000;a8c75298-3866-4d11-ae5b-834e407e359a;388.58;0.4;UNKNOWN
2016-01-23T03:34:42.000000;2016-01-23T03:34:42.000000;3bc52b51-3578-4a84-988f-760b79c74db1;388.39;0.49942544;UNKNOWN
2016-01-23T03:34:42.000000;2016-01-23T03:34:42.000000;a6ca934a-cccd-499d-864f-15de6c020884;388.59;0.10057456;UNKNOWN
2016-01-23T03:34:44.000000;2016-01-23T03:34:44.000000;169d5f64-9c85-47a0-9d32-5e5ad5a4094e;388.59;0.9;UNKNOWN
2016-01-23T03:34:44.000000;2016-01-23T03:34:44.000000;69b67255-e41f-43d0-82ec-4681d57484a1;388.38;0.1;UNKNOWN
2016-01-23T03:34:44.000000;2016-01-23T03:34:44.000000;06645cb3-6a31-4cd2-a59a-14d375728e23;387.84;0.4;UNKNOWN
2016-01-23T03:34:44.000000;2016-01-23T03:34:44.000000;f27ce9db-f0c8-4d9d-bea5-5debad7d9f3d;387.85;0.1;UNKNOWN
2016-01-23T03:34:46.000000;2016-01-23T03:34:46.000000;8b4e825d-9db4-48ba-adce-e2da4f2a6935;388.59;0.25;UNKNOWN
2016-01-23T03:34:47.000000;2016-01-23T03:34:47.000000;c524f775-a91b-4069-8ba4-ae2ad5b85c6c;388.59;1.22159785;UNKNOWN
2016-01-23T03:34:51.000000;2016-01-23T03:34:51.000000;36a1602c-3893-4cbc-8aa4-7f7ab8ee7b8d;388.58;0.01;UNKNOWN
2016-01-23T03:34:59.000000;2016-01-23T03:34:59.000000;01c522b7-65d1-4d46-9ce6-76f436db333a;388.41;0.1;UNKNOWN
2016-01-23T03:34:59.000000;2016-01-23T03:34:59.000000;1a177e84-3149-4190-92ec-a26fb8300902;388.42;0.517;UNKNOWN
2016-01-23T03:35:01.000000;2016-01-23T03:35:01.000000;2f46bfba-00ba-4485-b0d0-c834ce5a250d;388.22;0.79458898;UNKNOWN
2016-01-23T03:35:03.000000;2016-01-23T03:35:03.000000;c05d219a-b40e-4450-908c-1b928b92b5da;388.22;2.71332675;UNKNOWN
2016-01-23T03:35:05.000000;2016-01-23T03:35:05.000000;ca5b0ec0-c8c4-4a60-99dd-6e0ebf149a23;388.22;0.82127325;UNKNOWN
2016-01-23T03:35:05.000000;2016-01-23T03:35:05.000000;91d4bce3-c7dd-4288-94a7-e055e705f7f3;388.21;0.1;UNKNOWN
2016-01-23T03:35:06.000000;2016-01-23T03:35:06.000000;1257ecf1-ea61-49a0-80b8-a8ad90aa3c53;388.22;0.57081102;UNKNOWN
2016-01-23T03:35:08.000000;2016-01-23T03:35:08.000000;7af59beb-6d10-4746-8d9f-fec4586c3210;388.22;0.02;UNKNOWN
2016-01-23T03:35:10.000000;2016-01-23T03:35:10.000000;41bdbb91-c1c0-4719-a370-439aaccfd299;388.42;0.355;UNKNOWN
2016-01-23T03:35:11.000000;2016-01-23T03:35:11.000000;1f99f098-f376-424c-82e7-543f4b46a28e;388.42;0.145;UNKNOWN
2016-01-23T03:35:12.000000;2016-01-23T03:35:12.000000;e4ecd1e9-734d-44eb-b6b0-d96c53689a58;388.42;0.83;UNKNOWN
2016-01-23T03:35:13.000000;2016-01-23T03:35:13.000000;598b1348-00c0-4123-885d-a5c0c17e7a55;388.42;0.5;UNKNOWN
2016-01-23T03:35:15.000000;2016-01-23T03:35:15.000000;ad827f74-5981-4b7e-964b-deaed43a23b8;388.42;1.71785;UNKNOWN
2016-01-23T03:35:16.000000;2016-01-23T03:35:16.000000;33d90f57-5c48-43ef-a927-53216fc1e216;388.42;0.30215;UNKNOWN
2016-01-23T03:35:17.000000;2016-01-23T03:35:17.000000;18c4f0fd-9a25-42a2-8707-bb9e5421f221;388.42;2.0;UNKNOWN
2016-01-23T03:35:19.000000;2016-01-23T03:35:19.000000;02814d0c-5b84-44f2-b2b0-f09c5fea994c;388.42;0.79396642;UNKNOWN
2016-01-23T03:35:20.000000;2016-01-23T03:35:20.000000;1857de2e-8cd9-431f-bb94-a1d68b9d8b13;388.42;4.20603358;UNKNOWN
2016-01-23T03:35:22.000000;2016-01-23T03:35:22.000000;0d2dc3fc-c905-4329-bedf-717615f480d0;388.42;0.875;UNKNOWN
2016-01-23T03:35:22.000000;2016-01-23T03:35:22.000000;91c72e09-b2ff-4581-b79b-1df6f72775d2;387.77;0.1;UNKNOWN
2016-01-23T03:35:22.000000;2016-01-23T03:35:22.000000;ef63c2af-c65d-4b67-8bda-fece3c6fc93d;387.77;0.4077;UNKNOWN
2016-01-23T03:35:23.000000;2016-01-23T03:35:23.000000;979eac3b-6f08-41c4-9f78-a8e885132433;388.42;0.485;UNKNOWN
2016-01-23T03:35:26.000000;2016-01-23T03:35:26.000000;b3cf503c-187e-441c-8241-79f9b29b2a70;388.42;2.0;UNKNOWN
2016-01-23T03:35:27.000000;2016-01-23T03:35:27.000000;8d3049c6-838c-432b-8cc5-bacce264c1b9;388.42;0.2379;UNKNOWN
2016-01-23T03:35:27.000000;2016-01-23T03:35:27.000000;5ce26c47-37f6-41b4-a217-2286c553dd4b;388.59;1.8121;UNKNOWN
2016-01-23T03:35:28.000000;2016-01-23T03:35:28.000000;065b3c5b-c0c1-4948-af42-83ce2ce99515;388.59;0.5;UNKNOWN
2016-01-23T03:35:31.000000;2016-01-23T03:35:31.000000;767d04e4-e181-4b95-b2fe-0c99112f8f6e;388.58;2.015;UNKNOWN
2016-01-23T03:35:32.000000;2016-01-23T03:35:32.000000;6ed6f761-0a55-447c-b430-6ab93f9ad926;388.41;2.975885;UNKNOWN
2016-01-23T03:35:33.000000;2016-01-23T03:35:33.000000;cc8db30e-a346-45cd-bf78-8aae746db996;388.41;1.25503944;UNKNOWN
2016-01-23T03:35:35.000000;2016-01-23T03:35:35.000000;e1c0b5f5-35c5-4fb1-9dce-59048655b489;388.41;2.72984556;UNKNOWN
2016-01-23T03:35:38.000000;2016-01-23T03:35:38.000000;12683734-a033-4970-9688-e7188b089df3;388.41;1.015115;UNKNOWN
2016-01-23T03:35:39.000000;2016-01-23T03:35:39.000000;45cbb11b-7ff8-4abc-b526-e6b93c8abf9b;388.41;1.0;UNKNOWN
2016-01-23T03:35:41.000000;2016-01-23T03:35:41.000000;3c39483f-bfa9-486d-9eb0-ba96627feeef;388.41;2.05;UNKNOWN
2016-01-23T03:35:42.000000;2016-01-23T03:35:42.000000;07a2d59c-5d85-439f-8f3c-5888c6a0f6c2;388.41;2.0;UNKNOWN
2016-01-23T03:35:43.000000;2016-01-23T03:35:43.000000;1f36d8bb-6017-44cd-94df-9075e3404738;388.41;1.412115;UNKNOWN
2016-01-23T03:35:43.000000;2016-01-23T03:35:43.000000;631b85d7-0282-4722-a814-dc504bc566a6;388.59;0.587885;UNKNOWN
2016-01-23T03:35:44.000000;2016-01-23T03:35:44.000000;9d2c5d04-8d13-4d05-89a3-8a87221dd00b;388.59;3.83621703;UNKNOWN
2016-01-23T03:35:45.000000;2016-01-23T03:35:45.000000;1297c23d-7adc-4cd8-9277-64d3002a2d46;388.59;1.93841078;UNKNOWN
2016-01-23T03:35:45.000000;2016-01-23T03:35:45.000000;ffab1b74-5e56-4968-b45d-9a0ab3f2b887;388.7;0.22537219;UNKNOWN
2016-01-23T03:35:46.000000;2016-01-23T03:35:46.000000;cbc04cbd-4902-4c6b-b65e-c48fd2072896;388.7;0.5;UNKNOWN
2016-01-23T03:35:48.000000;2016-01-23T03:35:48.000000;4e2aa528-e412-41a2-bcd4-bc9ffe15cb69;388.56;0.615;UNKNOWN
2016-01-23T03:35:49.000000;2016-01-23T03:35:49.000000;b9a7578a-d6ff-4b10-ba4c-317b84e9a515;388.56;1.0;UNKNOWN
2016-01-23T03:35:50.000000;2016-01-23T03:35:50.000000;6ea7b2e3-df0b-4899-8468-5c01bc4cb0af;388.56;2.06;UNKNOWN
2016-01-23T03:35:52.000000;2016-01-23T03:35:52.000000;2b2ed423-b3fa-481f-944c-c6c7d09cd545;388.56;3.0;UNKNOWN
2016-01-23T03:35:53.000000;2016-01-23T03:35:53.000000;b99ae98e-b4ef-4cf3-a195-26e0399a6f43;388.56;0.5;UNKNOWN
2016-01-23T03:35:55.000000;2016-01-23T03:35:55.000000;257aebd9-890a-4fd3-804f-7b8281db5856;388.56;0.495;UNKNOWN
2016-01-23T03:35:56.000000;2016-01-23T03:35:56.000000;ea823d83-95e0-4d12-af22-a0ac6d1bf725;388.56;0.33;UNKNOWN
2016-01-23T03:35:56.000000;2016-01-23T03:35:56.000000;e47920e4-e4a0-4ddf-a951-ff84aaf67951;388.55;0.5;UNKNOWN
2016-01-23T03:35:57.000000;2016-01-23T03:35:57.000000;3a05734b-349b-4d3c-b206-943d0031e0cb;388.56;1.0;UNKNOWN
2016-01-23T03:36:51.000000;2016-01-23T03:36:51.000000;d9981f04-4ccd-4761-a1e8-fa535ff8c0ce;388.55;0.1076;UNKNOWN
2016-01-23T03:39:17.000000;2016-01-23T03:39:17.000000;fbf0495c-2465-4459-b625-d29d6388b5a9;388.0;0.4354;UNKNOWN
2016-01-23T03:39:17.000000;2016-01-23T03:39:17.000000;7c4f5ca8-386d-4f31-9296-cab6f4578131;388.0;0.5;UNKNOWN
2016-01-23T03:41:21.000000;2016-01-23T03:41:21.000000;783258b8-86b5-4d4c-9895-9b4b4f1d4561;387.98;0.0646;UNKNOWN
2016-01-23T03:41:21.000000;2016-01-23T03:41:21.000000;1aa9ea86-2ee4-4584-8c3d-ea28ed1f51c7;387.99;0.0554;UNKNOWN
2016-01-23T03:42:25.000000;2016-01-23T03:42:25.000000;57e52c06-9cd2-4f62-9ece-200574abcbf7;387.63;0.059693;UNKNOWN
2016-01-23T03:42:43.000000;2016-01-23T03:42:43.000000;a85665f8-415c-4fea-a31a-cf53c50d8d5e;386.99;0.12911809;UNKNOWN
2016-01-23T03:43:01.000000;2016-01-23T03:43:01.000000;0ed8c7f1-6efe-460d-bffe-f646ec64f432;387.05;0.0476918;UNKNOWN
2016-01-23T03:43:22.000000;2016-01-23T03:43:22.000000;d430ed78-13df-4b71-8bae-8294546657d9;386.82;0.1;UNKNOWN
2016-01-23T03:43:22.000000;2016-01-23T03:43:22.000000;e1ac5a3a-8f63-4649-bc59-0d1697dbf5f9;386.97;0.1;UNKNOWN
2016-01-23T03:43:43.000000;2016-01-23T03:43:43.000000;208210b7-3c7c-4d30-a422-52cd217b9b08;386.91;0.02715683;UNKNOWN
2016-01-23T03:44:33.000000;2016-01-23T03:44:33.000000;97078e03-5d20-4705-999e-ccd828ab15e4;386.84;0.12911809;UNKNOWN
2016-01-23T03:44:52.000000;2016-01-23T03:44:52.000000;26bcb65a-6e22-44e2-89ff-76daccb5c8cf;386.69;4.5684;UNKNOWN
2016-01-23T03:45:10.000000;2016-01-23T03:45:10.000000;a26d239e-2347-4ab4-a3af-afb263db3eab;386.59;0.294976;UNKNOWN
2016-01-23T03:46:06.000000;2016-01-23T03:46:06.000000;82f69fcf-72e1-4eac-b018-8fda03861be1;386.86;0.1;UNKNOWN
2016-01-23T03:46:06.000000;2016-01-23T03:46:06.000000;dc34cbe1-eb88-43ac-bb7c-36668acc19cb;386.85;1.00880759;UNKNOWN
2016-01-23T03:46:15.000000;2016-01-23T03:46:15.000000;c7a18864-1ee4-4978-97ca-571bcee70ae8;386.91;0.0211;UNKNOWN
2016-01-23T03:47:13.000000;2016-01-23T03:47:13.000000;c647afff-7558-4669-93cb-e6cacf95ff08;386.92;0.50802;UNKNOWN
2016-01-23T03:47:26.000000;2016-01-23T03:47:26.000000;0e9aea69-876e-4d1e-aa54-fa6a4a2e97c2;386.46;0.05;UNKNOWN
2016-01-23T03:47:26.000000;2016-01-23T03:47:26.000000;4b98b875-b87d-45e5-ab13-f16b929e1e7e;386.35;0.6353;UNKNOWN
2016-01-23T03:47:26.000000;2016-01-23T03:47:26.000000;97f2aad3-262a-43fc-bc50-5c4b10629462;386.56;6.4369;UNKNOWN
2016-01-23T03:47:26.000000;2016-01-23T03:47:26.000000;390978ea-ce51-4258-b2e3-14ff9d018222;386.55;2.87;UNKNOWN
2016-01-23T03:47:48.000000;2016-01-23T03:47:48.000000;54031a6f-8eeb-434c-8e1a-c013038e099f;386.47;0.5;UNKNOWN
2016-01-23T03:48:04.000000;2016-01-23T03:48:04.000000;f6fe7330-3262-4a92-8b5f-8d3be3658ea8;386.35;0.046;UNKNOWN
2016-01-23T03:49:46.000000;2016-01-23T03:49:46.000000;1d491b7b-46e9-4e1f-9a21-2606db0601d8;387.55;3.92558742;UNKNOWN
2016-01-23T03:49:46.000000;2016-01-23T03:49:46.000000;12160425-7f5d-4ebd-aba7-2d13b6cbd008;386.97;0.1;UNKNOWN
2016-01-23T03:49:46.000000;2016-01-23T03:49:46.000000;d74c9b99-5034-4c16-9a74-c3b86ba4ebcb;387.0;1.0;UNKNOWN
2016-01-23T03:49:46.000000;2016-01-23T03:49:46.000000;8e052559-8b81-4d5b-bafb-6a973e153fa2;387.38;14.7519;UNKNOWN
2016-01-23T03:49:46.000000;2016-01-23T03:49:46.000000;aee19d0e-eeac-40a8-af63-95b4e23a4fea;387.22;15.071;UNKNOWN
2016-01-23T03:49:46.000000;2016-01-23T03:49:46.000000;af7d42de-d238-497c-a992-5f82ab329831;386.98;6.4496;UNKNOWN
2016-01-23T03:49:58.000000;2016-01-23T03:49:58.000000;a6c4662d-07af-46a3-b26c-cc8499dd59df;387.73;14.9069;UNKNOWN
2016-01-23T03:49:58.000000;2016-01-23T03:49:58.000000;d8a8f157-b73b-4d83-89ac-8bdcf5f87c39;387.64;0.197;UNKNOWN
2016-01-23T03:49:58.000000;2016-01-23T03:49:58.000000;c14f224c-5ef4-4f0f-8cba-18a410296a0c;387.9;11.8461;UNKNOWN
2016-01-23T03:49:58.000000;2016-01-23T03:49:58.000000;d77ac2c5-2c79-476f-8ce7-7ca15a611c9a;387.89;0.05;UNKNOWN
2016-01-23T03:51:05.000000;2016-01-23T03:51:05.000000;e525cfc8-7837-432b-97f9-bb52cc0d26c9;387.66;0.3;UNKNOWN
2016-01-23T03:51:14.000000;2016-01-23T03:51:14.000000;d6b92a37-a9cb-444c-b31e-96ebc241c56f;387.38;0.01;UNKNOWN
2016-01-23T03:51:14.000000;2016-01-23T03:51:14.000000;0554f78e-cd0b-4e61-abb3-072ff6e32fc2;387.39;0.1;UNKNOWN
2016-01-23T03:51:33.000000;2016-01-23T03:51:33.000000;345861af-756d-463f-a110-4254361e894e;387.21;2.5;UNKNOWN
2016-01-23T03:52:37.000000;2016-01-23T03:52:37.000000;f2e1e20d-60e7-4563-8955-70872801f0cb;388.06;0.1243;UNKNOWN
2016-01-23T03:52:37.000000;2016-01-23T03:52:37.000000;fb00fca7-ada0-4642-938d-dc5e70d477ec;388.02;0.1;UNKNOWN
2016-01-23T03:52:37.000000;2016-01-23T03:52:37.000000;48cee0ec-c03f-46ab-835e-12939a204264;388.03;0.3;UNKNOWN
2016-01-23T03:52:37.000000;2016-01-23T03:52:37.000000;7e514b77-f782-4f3c-ab9f-b6df13d64ac1;387.99;0.05;UNKNOWN
2016-01-23T03:54:04.000000;2016-01-23T03:54:04.000000;56a9d1ca-104c-4ad3-8c2e-0911244ae984;387.83;0.05;UNKNOWN
2016-01-23T03:55:10.000000;2016-01-23T03:55:10.000000;e2b6c411-5c60-4d23-b04b-e9f60c09156e;388.01;0.1;UNKNOWN
2016-01-23T03:55:10.000000;2016-01-23T03:55:10.000000;3de8be10-aaf2-48e0-a7b1-af8a99acb86e;388.03;0.1;UNKNOWN
2016-01-23T03:55:34.000000;2016-01-23T03:55:34.000000;2dbfa7f5-b61f-4230-b605-a5a34eca4ba1;388.37;0.1;UNKNOWN
2016-01-23T03:55:34.000000;2016-01-23T03:55:34.000000;0ede9933-8a2c-4e9c-8933-37d55043e26e;388.36;0.027;UNKNOWN
2016-01-23T03:55:34.000000;2016-01-23T03:55:34.000000;09100211-7de9-4ebf-b118-79f2c91b0f95;388.36;15.3098;UNKNOWN
2016-01-23T03:55:34.000000;2016-01-23T03:55:34.000000;c97e1d27-a9b5-40a8-9dd2-feabc3f7d200;388.35;0.32;UNKNOWN
2016-01-23T03:55:34.000000;2016-01-23T03:55:34.000000;c923cc3c-4a26-4fd8-b4cf-aeaede74e490;388.35;0.1;UNKNOWN
2016-01-23T03:55:34.000000;2016-01-23T03:55:34.000000;5cb0fe6c-b682-4391-b78f-adaec9731e45;388.36;6.3987;UNKNOWN
2016-01-23T03:55:38.000000;2016-01-23T03:55:38.000000;15a0f076-ecaa-45dd-8ce3-33352d21cc9d;388.37;0.1;UNKNOWN
2016-01-23T03:55:50.000000;2016-01-23T03:55:50.000000;9aba8c9d-dac4-4adc-ae53-46494f156028;388.37;2.9;UNKNOWN
2016-01-23T03:55:50.000000;2016-01-23T03:55:50.000000;a83a31e1-d75a-44e4-8e5b-cf2e082810fd;388.38;0.1;UNKNOWN
2016-01-23T03:56:03.000000;2016-01-23T03:56:03.000000;c2492ee2-8155-476f-bd7d-c85fbf6d1300;388.37;0.77;UNKNOWN
2016-01-23T03:56:05.000000;2016-01-23T03:56:05.000000;8081f809-104f-4d02-8762-d2eb3f83b3ce;388.37;0.1;UNKNOWN
2016-01-23T03:56:06.000000;2016-01-23T03:56:06.000000;08979529-ec89-472b-9cb5-b1265c03330a;388.37;0.48;UNKNOWN
2016-01-23T03:56:17.000000;2016-01-23T03:56:17.000000;ec66afe8-2133-4072-989f-7a88df618228;388.37;3.0;UNKNOWN
2016-01-23T03:56:31.000000;2016-01-23T03:56:31.000000;b591799c-5d25-4348-b10a-a6c6768ca29a;388.37;0.024;UNKNOWN
2016-01-23T03:56:33.000000;2016-01-23T03:56:33.000000;dec77cac-09ba-4d6f-a08c-a71ee495d982;388.37;0.129;UNKNOWN
2016-01-23T03:57:24.000000;2016-01-23T03:57:24.000000;6b44dfbf-b0b7-47fb-8e40-1aa05a8dddbe;387.84;0.2;UNKNOWN
2016-01-23T03:57:55.000000;2016-01-23T03:57:55.000000;99f025f5-a223-4d01-901e-99b1aed07872;387.84;5.988;UNKNOWN
2016-01-23T03:58:06.000000;2016-01-23T03:58:06.000000;1d2f97f3-5c7a-499f-96ba-5c9377689a17;388.07;0.104;UNKNOWN
2016-01-23T03:58:06.000000;2016-01-23T03:58:06.000000;4b870724-3797-41e7-93ea-a0d81f916e39;388.07;0.1;UNKNOWN
2016-01-23T04:00:33.000000;2016-01-23T04:00:33.000000;ae15b144-b17b-4185-a24b-6c75b2efbb35;387.13;0.07732325;UNKNOWN
2016-01-23T04:03:03.000000;2016-01-23T04:03:03.000000;72aa347c-4c80-40e0-b272-6a2808e8a27e;387.07;0.07760699;UNKNOWN
2016-01-23T04:03:10.000000;2016-01-23T04:03:10.000000;d6fe22eb-3f0b-4ef3-bc61-867884b497b2;387.11;0.014726;UNKNOWN
2016-01-23T04:03:12.000000;2016-01-23T04:03:12.000000;b464b529-c13d-4486-bdff-9f3b5dfabdff;387.12;0.041324;UNKNOWN
2016-01-23T04:03:23.000000;2016-01-23T04:03:23.000000;75dc1779-d32a-4ee0-8279-314e724f4384;387.27;0.05093205;UNKNOWN
2016-01-23T04:03:37.000000;2016-01-23T04:03:37.000000;388564e0-ef54-48ce-af13-99190340289a;387.38;2.15;UNKNOWN
2016-01-23T04:05:02.000000;2016-01-23T04:05:02.000000;8e847b2b-c3b3-4920-8944-95cf11d57911;388.1;0.437;UNKNOWN
2016-01-23T04:05:05.000000;2016-01-23T04:05:05.000000;0c44a6e1-0d13-4a2a-81b1-e6d0bead78de;388.1;0.43225367;UNKNOWN
2016-01-23T04:05:45.000000;2016-01-23T04:05:45.000000;5eb18a1b-3236-44a2-9aa2-377c03990c63;388.19;0.01;UNKNOWN
2016-01-23T04:05:45.000000;2016-01-23T04:05:45.000000;07ad0eb4-695a-4de2-98b5-9f5901a65eb1;388.19;0.12;UNKNOWN
2016-01-23T04:05:45.000000;2016-01-23T04:05:45.000000;7ae68da5-2688-44eb-bb19-1aa6c21faca3;388.42;0.068326;UNKNOWN
2016-01-23T04:05:45.000000;2016-01-23T04:05:45.000000;34ffdad4-4400-4190-81c1-21653b8b9fe6;388.2;0.1;UNKNOWN
2016-01-23T04:05:45.000000;2016-01-23T04:05:45.000000;ebb259d0-1354-46df-8adf-b3a50f770dd5;388.2;1.0;UNKNOWN
2016-01-23T04:05:45.000000;2016-01-23T04:05:45.000000;f26295a1-c3a9-4e45-89d9-936b2742d26d;388.45;1.201674;UNKNOWN
2016-01-23T04:07:22.000000;2016-01-23T04:07:22.000000;1a6deb68-a95e-4f13-894e-cc554c5b39b8;388.2;0.1;UNKNOWN
2016-01-23T04:08:03.000000;2016-01-23T04:08:03.000000;e2e7e1cd-30ae-497c-a559-c4865fce4d79;388.46;0.111498;UNKNOWN
2016-01-23T04:08:03.000000;2016-01-23T04:08:03.000000;d0cf259a-e960-415c-8644-48fdf66028d6;388.46;0.1;UNKNOWN
2016-01-23T04:08:04.000000;2016-01-23T04:08:04.000000;40bf2f6e-dcac-459c-baae-562b0540c2c5;388.46;0.140593;UNKNOWN
2016-01-23T04:08:28.000000;2016-01-23T04:08:28.000000;9cb83791-d30f-4c13-b2f6-f76e301d940b;388.48;2.75;UNKNOWN
2016-01-23T04:08:28.000000;2016-01-23T04:08:28.000000;cfc7cfb3-60da-43c7-b276-2e056596758c;388.69;0.2;UNKNOWN
2016-01-23T04:08:28.000000;2016-01-23T04:08:28.000000;68c031dd-2e05-4c4d-8a70-b0241f6f8daf;388.48;0.05;UNKNOWN
2016-01-23T04:08:33.000000;2016-01-23T04:08:33.000000;cc99b7f9-439d-4f46-8b24-f87f5dbd1cd7;388.51;2.85;UNKNOWN
2016-01-23T04:08:38.000000;2016-01-23T04:08:38.000000;560e42b3-b021-42c0-a63e-7f8665d57d8e;388.69;3.0;UNKNOWN
2016-01-23T04:09:03.000000;2016-01-23T04:09:03.000000;be2d2675-621f-46f9-9d04-8bd86df98c93;388.48;0.1;UNKNOWN
2016-01-23T04:09:03.000000;2016-01-23T04:09:03.000000;74d9db0f-babd-4929-8d74-b86ac7d36348;388.47;0.00316406;UNKNOWN
2016-01-23T04:09:03.000000;2016-01-23T04:09:03.000000;dd0c5288-cd14-4edd-9b8e-786084ff4b35;388.47;0.30617108;UNKNOWN
2016-01-23T04:09:23.000000;2016-01-23T04:09:23.000000;0b8de4a0-3808-4648-b81b-620076c6a2b4;388.6;0.09646154;UNKNOWN
2016-01-23T04:09:24.000000;2016-01-23T04:09:24.000000;7d2377e0-4e54-4815-992a-c4da31c831e1;388.61;0.5;UNKNOWN
2016-01-23T04:09:24.000000;2016-01-23T04:09:24.000000;79de863d-66d9-4299-950d-b71747bf8b45;388.61;0.1525;UNKNOWN
2016-01-23T04:09:33.000000;2016-01-23T04:09:33.000000;b92f62ce-0e3b-43c1-8c9c-ca04c9e2dac5;388.7;1.0;UNKNOWN
2016-01-23T04:09:34.000000;2016-01-23T04:09:34.000000;c6f19aaa-df7e-4cf3-939e-e6d356152bd0;388.7;1.0;UNKNOWN
2016-01-23T04:09:38.000000;2016-01-23T04:09:38.000000;a45997b9-62f6-4ffc-96cd-866817e1c6c7;388.79;0.05;UNKNOWN
2016-01-23T04:09:38.000000;2016-01-23T04:09:38.000000;47549a02-83fe-41fb-b20f-d0a907136b00;388.72;0.03;UNKNOWN
2016-01-23T04:09:38.000000;2016-01-23T04:09:38.000000;30713c0f-8e36-4bb2-963b-2f135305352b;388.7;0.89274909;UNKNOWN
2016-01-23T04:09:50.000000;2016-01-23T04:09:50.000000;c552d497-6f5a-42e2-8f69-85182815bf74;388.89;7.0;UNKNOWN
2016-01-23T04:10:24.000000;2016-01-23T04:10:24.000000;47502f65-a342-473e-ba9e-dc3266c3befa;388.9;2.0;UNKNOWN
2016-01-23T04:10:51.000000;2016-01-23T04:10:51.000000;f6274a49-f301-4038-a647-f52b2e6d9458;388.89;1.0;UNKNOWN
2016-01-23T04:11:08.000000;2016-01-23T04:11:08.000000;faf8ac95-ec76-4764-8ed9-abc969196ac2;388.89;6.0;UNKNOWN
2016-01-23T04:11:40.000000;2016-01-23T04:11:40.000000;6f32fc67-2104-4eb3-9d1b-d59ba53e090b;388.89;5.0;UNKNOWN
2016-01-23T04:12:05.000000;2016-01-23T04:12:05.000000;3b020011-2912-4085-836b-4413c77d1aab;388.89;0.520789;UNKNOWN
2016-01-23T04:13:46.000000;2016-01-23T04:13:46.000000;a2817184-4a9b-4237-8f0b-e5e9b890658b;388.89;4.0;UNKNOWN
2016-01-23T04:13:51.000000;2016-01-23T04:13:51.000000;1422c8a2-f1d4-44d0-929d-97b9289b84be;388.89;2.0;UNKNOWN
2016-01-23T04:13:57.000000;2016-01-23T04:13:57.000000;f7eb6314-d7cb-41c6-a7ba-fd71e8601723;388.9;15.349;UNKNOWN
2016-01-23T04:14:55.000000;2016-01-23T04:14:55.000000;69a0fe85-018a-4819-8377-7118802061df;388.98;0.1;UNKNOWN
2016-01-23T04:14:58.000000;2016-01-23T04:14:58.000000;ddcdaf0a-dfdd-4895-a9db-362db705574d;388.9;0.1;UNKNOWN
2016-01-23T04:14:58.000000;2016-01-23T04:14:58.000000;7e77df94-fdb1-4d04-a062-1188dd10549f;388.89;4.479211;UNKNOWN
2016-01-23T04:14:58.000000;2016-01-23T04:14:58.000000;f0010b69-01ed-44ff-a0f4-2fb4f4c27d35;388.63;3.420789;UNKNOWN
2016-01-23T04:15:04.000000;2016-01-23T04:15:04.000000;89f2a4b8-e5ee-44d0-b15a-7b1c82a51519;388.13;10.0;UNKNOWN
2016-01-23T04:15:05.000000;2016-01-23T04:15:05.000000;5ccd11d0-240d-4996-9098-5008ce2f83a7;388.97;0.01820309;UNKNOWN
2016-01-23T04:15:05.000000;2016-01-23T04:15:05.000000;568d6d0b-231b-44ca-8279-469b8c566b80;388.89;0.033032;UNKNOWN
2016-01-23T04:15:05.000000;2016-01-23T04:15:05.000000;3e977e62-3d14-4a8f-9b98-395031fcf5a6;388.9;0.1;UNKNOWN
2016-01-23T04:15:07.000000;2016-01-23T04:15:07.000000;283efd80-8538-49ab-adbc-0f2fa36ba7e4;388.14;2.1;UNKNOWN
2016-01-23T04:15:15.000000;2016-01-23T04:15:15.000000;c5193069-586c-46ef-a5b0-320422114720;387.98;0.012987;UNKNOWN
2016-01-23T04:17:45.000000;2016-01-23T04:17:45.000000;52903196-890a-4dfa-ab03-ebfe59d9b6f8;388.55;0.15;UNKNOWN
2016-01-23T04:17:55.000000;2016-01-23T04:17:55.000000;cde3004e-9e04-4e86-abf9-d2f202862236;388.97;0.0733;UNKNOWN
2016-01-23T04:19:30.000000;2016-01-23T04:19:30.000000;ae09c943-75cb-4f14-a670-9abaf434f9ed;388.71;0.046962;UNKNOWN
2016-01-23T04:19:48.000000;2016-01-23T04:19:48.000000;daf0244a-a575-4fbc-a3d3-45850f03e12f;388.78;0.41;UNKNOWN
2016-01-23T04:19:53.000000;2016-01-23T04:19:53.000000;4e81824f-956e-45eb-b58b-478897b8d867;388.78;0.07;UNKNOWN
2016-01-23T04:20:19.000000;2016-01-23T04:20:19.000000;e67fe897-ca9e-43bf-acdb-c70f35b01366;388.88;0.1;UNKNOWN
2016-01-23T04:20:19.000000;2016-01-23T04:20:19.000000;a970b380-a399-4ede-9a7a-620397e265ae;388.89;12.23934394;UNKNOWN
2016-01-23T04:20:29.000000;2016-01-23T04:20:29.000000;38f11e6b-b913-4d86-8212-f101c8d12f58;388.62;0.1;UNKNOWN
2016-01-23T04:20:29.000000;2016-01-23T04:20:29.000000;6bf0ea08-5e77-4e0a-b2df-3a583d0848ac;388.62;0.53;UNKNOWN
2016-01-23T04:20:56.000000;2016-01-23T04:20:56.000000;229c9a25-dcac-4161-a070-3b207d6b0ac1;388.89;3.4627;UNKNOWN
2016-01-23T04:20:56.000000;2016-01-23T04:20:56.000000;8f139fd0-b9c4-4c44-bd2b-9ddd7a446141;388.87;6.4243;UNKNOWN
2016-01-23T04:20:56.000000;2016-01-23T04:20:56.000000;514f6c9e-ef8c-478e-b4e6-2dc8650d60c8;388.87;0.1;UNKNOWN
2016-01-23T04:20:56.000000;2016-01-23T04:20:56.000000;006be4ad-67df-44bb-b240-d7fe62050a61;388.88;0.013;UNKNOWN
2016-01-23T04:21:03.000000;2016-01-23T04:21:03.000000;9c848061-f66e-40c0-be24-7d9b0d73a8e2;388.83;0.5;UNKNOWN
2016-01-23T04:21:03.000000;2016-01-23T04:21:03.000000;e49c34a0-d930-427c-a513-7048a414e1c3;388.83;6.3977;UNKNOWN
2016-01-23T04:21:03.000000;2016-01-23T04:21:03.000000;a3f7f86a-313d-4866-8682-bb51f2fc07ae;388.8;0.1;UNKNOWN
2016-01-23T04:21:03.000000;2016-01-23T04:21:03.000000;d802785e-5151-41c5-9358-a7d8efb3fc3d;388.82;20.27;UNKNOWN
2016-01-23T04:21:03.000000;2016-01-23T04:21:03.000000;e119e66c-7380-4972-8dae-197ba6fd9521;388.83;3.0;UNKNOWN
2016-01-23T04:21:04.000000;2016-01-23T04:21:04.000000;be60f7f5-22ea-4b7c-a84d-d013771f975d;388.8;0.1;UNKNOWN
2016-01-23T04:21:05.000000;2016-01-23T04:21:05.000000;ebda5e44-ed0a-47bd-b6d8-b1b290d16346;388.58;0.0246072;UNKNOWN
2016-01-23T04:21:10.000000;2016-01-23T04:21:10.000000;22a72d3d-0ed4-4a8d-a6ff-43f289300244;388.78;0.1;UNKNOWN
2016-01-23T04:21:13.000000;2016-01-23T04:21:13.000000;15bf9ce6-9a58-44a7-9167-12437b62d818;388.77;0.5;UNKNOWN
2016-01-23T04:21:13.000000;2016-01-23T04:21:13.000000;bdf0a691-8316-4773-9f90-9eb29892e8d2;388.6;0.2605;UNKNOWN
2016-01-23T04:21:26.000000;2016-01-23T04:21:26.000000;da3d2b97-2263-4cba-ab8a-aa23c4198c4a;388.8;19.0;UNKNOWN
2016-01-23T04:21:43.000000;2016-01-23T04:21:43.000000;d6dbcb9f-a7e4-4da6-9ca5-a07120a025e0;388.79;0.02574259;UNKNOWN
2016-01-23T04:21:45.000000;2016-01-23T04:21:45.000000;87bf0dba-95ae-49ce-9b25-18edf1faf2e3;388.8;0.6323;UNKNOWN
2016-01-23T04:21:45.000000;2016-01-23T04:21:45.000000;4127413c-7b99-4c0c-b995-b726b5db8b7a;388.85;0.0991;UNKNOWN
2016-01-23T04:23:03.000000;2016-01-23T04:23:03.000000;665b260a-f7b6-4a6f-8b47-1d1a4ce4fb2e;388.99;0.1;UNKNOWN
2016-01-23T04:23:21.000000;2016-01-23T04:23:21.000000;992145ee-0db0-4f7f-8959-915bb5ec0e6c;389.0;0.1;UNKNOWN
2016-01-23T04:24:40.000000;2016-01-23T04:24:40.000000;e3577ff0-6bbe-4745-a0c2-c5ae1dd132ae;388.99;0.98;UNKNOWN
2016-01-23T04:24:58.000000;2016-01-23T04:24:58.000000;24a70287-5cc6-47e1-925f-228381bba3ae;389.0;0.0109;UNKNOWN
2016-01-23T04:25:06.000000;2016-01-23T04:25:06.000000;4d608cd9-d583-4ec0-9853-acfb5d2d5ed8;388.99;2.96093128;UNKNOWN
2016-01-23T04:25:07.000000;2016-01-23T04:25:07.000000;eb4203aa-640f-4272-a169-5911f7374b69;389.0;0.37651566;UNKNOWN
2016-01-23T04:25:09.000000;2016-01-23T04:25:09.000000;d07212ce-b699-4c63-95bd-41c15b99cf74;389.0;0.05798341;UNKNOWN
2016-01-23T04:25:40.000000;2016-01-23T04:25:40.000000;447be22b-75f4-4be0-ac59-c67822713119;389.0;1.0;UNKNOWN
2016-01-23T04:25:40.000000;2016-01-23T04:25:40.000000;621ddc6b-6841-44be-8374-888f5eb0cc31;389.0;1.45460093;UNKNOWN
2016-01-23T04:25:40.000000;2016-01-23T04:25:40.000000;c72129f1-2c88-44a1-a9d1-64ad37c436cd;389.0;2.0;UNKNOWN
2016-01-23T04:25:40.000000;2016-01-23T04:25:40.000000;47b8a5d9-8c57-41f3-b6d7-8d100a15776e;389.0;10.54539907;UNKNOWN
2016-01-23T04:26:05.000000;2016-01-23T04:26:05.000000;ee2ca036-97ba-4951-9396-5567913f385f;389.1;0.1;UNKNOWN
2016-01-23T04:26:05.000000;2016-01-23T04:26:05.000000;391a174d-e562-48b2-a3c2-54e7288e48b9;389.05;0.1;UNKNOWN
2016-01-23T04:26:05.000000;2016-01-23T04:26:05.000000;147fee19-9a03-4bff-9bea-dbe15e4df3ab;389.25;0.09988717;UNKNOWN
2016-01-23T04:26:11.000000;2016-01-23T04:26:11.000000;ee76f20f-3267-4afd-8ef5-a64aeeea5fd1;389.21;0.05;UNKNOWN
2016-01-23T04:26:37.000000;2016-01-23T04:26:37.000000;d7b0469b-0232-4fb6-a981-3f98d49c4f39;389.23;0.05;UNKNOWN
2016-01-23T04:27:35.000000;2016-01-23T04:27:35.000000;322f8921-ad49-448f-806f-45ea6f3e1e5f;389.25;0.00011283;UNKNOWN
2016-01-23T04:28:05.000000;2016-01-23T04:28:05.000000;83e863a7-71d1-4331-81cf-5af0cd706909;389.49;1.5;UNKNOWN
2016-01-23T04:28:59.000000;2016-01-23T04:28:59.000000;d9031f7d-3588-46f9-bd53-dce05d69a287;389.48;0.064302;UNKNOWN
2016-01-23T04:29:05.000000;2016-01-23T04:29:05.000000;8559b764-0135-43e6-867b-82962c81bba2;389.48;0.01004;UNKNOWN
2016-01-23T04:29:06.000000;2016-01-23T04:29:06.000000;121ea49e-281a-45cb-8e96-a2b64a7f1a3d;389.49;0.7500345;UNKNOWN
2016-01-23T04:29:07.000000;2016-01-23T04:29:07.000000;948de11a-932f-4063-ba3f-63662f71510a;389.49;2.4000715;UNKNOWN
2016-01-23T04:29:13.000000;2016-01-23T04:29:13.000000;7c7f8815-d0b0-49bf-9ea7-befd191b808c;389.6;0.25;UNKNOWN
2016-01-23T04:29:13.000000;2016-01-23T04:29:13.000000;87effd31-7d3d-493d-b43c-24420a6c2b81;389.72;0.05;UNKNOWN
2016-01-23T04:29:13.000000;2016-01-23T04:29:13.000000;b09afdb0-c000-43e3-957b-1935adc952a1;389.78;2.1;UNKNOWN
2016-01-23T04:29:13.000000;2016-01-23T04:29:13.000000;3249fc73-4d56-4099-ab76-1ab74a6e31d6;389.6;0.1;UNKNOWN
2016-01-23T04:29:25.000000;2016-01-23T04:29:25.000000;ebd37ee7-4ffa-4923-a341-cffb17dc19c3;393.89;0.25845564;UNKNOWN
2016-01-23T04:29:25.000000;2016-01-23T04:29:25.000000;763c7cec-e6c3-4513-822d-90f4f5af63a7;392.0;0.05;UNKNOWN
2016-01-23T04:29:25.000000;2016-01-23T04:29:25.000000;d8823194-2df8-44f9-b33b-f0053bf3c11a;391.11;0.069404;UNKNOWN
2016-01-23T04:29:25.000000;2016-01-23T04:29:25.000000;cb38561c-17a7-4779-833e-e9250a9e18cf;392.86;0.01;UNKNOWN
2016-01-23T04:29:25.000000;2016-01-23T04:29:25.000000;4479d965-d3e7-441a-8890-93d44bd3f26b;392.6;0.1181;UNKNOWN
2016-01-23T04:29:25.000000;2016-01-23T04:29:25.000000;f5983bf1-ae24-44f0-8e15-f14eab3071ab;390.0;8.5;UNKNOWN
2016-01-23T04:29:25.000000;2016-01-23T04:29:25.000000;80e182ca-dede-4f8a-84a2-73026918ab11;390.0;1.0;UNKNOWN
2016-01-23T04:29:25.000000;2016-01-23T04:29:25.000000;1b85021e-02a2-45ab-940c-36fc71b51703;394.81;14.24598702;UNKNOWN
2016-01-23T04:29:25.000000;2016-01-23T04:29:25.000000;5dcc6904-4793-4a24-b6ff-85ff22f94c10;393.79;0.05;UNKNOWN
2016-01-23T04:29:25.000000;2016-01-23T04:29:25.000000;52908ff5-413c-4c5c-b1cc-865ce953035d;394.7;8.0;UNKNOWN
2016-01-23T04:29:25.000000;2016-01-23T04:29:25.000000;cdfef400-9275-45ba-84a4-993d0b4f6379;392.85;0.01;UNKNOWN
2016-01-23T04:29:25.000000;2016-01-23T04:29:25.000000;9f05803c-7596-4815-a119-adb76f99a7f5;393.88;2.888;UNKNOWN
2016-01-23T04:29:25.000000;2016-01-23T04:29:25.000000;748dbbeb-4ee9-41d8-83e2-70879dd28385;392.86;0.01;UNKNOWN
2016-01-23T04:29:25.000000;2016-01-23T04:29:25.000000;9329e78c-fe6a-4aef-82c7-208347e9f584;392.86;0.01;UNKNOWN
2016-01-23T04:29:25.000000;2016-01-23T04:29:25.000000;06402bb5-9225-486b-86cb-f6e93a7f065d;390.0;500.0;UNKNOWN
2016-01-23T04:29:25.000000;2016-01-23T04:29:25.000000;2f8028b7-fc0e-4b20-b14a-6f69c275372c;393.96;14.0492;UNKNOWN
2016-01-23T04:29:25.000000;2016-01-23T04:29:25.000000;ee1148d1-14be-4471-8afd-7e4d07ef332c;392.85;0.01;UNKNOWN
2016-01-23T04:29:25.000000;2016-01-23T04:29:25.000000;53a21f00-4245-4326-a4e9-779a79c69a9c;392.49;0.016;UNKNOWN
2016-01-23T04:29:25.000000;2016-01-23T04:29:25.000000;8820ba6c-6240-42cf-bf95-c6b1ff0b26f4;392.85;0.01;UNKNOWN
2016-01-23T04:29:25.000000;2016-01-23T04:29:25.000000;0547e5e4-a700-4029-9e98-85eb2a73a4c5;393.38;2.744;UNKNOWN
2016-01-23T04:29:25.000000;2016-01-23T04:29:25.000000;215432fb-48aa-4340-8582-3dc6a929fb1f;393.6;0.2;UNKNOWN
2016-01-23T04:29:25.000000;2016-01-23T04:29:25.000000;1d52fb9d-5040-41a1-ba60-e30aa5c42533;390.0;0.05;UNKNOWN
2016-01-23T04:29:25.000000;2016-01-23T04:29:25.000000;89925a43-1c2b-42dd-a5b2-f3bb6c21fc6e;394.81;3.0;UNKNOWN
2016-01-23T04:29:25.000000;2016-01-23T04:29:25.000000;7c57f994-fd49-46b4-a445-306f268f9d24;390.54;0.4;UNKNOWN
2016-01-23T04:29:25.000000;2016-01-23T04:29:25.000000;08631f85-eaac-4997-a9f9-f70050773b92;394.0;0.05;UNKNOWN
2016-01-23T04:29:25.000000;2016-01-23T04:29:25.000000;cd04b1c6-8468-4b8c-bf73-8f3116b70a54;390.63;0.3769;UNKNOWN
2016-01-23T04:29:25.000000;2016-01-23T04:29:25.000000;8435b978-e4f5-40b1-a3d1-e044a8436979;392.86;0.01;UNKNOWN
2016-01-23T04:29:25.000000;2016-01-23T04:29:25.000000;5a4ecea2-7439-45bf-9815-69056b7b6bf5;393.73;5.0;UNKNOWN
2016-01-23T04:29:25.000000;2016-01-23T04:29:25.000000;33b659fd-b799-4a5e-b130-bd0cb3f64438;390.0;1.0;UNKNOWN
2016-01-23T04:29:25.000000;2016-01-23T04:29:25.000000;1a3cfcb5-fe77-4f87-bc7a-2f2f50a8970e;394.7;6.0;UNKNOWN
2016-01-23T04:29:25.000000;2016-01-23T04:29:25.000000;250e0c88-6b6f-4a80-b22c-2f3e6f30c25d;392.86;0.01;UNKNOWN
2016-01-23T04:29:25.000000;2016-01-23T04:29:25.000000;1183318a-a187-4c08-9df7-94ff9242fde0;394.79;0.05;UNKNOWN
2016-01-23T04:29:25.000000;2016-01-23T04:29:25.000000;77df9c60-2afb-4eb6-8989-0f0576a82f33;394.0;0.5;UNKNOWN
2016-01-23T04:29:25.000000;2016-01-23T04:29:25.000000;5f8e8859-ba68-45cb-9b37-5201a0c6b313;393.5;0.03;UNKNOWN
2016-01-23T04:29:25.000000;2016-01-23T04:29:25.000000;3211feda-5d9d-4d3c-8ef3-3ac906b5c780;393.44;0.25;UNKNOWN
2016-01-23T04:29:25.000000;2016-01-23T04:29:25.000000;32db69d3-6be7-434d-80de-6fd2c958f795;392.86;0.01;UNKNOWN
2016-01-23T04:29:25.000000;2016-01-23T04:29:25.000000;287f134a-fa19-43a3-9db3-a5a2e019ba5a;392.86;0.01;UNKNOWN
2016-01-23T04:29:25.000000;2016-01-23T04:29:25.000000;b1d38c93-b663-45ca-b3ad-d86c8d685a32;390.0;0.01;UNKNOWN
2016-01-23T04:29:25.000000;2016-01-23T04:29:25.000000;74ceee37-d7cc-4c00-8203-2c8ed61f8f17;392.86;0.01;UNKNOWN
2016-01-23T04:29:25.000000;2016-01-23T04:29:25.000000;aa855e5f-3b37-4aba-8115-6ecb666fbaed;394.27;13.517;UNKNOWN
2016-01-23T04:29:25.000000;2016-01-23T04:29:25.000000;72c8efff-46e5-48ca-80d9-2cd60409a6cc;393.05;0.1;UNKNOWN
2016-01-23T04:29:25.000000;2016-01-23T04:29:25.000000;6af6a926-0e2f-48c6-bd12-7a20ad45ccab;392.86;0.01;UNKNOWN
2016-01-23T04:29:25.000000;2016-01-23T04:29:25.000000;862fd581-5dde-465a-ac16-480c65bc6ae2;393.45;14.996;UNKNOWN
2016-01-23T04:29:25.000000;2016-01-23T04:29:25.000000;e84a5157-2bbb-412f-9804-29fd987f40e6;390.03;0.05;UNKNOWN
2016-01-23T04:29:25.000000;2016-01-23T04:29:25.000000;9db373c2-2011-4e55-9349-9ae1f0c0ea32;390.79;0.05;UNKNOWN
2016-01-23T04:29:25.000000;2016-01-23T04:29:25.000000;5c731e01-71b7-4a18-9559-74f8224b287a;392.86;0.01;UNKNOWN
2016-01-23T04:29:25.000000;2016-01-23T04:29:25.000000;70fce804-a173-4659-997e-79c490483a84;392.86;0.01;UNKNOWN
2016-01-23T04:29:25.000000;2016-01-23T04:29:25.000000;fea70a4d-38d1-424b-8978-ca6b45b4f9f6;391.1;15.7284;UNKNOWN
2016-01-23T04:29:25.000000;2016-01-23T04:29:25.000000;27f4f5b2-bf41-49ad-92af-4cf1ae2e7ee6;392.86;0.01;UNKNOWN
2016-01-23T04:29:25.000000;2016-01-23T04:29:25.000000;c8c3ce90-9a63-495f-8d09-a9ac3c583776;391.57;0.63867104;UNKNOWN
2016-01-23T04:29:25.000000;2016-01-23T04:29:25.000000;fbb37d97-c68b-42ed-817d-f8035bbb4ab1;391.26;12.5;UNKNOWN
2016-01-23T04:29:25.000000;2016-01-23T04:29:25.000000;ee1bc262-ba34-44e2-8130-4d6865df930a;392.68;31.42831004;UNKNOWN
2016-01-23T04:29:25.000000;2016-01-23T04:29:25.000000;eaf6ea90-dda6-4d43-b2ac-2c6af988d5c1;391.51;19.8848;UNKNOWN
2016-01-23T04:29:25.000000;2016-01-23T04:29:25.000000;596f2fab-96f8-43fb-ae6e-e65c654dd8e5;392.0;5.0;UNKNOWN
2016-01-23T04:29:25.000000;2016-01-23T04:29:25.000000;877f8773-1630-4eaf-b8cd-a4872d175063;390.23;0.25;UNKNOWN
2016-01-23T04:29:25.000000;2016-01-23T04:29:25.000000;65593167-b479-4d0a-8b85-7eb1b5f3683f;392.86;0.01;UNKNOWN
2016-01-23T04:29:25.000000;2016-01-23T04:29:25.000000;0c68f3b9-6bce-460f-8361-9b67fb3df4cf;390.7;18.6657;UNKNOWN
2016-01-23T04:29:25.000000;2016-01-23T04:29:25.000000;3f9fd767-b267-44da-8ebd-44f8d83f7799;392.5;22.5;UNKNOWN
2016-01-23T04:29:25.000000;2016-01-23T04:29:25.000000;dfaa0ef1-8dd6-484d-a6a8-bd08aef7c984;390.93;16.993;UNKNOWN
2016-01-23T04:29:25.000000;2016-01-23T04:29:25.000000;7c11fec5-747f-4c78-a31a-88a442898afb;392.85;0.01;UNKNOWN
2016-01-23T04:29:25.000000;2016-01-23T04:29:25.000000;a7439dc7-a239-4ca6-9abd-d79266076b0e;392.11;10.0;UNKNOWN
2016-01-23T04:29:25.000000;2016-01-23T04:29:25.000000;6be855ac-bad0-4ef4-a160-cb39312695e3;392.85;0.01;UNKNOWN
2016-01-23T04:29:25.000000;2016-01-23T04:29:25.000000;aa8d5094-7c84-44a6-a550-55d8ff777367;392.85;0.01;UNKNOWN
2016-01-23T04:29:25.000000;2016-01-23T04:29:25.000000;6591d655-f29d-497a-b59d-244d2d7bbd88;390.11;0.15;UNKNOWN
2016-01-23T04:29:25.000000;2016-01-23T04:29:25.000000;a3497474-f535-4c2e-8b8b-79ff9f8a357b;391.5;22.5;UNKNOWN
2016-01-23T04:29:25.000000;2016-01-23T04:29:25.000000;1e8cb8cc-2930-40fb-9f85-5bfef4e39887;391.1;0.25;UNKNOWN
2016-01-23T04:29:25.000000;2016-01-23T04:29:25.000000;c4d2965b-c399-4768-90b1-600bc6ad2147;390.49;10.0;UNKNOWN
2016-01-23T04:29:25.000000;2016-01-23T04:29:25.000000;1a432c40-a561-4f94-8690-3a6a132d6b5b;391.0;0.05;UNKNOWN
2016-01-23T04:29:25.000000;2016-01-23T04:29:25.000000;d63fd310-ac37-40ae-af3c-509ea7314909;391.44;0.25;UNKNOWN
2016-01-23T04:29:25.000000;2016-01-23T04:29:25.000000;9448fcf2-f799-4e96-bb49-d95fd7833734;391.32;16.914;UNKNOWN
2016-01-23T04:29:25.000000;2016-01-23T04:29:25.000000;c51efd5f-0461-4495-9ed9-73c73c861907;392.73;3.033;UNKNOWN
2016-01-23T04:29:25.000000;2016-01-23T04:29:25.000000;62c970f4-20ee-4e07-95ee-c2a959edbd25;391.21;0.01;UNKNOWN
2016-01-23T04:29:25.000000;2016-01-23T04:29:25.000000;96d62805-a363-4f8c-84bf-c5aedc6ef94e;390.51;17.3213;UNKNOWN
2016-01-23T04:29:25.000000;2016-01-23T04:29:25.000000;201f2c2b-a1d9-48e1-aa30-db05c0de0b58;391.2;2.86;UNKNOWN
2016-01-23T04:29:25.000000;2016-01-23T04:29:25.000000;5071dac1-46be-4bbe-a032-877fed4016d1;390.91;0.0399708;UNKNOWN
2016-01-23T04:29:25.000000;2016-01-23T04:29:25.000000;081b7300-3c99-4232-a1b9-9718ea7d03e8;392.85;0.01;UNKNOWN
2016-01-23T04:29:25.000000;2016-01-23T04:29:25.000000;c5b800c0-9c23-4c0c-81c2-94d34b86e402;391.5;0.1;UNKNOWN
2016-01-23T04:29:25.000000;2016-01-23T04:29:25.000000;5583f34e-874a-4aa5-ac22-d4917b120bec;392.5;5.0;UNKNOWN
2016-01-23T04:29:25.000000;2016-01-23T04:29:25.000000;5d2d3d0b-a2a2-444b-90fa-22696edd2386;392.58;16.0079;UNKNOWN
2016-01-23T04:29:25.000000;2016-01-23T04:29:25.000000;7a499b01-a85c-4788-a3c3-f28b631687e1;393.63;15.5286;UNKNOWN
2016-01-23T04:29:25.000000;2016-01-23T04:29:25.000000;68e9ce5c-d696-40b5-8244-47ffb8a54a19;392.82;0.01;UNKNOWN
2016-01-23T04:29:25.000000;2016-01-23T04:29:25.000000;7eb65aac-2060-4248-a10c-eb8ebc90d631;392.85;0.01;UNKNOWN
2016-01-23T04:29:25.000000;2016-01-23T04:29:25.000000;bace5d65-7cda-4ae3-9222-1c5874424b83;390.0;1.0;UNKNOWN
2016-01-23T04:29:25.000000;2016-01-23T04:29:25.000000;83fe55fb-c87e-42fa-baf9-69fd83f49f3d;393.0;0.05;UNKNOWN
2016-01-23T04:29:25.000000;2016-01-23T04:29:25.000000;a20cb51d-c9e5-4236-9cc9-3573b9a67914;394.65;12.0;UNKNOWN
2016-01-23T04:29:25.000000;2016-01-23T04:29:25.000000;730bff40-0a16-4c54-862e-9ad5bbb85919;393.0;5.0;UNKNOWN
2016-01-23T04:29:25.000000;2016-01-23T04:29:25.000000;185d551c-14ab-4ecb-a0df-9ed99908ceaa;394.17;0.01425764;UNKNOWN
2016-01-23T04:29:25.000000;2016-01-23T04:29:25.000000;1d6dc113-38cc-4e49-a21f-d4094963198a;392.88;0.01;UNKNOWN
2016-01-23T04:29:25.000000;2016-01-23T04:29:25.000000;8c5878c6-423c-462a-98ce-2ce04342e1ad;392.86;0.01;UNKNOWN
2016-01-23T04:29:25.000000;2016-01-23T04:29:25.000000;93270494-6fb9-455b-b4df-55601ff3c25d;392.79;0.05;UNKNOWN
2016-01-23T04:29:25.000000;2016-01-23T04:29:25.000000;fdd90f46-25a8-4de5-8c33-9204050c8498;394.21;40.0;UNKNOWN
2016-01-23T04:29:25.000000;2016-01-23T04:29:25.000000;3e374cc1-d26d-46a5-9aa9-7cc343ddb179;393.24;15.3061;UNKNOWN
2016-01-23T04:29:25.000000;2016-01-23T04:29:25.000000;e42f896d-e8a1-44c3-a2fe-d77e42c3012c;392.74;13.6563;UNKNOWN
2016-01-23T04:29:25.000000;2016-01-23T04:29:25.000000;5efc79a3-460d-4847-bd86-24e95344da53;394.0;5.00999999;UNKNOWN
2016-01-23T04:29:25.000000;2016-01-23T04:29:25.000000;55647065-a412-4cc0-bd0d-fb39a15753de;394.6;15.2347;UNKNOWN
2016-01-23T04:29:25.000000;2016-01-23T04:29:25.000000;b4b5cac7-92c5-4e5e-84ae-9e8776d3bcea;391.54;0.4;UNKNOWN
2016-01-23T04:29:25.000000;2016-01-23T04:29:25.000000;93ba0e0c-8850-4a17-b123-df1b91513f8f;390.0;50.0;UNKNOWN
2016-01-23T04:29:25.000000;2016-01-23T04:29:25.000000;e925a67f-db0b-4517-982e-1984709beccb;390.0;5.0;UNKNOWN
2016-01-23T04:29:25.000000;2016-01-23T04:29:25.000000;23e3c610-208a-488e-82a8-3078041474a9;392.85;0.01;UNKNOWN
2016-01-23T04:29:25.000000;2016-01-23T04:29:25.000000;2d81bb8c-3606-44ee-9144-304dcfcac248;392.84;0.01;UNKNOWN
2016-01-23T04:29:25.000000;2016-01-23T04:29:25.000000;1c1d5a95-de5c-4cf7-8c69-4a43b0c7eaee;392.85;0.01;UNKNOWN
2016-01-23T04:29:25.000000;2016-01-23T04:29:25.000000;1fc8aa17-f66a-4edf-8930-5205207494d5;391.5;0.25;UNKNOWN
2016-01-23T04:29:25.000000;2016-01-23T04:29:25.000000;f883f3d2-1660-44d1-8046-28ce9a960d63;392.5;50.0;UNKNOWN
2016-01-23T04:29:25.000000;2016-01-23T04:29:25.000000;b1833e25-c218-46e5-a099-cd945f7b178d;390.0;10.0;UNKNOWN
2016-01-23T04:29:25.000000;2016-01-23T04:29:25.000000;aca6b160-f24e-478e-8452-68447c505410;392.89;0.01;UNKNOWN
2016-01-23T04:29:25.000000;2016-01-23T04:29:25.000000;fecde7cc-fd9c-4159-8f42-8df47205dad4;391.0;0.125;UNKNOWN
2016-01-23T04:29:25.000000;2016-01-23T04:29:25.000000;8c557de2-8c71-44ac-b051-f551f7918e25;392.88;0.01;UNKNOWN
2016-01-23T04:29:25.000000;2016-01-23T04:29:25.000000;4cdb41a6-8f0e-400b-ba78-7900428c2eef;392.21;10.0;UNKNOWN
2016-01-23T04:29:25.000000;2016-01-23T04:29:25.000000;b5c95fe9-3b6e-4c01-8184-6c379aab7ad1;391.0;0.25;UNKNOWN
2016-01-23T04:29:25.000000;2016-01-23T04:29:25.000000;c03de50b-15e7-4b89-93bd-68586c708159;392.97;0.01;UNKNOWN
2016-01-23T04:29:25.000000;2016-01-23T04:29:25.000000;09017c08-7b2c-451b-be1a-999aa21924d3;391.76;19.4118;UNKNOWN
2016-01-23T04:29:25.000000;2016-01-23T04:29:25.000000;01cc0715-b380-4007-aced-b8a80300428c;394.6;0.2;UNKNOWN
2016-01-23T04:29:25.000000;2016-01-23T04:29:25.000000;39468285-f056-4653-a974-7040233f9bd4;391.89;17.0;UNKNOWN
2016-01-23T04:29:25.000000;2016-01-23T04:29:25.000000;ad58bd6d-9f5d-4519-b216-39b3e37fc063;394.45;13.1432;UNKNOWN
2016-01-23T04:29:25.000000;2016-01-23T04:29:25.000000;feae52e0-60cb-4567-8c29-02ec77a8f8b7;393.78;16.0814;UNKNOWN
2016-01-23T04:29:25.000000;2016-01-23T04:29:25.000000;8ffd85e1-e0cd-4c7b-bf3e-13954d3440dd;392.0;0.5;UNKNOWN
2016-01-23T04:29:25.000000;2016-01-23T04:29:25.000000;7695df81-332b-44ef-a71b-ab11300519ff;392.18;0.25;UNKNOWN
2016-01-23T04:29:25.000000;2016-01-23T04:29:25.000000;a7604ee2-5753-4a23-a612-b8fdd426f51d;393.09;12.9242;UNKNOWN
2016-01-23T04:29:25.000000;2016-01-23T04:29:25.000000;09968bfa-31e5-4be3-b943-ec7c09e4c63d;389.78;9.63;UNKNOWN
2016-01-23T04:29:25.000000;2016-01-23T04:29:25.000000;554fca7f-a922-41f6-aebb-d66e73a58997;392.16;16.9142;UNKNOWN
2016-01-23T04:29:25.000000;2016-01-23T04:29:25.000000;46e6b80e-fb76-4319-a42d-9338fb4cda9c;392.93;0.1005;UNKNOWN
2016-01-23T04:29:25.000000;2016-01-23T04:29:25.000000;32470084-5756-4252-b4b8-5373a27104c9;393.64;0.6;UNKNOWN
2016-01-23T04:29:25.000000;2016-01-23T04:29:25.000000;43704b43-450a-42aa-8e89-ebf90dac7f3d;392.88;1.0;UNKNOWN
2016-01-23T04:29:25.000000;2016-01-23T04:29:25.000000;c6dba477-48de-45d4-a682-0c2cf3ed3cae;394.0;25.0;UNKNOWN
2016-01-23T04:29:25.000000;2016-01-23T04:29:25.000000;5b030291-22f1-4fc1-a8c8-0c355b76e2e5;393.72;50.0;UNKNOWN
2016-01-23T04:29:25.000000;2016-01-23T04:29:25.000000;f4636cf1-fb33-458e-b661-e6f71c3384d4;392.91;12.7616;UNKNOWN
2016-01-23T04:29:25.000000;2016-01-23T04:29:25.000000;8fd596c4-ce66-40a3-a00f-86c246d847f3;389.99;0.25897241;UNKNOWN
2016-01-23T04:29:25.000000;2016-01-23T04:29:25.000000;dba094fc-dddd-4124-8dfa-7ade22d480ab;393.72;0.01;UNKNOWN
2016-01-23T04:29:25.000000;2016-01-23T04:29:25.000000;038a0e69-3ee5-4465-89da-a52318806877;392.2;18.89;UNKNOWN
2016-01-23T04:29:25.000000;2016-01-23T04:29:25.000000;4ac5bf15-ea1b-47b4-a351-f1481e8db6c5;392.15;1.11;UNKNOWN
2016-01-23T04:29:25.000000;2016-01-23T04:29:25.000000;81e31773-33f4-4e56-a5c3-bf7800fa7c73;392.89;0.01;UNKNOWN
2016-01-23T04:29:25.000000;2016-01-23T04:29:25.000000;397ebfcf-a9f5-426e-9864-a9a6981e778d;392.12;10.0;UNKNOWN
2016-01-23T04:29:25.000000;2016-01-23T04:29:25.000000;00b8f08a-de35-4903-8e75-1cbe4e926a94;392.38;17.564;UNKNOWN
2016-01-23T04:29:25.000000;2016-01-23T04:29:25.000000;80585879-5cfe-4ab3-86fa-6fbf5e5ab1a2;391.79;0.05;UNKNOWN
2016-01-23T04:29:25.000000;2016-01-23T04:29:25.000000;79d4243b-e650-4667-8cb2-773da2ebd9e4;392.84;0.01;UNKNOWN
2016-01-23T04:29:25.000000;2016-01-23T04:29:25.000000;f6dbfa8b-edce-4ea7-b0ab-b31e91bbfbc8;392.88;0.01;UNKNOWN
2016-01-23T04:29:25.000000;2016-01-23T04:29:25.000000;fb43595f-1219-4e82-b421-fc02269c98a0;394.11;13.3174;UNKNOWN
2016-01-23T04:29:25.000000;2016-01-23T04:29:25.000000;658a3ce6-615a-40f2-b844-ffea1e6a022c;389.8;5.0;UNKNOWN
2016-01-23T04:29:25.000000;2016-01-23T04:29:25.000000;314743a2-f21a-4089-9552-9c0f4e65105b;389.9;2.0;UNKNOWN
2016-01-23T04:29:25.000000;2016-01-23T04:29:25.000000;2f4cce3e-75dd-4e2f-95b5-fea616bda7f5;389.8;88.0;UNKNOWN
2016-01-23T04:29:25.000000;2016-01-23T04:29:25.000000;91013294-83b5-414f-a5e5-3b0cf71212bf;392.05;0.102;UNKNOWN
2016-01-23T04:29:25.000000;2016-01-23T04:29:25.000000;1ee4fe10-5f02-4351-b4c5-98b79b705edd;391.64;0.03997142;UNKNOWN
2016-01-23T04:29:25.000000;2016-01-23T04:29:25.000000;6204ddd5-7cb7-4a51-95c9-1f9332f6a7a8;389.79;0.05;UNKNOWN
2016-01-23T04:29:25.000000;2016-01-23T04:29:25.000000;59ca9b96-c770-4308-9800-2d6e9a09bbe2;391.98;18.6917;UNKNOWN
2016-01-23T04:29:25.000000;2016-01-23T04:29:25.000000;af3c5196-418c-4f81-9c43-30353719fab3;389.9;20.0;UNKNOWN
2016-01-23T04:29:30.000000;2016-01-23T04:29:30.000000;07f0779f-8aba-4dcf-ad2e-71c5e154fb69;391.97;0.24;UNKNOWN
2016-01-23T04:29:30.000000;2016-01-23T04:29:30.000000;68b7d504-d189-4495-81d8-af0e943d32ac;391.2;2.76;UNKNOWN
2016-01-23T04:29:32.000000;2016-01-23T04:29:32.000000;e523794c-3145-4b0e-9658-2f4ccb139af3;393.99;0.015;UNKNOWN
2016-01-23T04:29:32.000000;2016-01-23T04:29:32.000000;4c410a72-d151-4be4-be3c-22ecfe632299;393.99;2.0;UNKNOWN
2016-01-23T04:29:32.000000;2016-01-23T04:29:32.000000;0e9e431d-bb21-4d59-b00c-ce60379ea3b5;392.49;8.81;UNKNOWN
2016-01-23T04:29:32.000000;2016-01-23T04:29:32.000000;3d739f44-6980-4ce6-8239-ec471ce10dae;393.14;2.21284085;UNKNOWN
2016-01-23T04:29:32.000000;2016-01-23T04:29:32.000000;22d4d81e-800f-451a-8b5e-24445e0f309a;393.99;5.47464085;UNKNOWN
2016-01-23T04:29:32.000000;2016-01-23T04:29:32.000000;06c4a664-58d2-44e5-b89c-80c306ec1b7b;392.49;9.19;UNKNOWN
2016-01-23T04:29:32.000000;2016-01-23T04:29:32.000000;ae9dfb6f-d712-40ee-bbf6-e1ddc60950cb;392.14;0.63;UNKNOWN
2016-01-23T04:29:32.000000;2016-01-23T04:29:32.000000;4ed5345e-5e9b-4508-81a2-e68cb835e456;392.15;10.0;UNKNOWN
2016-01-23T04:29:32.000000;2016-01-23T04:29:32.000000;8dfe2399-4837-497f-83ce-573baae9aa01;393.14;0.53715915;UNKNOWN
2016-01-23T04:29:32.000000;2016-01-23T04:29:32.000000;77958fa9-ef66-4ddd-8db6-3af461725b8e;392.33;0.01;UNKNOWN
2016-01-23T04:29:32.000000;2016-01-23T04:29:32.000000;eb844932-b7d9-4555-a9fa-aba7f0df4533;392.18;0.05;UNKNOWN
2016-01-23T04:29:32.000000;2016-01-23T04:29:32.000000;4f08ac43-9b98-4e5a-935a-0f55146a9e29;392.14;8.75;UNKNOWN
2016-01-23T04:29:32.000000;2016-01-23T04:29:32.000000;965e18ab-a18d-4314-89f8-011d773e2203;392.14;1.0;UNKNOWN
2016-01-23T04:29:32.000000;2016-01-23T04:29:32.000000;67c48cb1-d128-422a-8a2c-65e17126f089;392.49;2.0;UNKNOWN
2016-01-23T04:29:32.000000;2016-01-23T04:29:32.000000;b1167040-e906-4c64-8f49-88411be47c3b;393.99;6.0;UNKNOWN
2016-01-23T04:29:32.000000;2016-01-23T04:29:32.000000;af04843e-1ee3-41cd-b390-ee20d0eb768b;393.99;13.13715915;UNKNOWN
2016-01-23T04:29:32.000000;2016-01-23T04:29:32.000000;0939254b-4801-4e3a-a139-8435d7f9b20f;393.99;4.3;UNKNOWN
2016-01-23T04:29:32.000000;2016-01-23T04:29:32.000000;fb526348-8950-4e99-8edb-30e26a1f0b75;393.99;0.56284085;UNKNOWN
2016-01-23T04:29:34.000000;2016-01-23T04:29:34.000000;bc05882a-3634-4dfc-adae-389d4dcf3909;392.13;20.0;UNKNOWN
2016-01-23T04:29:34.000000;2016-01-23T04:29:34.000000;3161238d-b5f2-4ce4-99e8-b16154cdd00d;392.11;35.0;UNKNOWN
2016-01-23T04:29:34.000000;2016-01-23T04:29:34.000000;5cb1b03d-a8cf-484f-aaf0-89af26d9823a;392.85;16.98265755;UNKNOWN
2016-01-23T04:29:39.000000;2016-01-23T04:29:39.000000;bd8fe27a-1614-4625-a855-0fe4e0a78420;390.88;2.02100478;UNKNOWN
2016-01-23T04:29:39.000000;2016-01-23T04:29:39.000000;11d52532-21cd-4c64-8f61-37401fd94c18;392.13;0.5;UNKNOWN
2016-01-23T04:29:39.000000;2016-01-23T04:29:39.000000;3e3d1009-9dad-448c-a8b6-f3f0e8b0a409;392.13;0.353;UNKNOWN
2016-01-23T04:29:39.000000;2016-01-23T04:29:39.000000;3531bc67-1795-412e-bfd1-3def334beb1d;392.37;7.11526269;UNKNOWN
2016-01-23T04:29:39.000000;2016-01-23T04:29:39.000000;b4a2c728-eaf3-401b-a4e5-bb5b85f929ab;392.36;0.03173731;UNKNOWN
2016-01-23T04:29:43.000000;2016-01-23T04:29:43.000000;4da57d05-8ea3-4e25-94ec-09dbaf89b30c;391.96;0.2854;UNKNOWN
2016-01-23T04:29:43.000000;2016-01-23T04:29:43.000000;78558de5-5591-44d0-a881-9d44f89ccc53;392.83;0.5;UNKNOWN
2016-01-23T04:29:43.000000;2016-01-23T04:29:43.000000;0161b5b3-e44e-4dd8-9d4e-b9800a5a477f;392.83;0.01;UNKNOWN
2016-01-23T04:29:43.000000;2016-01-23T04:29:43.000000;0b478809-0105-4ff7-a234-390e317c42be;392.83;0.198;UNKNOWN
2016-01-23T04:29:43.000000;2016-01-23T04:29:43.000000;2f235861-a584-4404-8e3b-6ca6b862fd34;392.83;0.147;UNKNOWN
2016-01-23T04:29:43.000000;2016-01-23T04:29:43.000000;37e6b12e-dac2-47be-8383-8f36580100b8;392.83;0.4;UNKNOWN
2016-01-23T04:29:43.000000;2016-01-23T04:29:43.000000;d3302f9e-2978-4e8d-a12b-a1abd2796eb7;392.83;0.196;UNKNOWN
2016-01-23T04:29:43.000000;2016-01-23T04:29:43.000000;a43a74cd-cd59-403a-82a4-e22844c8ab55;392.85;0.18712279;UNKNOWN
2016-01-23T04:29:43.000000;2016-01-23T04:29:43.000000;3cda7f74-496a-48af-9dd8-b523d1251dbb;392.84;0.03449721;UNKNOWN
2016-01-23T04:29:44.000000;2016-01-23T04:29:44.000000;6e742f00-c448-4b48-9ddb-ef0203c6b6c3;392.9;0.21550279;UNKNOWN
2016-01-23T04:29:44.000000;2016-01-23T04:29:44.000000;097dd247-6d44-4fc4-9e63-dc30a7667f80;392.84;0.03449721;UNKNOWN
2016-01-23T04:29:46.000000;2016-01-23T04:29:46.000000;da6c620d-8ff6-4d64-b142-4897ebb0347d;391.92;2.78;UNKNOWN
2016-01-23T04:29:48.000000;2016-01-23T04:29:48.000000;79a6d6ce-c283-4180-bc58-53788bdbcba1;392.13;0.72;UNKNOWN
2016-01-23T04:29:51.000000;2016-01-23T04:29:51.000000;aee96b5a-a783-4071-aae5-fe9807af2cf9;392.97;0.01;UNKNOWN
2016-01-23T04:29:51.000000;2016-01-23T04:29:51.000000;f2a85189-cc07-4952-95ec-6d62a61931f2;392.97;0.062;UNKNOWN
2016-01-23T04:29:51.000000;2016-01-23T04:29:51.000000;d7d4d57b-c2b4-4850-8083-9c8d140ec064;392.97;0.465;UNKNOWN
2016-01-23T04:29:51.000000;2016-01-23T04:29:51.000000;74d4e06a-3916-40dd-9eec-3eb4fcf839a0;393.15;0.40352911;UNKNOWN
2016-01-23T04:29:51.000000;2016-01-23T04:29:51.000000;502deb23-7920-4b59-84d2-837b66b3153e;392.97;0.035;UNKNOWN
2016-01-23T04:29:51.000000;2016-01-23T04:29:51.000000;abb6567d-0ba5-4126-b34a-19721ed8caf2;393.14;0.03447089;UNKNOWN
2016-01-23T04:29:54.000000;2016-01-23T04:29:54.000000;181ae68f-0758-4d2e-916f-e8b98cec4906;392.75;0.03175131;UNKNOWN
2016-01-23T04:29:54.000000;2016-01-23T04:29:54.000000;71779784-8448-499b-9369-de8c873b245b;393.13;0.024;UNKNOWN
2016-01-23T04:29:54.000000;2016-01-23T04:29:54.000000;51bb2693-b642-4e5d-a5da-afbf378f95c5;393.13;0.041;UNKNOWN
2016-01-23T04:29:54.000000;2016-01-23T04:29:54.000000;f3cb1611-93b1-461d-a98c-434567d5cdf8;393.15;0.935;UNKNOWN
2016-01-23T04:29:54.000000;2016-01-23T04:29:54.000000;b4875e94-daa5-4cfa-9bc3-4687611dd8ab;392.76;0.03175131;UNKNOWN
2016-01-23T04:29:54.000000;2016-01-23T04:29:54.000000;a013aea0-1349-4ff0-9605-8a4275dd7406;392.76;0.03175131;UNKNOWN
2016-01-23T04:29:55.000000;2016-01-23T04:29:55.000000;0566b6db-bc9e-46f2-a733-d829f5c5127c;392.78;0.03175131;UNKNOWN
2016-01-23T04:29:58.000000;2016-01-23T04:29:58.000000;179c972c-cc79-460d-ae9b-2b1230cb07cb;392.6;0.03116474;UNKNOWN
2016-01-23T04:29:58.000000;2016-01-23T04:29:58.000000;77e59350-555c-43d3-a496-20ea06f022b6;392.6;0.08968842;UNKNOWN
2016-01-23T04:30:00.000000;2016-01-23T04:30:00.000000;07ca1523-4b36-4211-abc9-aec30323c65b;393.14;0.059;UNKNOWN
2016-01-23T04:30:00.000000;2016-01-23T04:30:00.000000;08709e25-5698-4beb-bc41-634153c4ec03;393.15;1.44147089;UNKNOWN
2016-01-23T04:30:00.000000;2016-01-23T04:30:00.000000;7b6548a2-e17f-4892-91d1-de18af5c9394;393.9;19.6325;UNKNOWN
2016-01-23T04:30:00.000000;2016-01-23T04:30:00.000000;baea0e76-1a20-42bc-9c59-4b345672a746;392.6;0.08968438;UNKNOWN
2016-01-23T04:30:00.000000;2016-01-23T04:30:00.000000;74787f50-6f3d-4448-9a6c-591d36e66b64;393.46;1.245;UNKNOWN
2016-01-23T04:30:00.000000;2016-01-23T04:30:00.000000;badac0a2-0f01-4ce1-8734-6e59e461b831;393.14;0.28;UNKNOWN
2016-01-23T04:30:00.000000;2016-01-23T04:30:00.000000;a26fc478-3b2a-440d-946d-2bd39f63ae0a;393.14;0.12;UNKNOWN
2016-01-23T04:30:00.000000;2016-01-23T04:30:00.000000;0e026621-81c4-4b5e-83ff-78e120191b3d;394.12;1.0;UNKNOWN
2016-01-23T04:30:00.000000;2016-01-23T04:30:00.000000;6f66480d-611c-4c84-a6ae-573e6c69dc27;393.95;0.01;UNKNOWN
2016-01-23T04:30:00.000000;2016-01-23T04:30:00.000000;179ea073-6ec6-4522-b668-0880b0fc19a0;393.7;18.7647;UNKNOWN
2016-01-23T04:30:00.000000;2016-01-23T04:30:00.000000;bfae8894-4514-4c1a-ba42-b0f85370c24f;393.14;0.01943438;UNKNOWN
2016-01-23T04:30:00.000000;2016-01-23T04:30:00.000000;8c67b1b1-97d1-4da7-b53f-85110fc9673b;394.12;13.90632911;UNKNOWN
2016-01-23T04:30:02.000000;2016-01-23T04:30:02.000000;6f325e6c-9ed9-4321-a9af-fb43aed0a29b;393.15;0.1;UNKNOWN
2016-01-23T04:30:02.000000;2016-01-23T04:30:02.000000;41d9047c-1340-4ab7-8660-f28c5a51e19a;393.15;0.341;UNKNOWN
2016-01-23T04:30:03.000000;2016-01-23T04:30:03.000000;f991309d-7ca0-4e4d-a0e8-b79a39e89553;393.16;0.05;UNKNOWN
2016-01-23T04:30:03.000000;2016-01-23T04:30:03.000000;36b34ada-e994-469a-bcfd-06f074371966;393.15;0.059;UNKNOWN
2016-01-23T04:30:05.000000;2016-01-23T04:30:05.000000;3f06eaf3-9cc0-4d76-8b0d-531c432238fb;393.17;0.2361;UNKNOWN
2016-01-23T04:30:05.000000;2016-01-23T04:30:05.000000;f00e8f48-d58e-41ab-954c-2728ad74b6f8;393.18;0.01007;UNKNOWN
2016-01-23T04:30:06.000000;2016-01-23T04:30:06.000000;868faa4b-340c-49d1-9895-43223271031f;393.57;0.334;UNKNOWN
2016-01-23T04:30:06.000000;2016-01-23T04:30:06.000000;241a0929-d0e0-4a34-9de8-2e05bee19d6a;393.18;0.01007;UNKNOWN
2016-01-23T04:30:06.000000;2016-01-23T04:30:06.000000;973779a3-e749-4839-b1c1-904205ac9c75;393.57;0.47054117;UNKNOWN
2016-01-23T04:30:06.000000;2016-01-23T04:30:06.000000;2b137480-7790-4fc9-8844-c7b7858dd81f;393.57;0.4;UNKNOWN
2016-01-23T04:30:06.000000;2016-01-23T04:30:06.000000;437fe025-18a3-44c4-9df6-41e546ab3d5b;393.57;0.166;UNKNOWN
2016-01-23T04:30:11.000000;2016-01-23T04:30:11.000000;181dacf5-74b0-4c78-8b5b-ea618e893906;393.2;0.1;UNKNOWN
2016-01-23T04:30:13.000000;2016-01-23T04:30:13.000000;fe257e21-fb3e-4a43-8682-125470c96d8f;394.1;0.88835653;UNKNOWN
2016-01-23T04:30:23.000000;2016-01-23T04:30:23.000000;dbd46239-4d91-4084-9df1-23ade3e6e1a5;394.08;0.0295;UNKNOWN
2016-01-23T04:30:23.000000;2016-01-23T04:30:23.000000;85530311-f741-4893-ba2d-45d3acb3f675;394.08;0.5;UNKNOWN
2016-01-23T04:30:23.000000;2016-01-23T04:30:23.000000;9d5f9693-c94d-42ed-b5ae-a346be48d146;394.08;0.4705;UNKNOWN
2016-01-23T04:30:24.000000;2016-01-23T04:30:24.000000;5c33d983-e7c8-44f6-bd52-f8f62b05fde7;393.59;0.01;UNKNOWN
2016-01-23T04:30:28.000000;2016-01-23T04:30:28.000000;93cd212f-2edf-4b26-95d6-523d983beae0;393.6;0.01;UNKNOWN
2016-01-23T04:30:29.000000;2016-01-23T04:30:29.000000;f8cde675-1bd1-4344-bd66-a99f22b10cf9;393.6;0.02;UNKNOWN
2016-01-23T04:30:29.000000;2016-01-23T04:30:29.000000;301f4c5c-229a-4b6c-b56e-f3542d18ca97;394.07;0.4;UNKNOWN
2016-01-23T04:30:29.000000;2016-01-23T04:30:29.000000;b0be6e30-46da-44df-b8f4-9ef60eb98d54;394.08;0.5;UNKNOWN
2016-01-23T04:30:29.000000;2016-01-23T04:30:29.000000;fd5e536c-0f78-44d7-afbf-f4af3efacca5;394.36;6.1;UNKNOWN
2016-01-23T04:30:31.000000;2016-01-23T04:30:31.000000;01552a48-8701-4687-bdca-4f83a11a0553;393.62;2.02;UNKNOWN
2016-01-23T04:30:33.000000;2016-01-23T04:30:33.000000;dee2f973-1e89-4cf4-8e1f-51b7aa2e8c2e;393.66;4.1495;UNKNOWN
2016-01-23T04:30:45.000000;2016-01-23T04:30:45.000000;b47f0608-539c-4a12-83a7-2f5c65df0b0e;393.72;1.0;UNKNOWN
2016-01-23T04:30:53.000000;2016-01-23T04:30:53.000000;ded9cbfd-2507-49e3-8c96-5013ab444f89;393.75;0.5;UNKNOWN
2016-01-23T04:30:53.000000;2016-01-23T04:30:53.000000;7becb3b0-79d2-4f00-b3b3-0c4c5743a97f;393.75;0.5;UNKNOWN
2016-01-23T04:30:55.000000;2016-01-23T04:30:55.000000;9610eb00-c34f-4084-80ce-5dff7678197e;393.75;0.9;UNKNOWN
2016-01-23T04:30:55.000000;2016-01-23T04:30:55.000000;9c5a7493-0e35-472b-b312-737a86036781;393.76;0.1;UNKNOWN
2016-01-23T04:30:59.000000;2016-01-23T04:30:59.000000;45c7b5e5-dee9-48fe-a18b-aacff7e8e542;393.66;1.0;UNKNOWN
2016-01-23T04:31:00.000000;2016-01-23T04:31:00.000000;df0c9b86-1c39-444c-b10e-97a6bffad79e;393.66;0.01;UNKNOWN
2016-01-23T04:31:01.000000;2016-01-23T04:31:01.000000;46bbef10-bd98-475c-87cd-1012cf08dc40;393.66;0.05;UNKNOWN
2016-01-23T04:31:03.000000;2016-01-23T04:31:03.000000;17ee0e8e-37b8-4d52-9209-588f37353dac;393.67;0.05;UNKNOWN
2016-01-23T04:31:04.000000;2016-01-23T04:31:04.000000;f8f99077-690e-43af-8600-aefda80614db;393.67;0.289;UNKNOWN
2016-01-23T04:31:05.000000;2016-01-23T04:31:05.000000;7703d4cf-11de-4ea9-a889-bce053cfb9ac;393.67;0.01007;UNKNOWN
2016-01-23T04:31:07.000000;2016-01-23T04:31:07.000000;e904201a-3567-4e32-a75c-b39234f58fbc;393.58;0.01005;UNKNOWN
2016-01-23T04:31:08.000000;2016-01-23T04:31:08.000000;a1c7676d-2c4f-4277-b161-ec674497444e;393.58;0.01;UNKNOWN
2016-01-23T04:31:09.000000;2016-01-23T04:31:09.000000;b0842c0d-4bb6-42a4-bfac-bc8442d78d2b;393.58;1.0;UNKNOWN
2016-01-23T04:31:09.000000;2016-01-23T04:31:09.000000;70f1612e-2a26-4462-8ace-11efedeca64e;393.58;0.01;UNKNOWN
2016-01-23T04:31:14.000000;2016-01-23T04:31:14.000000;a53cb64c-4185-4633-97d6-d840dbf9da15;393.58;0.289;UNKNOWN
2016-01-23T04:31:18.000000;2016-01-23T04:31:18.000000;83ce4cce-4528-4728-9f2d-40f688df6ead;393.58;0.145;UNKNOWN
2016-01-23T04:31:21.000000;2016-01-23T04:31:21.000000;38e0df45-16c1-4cc9-9947-340232c18349;393.58;0.289;UNKNOWN
2016-01-23T04:31:24.000000;2016-01-23T04:31:24.000000;0b31d526-99d6-41eb-90f3-617b41b44ee0;393.58;1.0;UNKNOWN
2016-01-23T04:31:26.000000;2016-01-23T04:31:26.000000;04d2355f-8852-4dcf-bfde-ed5d3851a791;393.58;0.521;UNKNOWN
2016-01-23T04:31:26.000000;2016-01-23T04:31:26.000000;7e6c78d8-5403-45eb-8495-5ff39c9de13a;393.58;0.01;UNKNOWN
2016-01-23T04:31:26.000000;2016-01-23T04:31:26.000000;a960c9c4-faab-4b21-a149-9977755f46f7;393.58;0.04;UNKNOWN
2016-01-23T04:31:29.000000;2016-01-23T04:31:29.000000;5b87bebb-19ee-4e12-9fc8-542de6f652c8;393.58;1.67595;UNKNOWN
2016-01-23T04:31:31.000000;2016-01-23T04:31:31.000000;49eee837-294b-4318-956c-291f1a3dbd6a;393.18;13.18;UNKNOWN
2016-01-23T04:31:31.000000;2016-01-23T04:31:31.000000;425a4f2e-0436-4536-8d60-af4500a9565d;393.14;5.82;UNKNOWN
2016-01-23T04:31:32.000000;2016-01-23T04:31:32.000000;a7d32f67-93bc-4c64-b8d3-d5bad451e33b;392.67;6.11843438;UNKNOWN
2016-01-23T04:31:32.000000;2016-01-23T04:31:32.000000;7890b9fe-d1e6-41f4-ae4a-92cfcf57e970;393.15;6.51;UNKNOWN
2016-01-23T04:31:32.000000;2016-01-23T04:31:32.000000;570a6e0e-5777-4c06-aebc-c503fa896fe2;392.67;1.02;UNKNOWN
2016-01-23T04:31:32.000000;2016-01-23T04:31:32.000000;62a0464c-10d6-42e6-ac17-ebf2e5ac14cc;393.02;5.65;UNKNOWN
2016-01-23T04:31:32.000000;2016-01-23T04:31:32.000000;7c8189db-497a-452d-b895-943d0f494013;393.14;0.70156562;UNKNOWN
2016-01-23T04:31:34.000000;2016-01-23T04:31:34.000000;d61fde2f-2271-47f5-853b-d3c6353c3ace;392.78;0.30941143;UNKNOWN
2016-01-23T04:31:37.000000;2016-01-23T04:31:37.000000;bcc54711-e7bb-4938-9c7f-0460cd76d323;392.56;0.4007;UNKNOWN
2016-01-23T04:31:38.000000;2016-01-23T04:31:38.000000;38dc4e70-1815-4301-bf64-58f1163174d3;393.01;4.38;UNKNOWN
2016-01-23T04:31:46.000000;2016-01-23T04:31:46.000000;e0513621-b4ed-4766-9605-6ea1c5d13b39;392.68;0.0295;UNKNOWN
2016-01-23T04:31:50.000000;2016-01-23T04:31:50.000000;47058a0b-e860-4b44-88d6-990890701e5d;392.68;2.79;UNKNOWN
2016-01-23T04:31:50.000000;2016-01-23T04:31:50.000000;2755d614-813c-4ea3-a79f-d4fe9691bf41;392.69;0.1;UNKNOWN
2016-01-23T04:31:53.000000;2016-01-23T04:31:53.000000;037536fb-4862-4a30-ac91-fbfe9938ea0f;393.01;2.8978;UNKNOWN
2016-01-23T04:31:53.000000;2016-01-23T04:31:53.000000;e600667f-95cb-44bc-9866-96e9ca44a918;392.73;0.1;UNKNOWN
2016-01-23T04:31:53.000000;2016-01-23T04:31:53.000000;b1ee9285-759e-49f4-8861-c7e64acc6a59;392.72;0.5;UNKNOWN
2016-01-23T04:31:53.000000;2016-01-23T04:31:53.000000;14cc5358-cea4-45e8-9a5f-1fbee406358f;392.72;0.5;UNKNOWN
2016-01-23T04:31:58.000000;2016-01-23T04:31:58.000000;0a9e3a13-11e6-41be-b5d8-9b0575d3f113;392.37;1.0046;UNKNOWN
2016-01-23T04:32:03.000000;2016-01-23T04:32:03.000000;524496f6-316a-4774-b0c2-0c173e8b8ce5;391.9;0.05;UNKNOWN
2016-01-23T04:32:05.000000;2016-01-23T04:32:05.000000;cfac5eb3-b78c-4e3d-a277-089a83aea4df;392.14;0.01005;UNKNOWN
2016-01-23T04:32:06.000000;2016-01-23T04:32:06.000000;908d4657-71a8-411e-8d12-a399988e5044;391.96;3.5;UNKNOWN
2016-01-23T04:32:06.000000;2016-01-23T04:32:06.000000;d6aafa27-118c-43ad-a536-0aa2952c20eb;391.96;0.0731534;UNKNOWN
2016-01-23T04:32:10.000000;2016-01-23T04:32:10.000000;12d1ae09-180e-4fdf-a117-3a7a7cd9d698;391.96;0.7993;UNKNOWN
2016-01-23T04:32:20.000000;2016-01-23T04:32:20.000000;ac2b1394-a42b-4c1f-bc69-5b9cd4b976f7;391.93;1.02;UNKNOWN
2016-01-23T04:32:30.000000;2016-01-23T04:32:30.000000;e80ceb38-8d57-40db-8970-55ecfe8b60da;392.5;0.03;UNKNOWN
2016-01-23T04:32:30.000000;2016-01-23T04:32:30.000000;e3cceeb7-86f4-44a7-ac64-fdd31ad5995b;391.91;0.02;UNKNOWN
2016-01-23T04:32:41.000000;2016-01-23T04:32:41.000000;79af3da8-3be4-4635-9dda-9f013d424aeb;392.48;0.5;UNKNOWN
2016-01-23T04:32:52.000000;2016-01-23T04:32:52.000000;eaa75b36-1f76-4ca6-b799-f0bbe6966bbd;392.48;0.5;UNKNOWN
2016-01-23T04:32:56.000000;2016-01-23T04:32:56.000000;5e51b134-992f-40ec-b36a-c03e7c5d1ef3;392.48;0.38561403;UNKNOWN
2016-01-23T04:32:57.000000;2016-01-23T04:32:57.000000;2740e445-8ed9-4ed0-bea5-379dadd2204b;392.49;1.0;UNKNOWN
2016-01-23T04:33:05.000000;2016-01-23T04:33:05.000000;b45b7a11-476a-4bb3-8c03-928d5b33f635;392.48;0.01005;UNKNOWN
2016-01-23T04:33:07.000000;2016-01-23T04:33:07.000000;a8d5821a-569c-4177-b53c-39d1fd095174;392.48;0.01004;UNKNOWN
2016-01-23T04:33:08.000000;2016-01-23T04:33:08.000000;b70e80fc-3c89-4687-9f5e-1fe95270a721;392.48;0.01004;UNKNOWN
2016-01-23T04:33:09.000000;2016-01-23T04:33:09.000000;6e6b6b77-71f1-46d8-b19a-d7fb509d6d7c;392.48;0.01004;UNKNOWN
2016-01-23T04:33:18.000000;2016-01-23T04:33:18.000000;ddc25ea0-a514-40c8-b786-efd5c81cb314;392.48;1.0;UNKNOWN
2016-01-23T04:33:19.000000;2016-01-23T04:33:19.000000;229bc7be-3e21-42bd-8447-f241eb8086cc;392.48;0.5;UNKNOWN
2016-01-23T04:33:25.000000;2016-01-23T04:33:25.000000;6d294826-7e5f-44b5-abff-3454f45154ec;392.49;0.23;UNKNOWN
2016-01-23T04:33:28.000000;2016-01-23T04:33:28.000000;6094f356-7259-48ec-9a6f-210bd4055519;392.49;0.5;UNKNOWN
2016-01-23T04:33:29.000000;2016-01-23T04:33:29.000000;e6ac1b1e-2b86-470f-9d5d-c17e4b6003fb;392.48;0.02;UNKNOWN
2016-01-23T04:33:43.000000;2016-01-23T04:33:43.000000;fc9b2cf1-6849-4c62-8267-0f1831d5fdd7;392.48;0.5;UNKNOWN
2016-01-23T04:33:55.000000;2016-01-23T04:33:55.000000;83f15acd-beb2-4586-93b9-3fc7d409606e;392.48;0.4549;UNKNOWN
2016-01-23T04:34:03.000000;2016-01-23T04:34:03.000000;24f0a95d-d201-4e8e-b747-d1afffaa8247;392.48;0.4618;UNKNOWN
2016-01-23T04:34:05.000000;2016-01-23T04:34:05.000000;0ff8a6b8-88dc-4534-9c97-f415a3ce9591;392.48;0.01005;UNKNOWN
2016-01-23T04:34:06.000000;2016-01-23T04:34:06.000000;bb8525de-2e1c-40d5-bcc3-3d738dbac260;392.48;1.164;UNKNOWN
2016-01-23T04:34:08.000000;2016-01-23T04:34:08.000000;bc2c52c5-f2be-4e5d-9bb9-76577edf0a16;392.5;0.5;UNKNOWN
2016-01-23T04:34:11.000000;2016-01-23T04:34:11.000000;3549507b-5071-4a7a-975e-49afe14f19de;392.49;0.1;UNKNOWN
2016-01-23T04:34:13.000000;2016-01-23T04:34:13.000000;b18c6311-ba58-456f-bbe3-fb644a888c7e;392.48;1.0;UNKNOWN
2016-01-23T04:34:14.000000;2016-01-23T04:34:14.000000;981df5d7-e18e-4700-acc5-a939db591543;392.48;0.986;UNKNOWN
2016-01-23T04:34:20.000000;2016-01-23T04:34:20.000000;cba84630-f899-4949-9e4c-7b22948f7867;392.48;0.4268;UNKNOWN
2016-01-23T04:34:22.000000;2016-01-23T04:34:22.000000;46dace28-6c36-4ef5-95a5-c68f314a0f2c;392.48;1.0;UNKNOWN
2016-01-23T04:34:24.000000;2016-01-23T04:34:24.000000;5df90c1e-b2a0-4660-ba61-bcb9f73e0e94;392.48;1.0;UNKNOWN
2016-01-23T04:34:31.000000;2016-01-23T04:34:31.000000;479442d8-c586-48f0-a4ac-f83f0287b12b;392.48;1.0;UNKNOWN
2016-01-23T04:34:32.000000;2016-01-23T04:34:32.000000;4e4afa78-7f15-4142-934d-d56e42bc8795;392.48;4.0;UNKNOWN
2016-01-23T04:34:35.000000;2016-01-23T04:34:35.000000;0617149d-c72e-4c7a-821e-d480b367b83c;392.48;1.1998;UNKNOWN
2016-01-23T04:34:39.000000;2016-01-23T04:34:39.000000;9c44f526-34e7-4722-9a6d-7c945c1394cd;392.48;1.0;UNKNOWN
2016-01-23T04:34:42.000000;2016-01-23T04:34:42.000000;16ad277d-c2ec-4f78-9b8e-cd82313ffeb9;392.48;0.5;UNKNOWN
2016-01-23T04:34:43.000000;2016-01-23T04:34:43.000000;31d34e03-fa9f-4125-973d-70d1288dc67d;392.48;0.5;UNKNOWN
2016-01-23T04:34:44.000000;2016-01-23T04:34:44.000000;a1145487-97af-4c7d-abb1-557b3448b224;392.48;0.3987;UNKNOWN
2016-01-23T04:34:45.000000;2016-01-23T04:34:45.000000;1a0c2e20-5cd4-428b-b7c6-57807ff9d540;392.48;1.0;UNKNOWN
2016-01-23T04:34:52.000000;2016-01-23T04:34:52.000000;795a1a44-4e56-4078-8f4d-ce4ead024eeb;392.48;1.0;UNKNOWN
2016-01-23T04:34:56.000000;2016-01-23T04:34:56.000000;96a18ad4-bb4f-4880-81ce-39b549f7d320;392.48;0.2;UNKNOWN
2016-01-23T04:34:59.000000;2016-01-23T04:34:59.000000;bd59409a-d74b-4cfb-a251-69d0471c2f47;392.48;1.0;UNKNOWN
2016-01-23T04:35:00.000000;2016-01-23T04:35:00.000000;6053a50e-b746-4ccb-9fc3-7ab7febfa236;392.48;0.5024;UNKNOWN
2016-01-23T04:35:02.000000;2016-01-23T04:35:02.000000;19f59bb3-1d04-4f39-b599-97930a54add0;392.48;0.29;UNKNOWN
2016-01-23T04:35:05.000000;2016-01-23T04:35:05.000000;5de36d0c-a303-4f1a-9f71-8af58e24998a;392.48;1.0;UNKNOWN
2016-01-23T04:35:06.000000;2016-01-23T04:35:06.000000;5be1b8b9-135b-4187-ad16-4ddf1310e74d;392.48;0.70430441;UNKNOWN
2016-01-23T04:35:08.000000;2016-01-23T04:35:08.000000;30ad1e96-ea41-46ba-8279-bb37e5494497;392.48;1.47;UNKNOWN
2016-01-23T04:35:09.000000;2016-01-23T04:35:09.000000;bdceb033-076b-469c-a4f6-f79d02129645;392.48;0.29;UNKNOWN
2016-01-23T04:35:11.000000;2016-01-23T04:35:11.000000;a1fdfcde-5394-43dd-b9ed-ec449de08d45;392.48;1.0;UNKNOWN
2016-01-23T04:35:15.000000;2016-01-23T04:35:15.000000;8865bc8e-9110-4c5d-b7ba-4311ae22e2f9;392.48;0.4978;UNKNOWN
2016-01-23T04:35:17.000000;2016-01-23T04:35:17.000000;a36065fa-5562-4302-b624-f8bd390d8482;392.48;1.0;UNKNOWN
2016-01-23T04:35:28.000000;2016-01-23T04:35:28.000000;d20b75f2-68ad-4a86-93a0-3fa52caeefb6;392.48;1.49766156;UNKNOWN
2016-01-23T04:35:32.000000;2016-01-23T04:35:32.000000;26a6e832-315b-4bc4-ba46-8c9d8da56498;392.04;0.01;UNKNOWN
2016-01-23T04:36:06.000000;2016-01-23T04:36:06.000000;2463f298-a773-46d2-a3b2-e9875ba93934;391.91;0.01006;UNKNOWN
2016-01-23T04:36:07.000000;2016-01-23T04:36:07.000000;6a3ffbb5-a862-4426-99c7-797c45b6c73f;391.91;0.01006;UNKNOWN
2016-01-23T04:36:08.000000;2016-01-23T04:36:08.000000;3fd9ac47-462b-42b6-985b-155b3375fd62;391.91;0.01006;UNKNOWN
2016-01-23T04:36:09.000000;2016-01-23T04:36:09.000000;db91f934-446b-4617-8cb9-c997340c1c4b;392.35;2.51913054;UNKNOWN
2016-01-23T04:36:21.000000;2016-01-23T04:36:21.000000;b1933433-89e4-4560-ac12-f1738652bcdf;391.91;1.08804971;UNKNOWN
2016-01-23T04:36:29.000000;2016-01-23T04:36:29.000000;7520062e-c58b-4803-86fc-65732fc92a87;391.92;0.02;UNKNOWN
2016-01-23T04:36:44.000000;2016-01-23T04:36:44.000000;9867b3fb-55e5-4aa6-94ff-b03f19c63564;391.92;6.3006;UNKNOWN
2016-01-23T04:36:44.000000;2016-01-23T04:36:44.000000;403e9e5d-518c-4af8-b237-d62f708206a5;391.9;5.163;UNKNOWN
2016-01-23T04:36:44.000000;2016-01-23T04:36:44.000000;18619364-ba45-4ee8-b3bf-f62c28034e84;391.92;0.1;UNKNOWN
2016-01-23T04:36:44.000000;2016-01-23T04:36:44.000000;52451dfd-1f98-46b0-8c4c-1f3d65cc9fa3;391.92;0.05;UNKNOWN
2016-01-23T04:36:44.000000;2016-01-23T04:36:44.000000;d3c7857f-fc3c-4e47-8250-f1adee024cd7;391.71;2.3864;UNKNOWN
2016-01-23T04:36:58.000000;2016-01-23T04:36:58.000000;1260f2cd-0290-43ef-bf08-85bb0206a85e;391.46;0.4931;UNKNOWN
2016-01-23T04:37:01.000000;2016-01-23T04:37:01.000000;3eafd97e-2355-49a5-a7bd-8fbd141baea9;391.47;0.4;UNKNOWN
2016-01-23T04:37:05.000000;2016-01-23T04:37:05.000000;b1b4a689-77d3-4748-9d5e-94cddb0fdcb7;391.49;0.01006;UNKNOWN
2016-01-23T04:37:06.000000;2016-01-23T04:37:06.000000;f62ac69e-9c7a-4365-8ec9-fbe2212f5b31;391.5;0.01006;UNKNOWN
2016-01-23T04:37:59.000000;2016-01-23T04:37:59.000000;cf5a2a9b-648b-432a-9507-023fa2b853e9;391.87;0.02;UNKNOWN
2016-01-23T04:38:05.000000;2016-01-23T04:38:05.000000;36098254-01c2-4c14-a5f7-605c7507fb9f;391.93;0.01007;UNKNOWN
2016-01-23T04:38:14.000000;2016-01-23T04:38:14.000000;294718f7-b595-4430-a2a6-3abd45c5f71f;392.68;0.02;UNKNOWN
2016-01-23T04:38:21.000000;2016-01-23T04:38:21.000000;51e4742d-f99b-4ded-ab85-580eddd200c8;392.74;1.694;UNKNOWN
2016-01-23T04:38:21.000000;2016-01-23T04:38:21.000000;e0ac0163-76e0-4ad1-8c50-844eb029e372;392.74;6.306;UNKNOWN
2016-01-23T04:38:29.000000;2016-01-23T04:38:29.000000;af66d254-ae08-4279-980a-04628442649c;392.68;0.02;UNKNOWN
2016-01-23T04:38:49.000000;2016-01-23T04:38:49.000000;818af012-9615-4891-b657-be88acf76c4c;392.68;0.12;UNKNOWN
2016-01-23T04:39:01.000000;2016-01-23T04:39:01.000000;c89c19b1-da7d-4dd6-b59f-0f57e36c3ef5;392.68;0.02;UNKNOWN
2016-01-23T04:39:05.000000;2016-01-23T04:39:05.000000;58c0b604-27ab-4bb9-b916-3fc6a206d495;392.68;0.01006;UNKNOWN
2016-01-23T04:39:07.000000;2016-01-23T04:39:07.000000;1b8559c0-5242-4f07-99ae-a21ae847c18f;392.68;0.01006;UNKNOWN
2016-01-23T04:39:16.000000;2016-01-23T04:39:16.000000;2e488f4a-d0ec-438d-8a6b-6fa8859d0188;392.69;0.024;UNKNOWN
2016-01-23T04:39:29.000000;2016-01-23T04:39:29.000000;75beb91b-813f-4fe9-bfb1-414fa9120e17;392.68;0.02;UNKNOWN
2016-01-23T04:39:30.000000;2016-01-23T04:39:30.000000;7aa8f7ae-813e-443d-9d5a-9de8f7438145;392.66;0.02002;UNKNOWN
2016-01-23T04:39:30.000000;2016-01-23T04:39:30.000000;56ffa79d-8a6d-47e8-a3a3-0e1c6f213647;392.68;0.27988;UNKNOWN
2016-01-23T04:39:34.000000;2016-01-23T04:39:34.000000;6b2b128a-5094-422e-bbc2-c3a056a5813a;391.94;0.07;UNKNOWN
2016-01-23T04:39:34.000000;2016-01-23T04:39:34.000000;841453da-9a1c-4f0d-b75a-1794b4ca2a37;391.93;0.25002;UNKNOWN
2016-01-23T04:39:34.000000;2016-01-23T04:39:34.000000;4abdfd82-95ad-4697-996b-f3a7210e465f;392.66;0.07998;UNKNOWN
2016-01-23T04:39:41.000000;2016-01-23T04:39:41.000000;aff9d39e-d3d0-435d-8361-22253c92a6d5;391.72;0.29218145;UNKNOWN
2016-01-23T04:40:06.000000;2016-01-23T04:40:06.000000;b3cf8c63-7110-48ab-af85-53de86bf95ae;391.83;0.01007;UNKNOWN
2016-01-23T04:40:21.000000;2016-01-23T04:40:21.000000;1c1ddb4c-9939-438c-9cc5-6f38849e83b8;391.96;1.90445;UNKNOWN
2016-01-23T04:40:28.000000;2016-01-23T04:40:28.000000;960e0deb-4256-40f2-84f4-db6460e1fa3a;392.73;0.1;UNKNOWN
2016-01-23T04:40:28.000000;2016-01-23T04:40:28.000000;145cc16f-0f38-46e3-a921-90d790c1f61c;392.73;3.7;UNKNOWN
2016-01-23T04:40:43.000000;2016-01-23T04:40:43.000000;33f77390-da7a-466a-9e3b-3da20ecc970a;392.09;0.5;UNKNOWN
2016-01-23T04:40:44.000000;2016-01-23T04:40:44.000000;7b271434-f9e7-47a1-960e-9b09ceb8630a;392.75;3.5;UNKNOWN
2016-01-23T04:41:22.000000;2016-01-23T04:41:22.000000;d322db22-f9d5-423b-9a09-b3f2cf9fec24;392.31;0.5;UNKNOWN
2016-01-23T04:41:42.000000;2016-01-23T04:41:42.000000;3f459482-1535-4a55-bc80-eeaeb792ffd7;392.44;0.037;UNKNOWN
2016-01-23T04:42:03.000000;2016-01-23T04:42:03.000000;d4bfb375-4e89-4b50-8b19-796d0c9f98d2;392.44;0.02;UNKNOWN
2016-01-23T04:42:33.000000;2016-01-23T04:42:33.000000;e1288ed0-4b5a-4616-8c2a-668347ab2ceb;392.33;0.1;UNKNOWN
2016-01-23T04:42:39.000000;2016-01-23T04:42:39.000000;fbeb9e90-23cc-4597-81d9-918d29eed06c;392.06;0.01;UNKNOWN
2016-01-23T04:42:41.000000;2016-01-23T04:42:41.000000;3c8c177d-80e8-4eb9-a9f5-6a411995776f;391.79;0.01;UNKNOWN
2016-01-23T04:42:45.000000;2016-01-23T04:42:45.000000;66a237c8-e78a-4460-a5be-2b049ef94822;391.82;0.01;UNKNOWN
2016-01-23T04:42:52.000000;2016-01-23T04:42:52.000000;1a7f156f-9e52-43a0-810d-4c9c5d375fbb;391.83;0.403;UNKNOWN
2016-01-23T04:43:28.000000;2016-01-23T04:43:28.000000;d3d2df6d-cb28-476b-92cf-00b89b319e92;392.99;0.9;UNKNOWN
2016-01-23T04:43:28.000000;2016-01-23T04:43:28.000000;abec77ef-d08f-4178-a36f-e5b3782833d0;392.98;0.1;UNKNOWN
2016-01-23T04:43:41.000000;2016-01-23T04:43:41.000000;d5dcc455-82ac-4359-8248-3bee5dc5c85b;392.97;0.1194;UNKNOWN
2016-01-23T04:43:41.000000;2016-01-23T04:43:41.000000;70f71bd1-b80e-4b24-abe4-b1cf0bbf3f6a;392.96;0.1;UNKNOWN
2016-01-23T04:43:56.000000;2016-01-23T04:43:56.000000;ada4e29d-9462-41e6-91c6-4ed131e8b75b;392.4;1.31;UNKNOWN
2016-01-23T04:43:56.000000;2016-01-23T04:43:56.000000;435c34ab-0716-4700-ba5c-7dd6362fb23a;392.42;10.19;UNKNOWN
2016-01-23T04:43:56.000000;2016-01-23T04:43:56.000000;5dcbe28f-a266-4749-9e1c-fbbe9aab675b;392.41;0.5;UNKNOWN
2016-01-23T04:43:56.000000;2016-01-23T04:43:56.000000;13e924e6-9123-489f-b9e8-fe4cc845e021;392.41;3.0;UNKNOWN
2016-01-23T04:44:02.000000;2016-01-23T04:44:02.000000;6a2f6dd7-4727-4481-8770-d0e777b72325;392.98;0.1;UNKNOWN
2016-01-23T04:44:02.000000;2016-01-23T04:44:02.000000;bf2aa944-20b2-4fc4-bdea-8639b99f7a45;392.99;0.1;UNKNOWN
2016-01-23T04:44:02.000000;2016-01-23T04:44:02.000000;e310306c-edb2-49ca-a9a1-eec6d0fbd07a;392.99;0.15;UNKNOWN
2016-01-23T04:44:02.000000;2016-01-23T04:44:02.000000;f2686e9a-9ae8-4444-9ec4-f2082f686ee0;393.0;0.05;UNKNOWN
2016-01-23T04:44:02.000000;2016-01-23T04:44:02.000000;4e53660f-ca6c-473b-86fe-85cd0f1013c5;393.42;5.39;UNKNOWN
2016-01-23T04:44:17.000000;2016-01-23T04:44:17.000000;ab4b0c49-fe3a-41d2-8425-e05e02207bcb;392.83;8.5874;UNKNOWN
2016-01-23T04:44:17.000000;2016-01-23T04:44:17.000000;2fbbe01e-7a48-4415-836a-80bd11079973;392.83;6.3126;UNKNOWN
2016-01-23T04:44:17.000000;2016-01-23T04:44:17.000000;e8f8109f-0f61-4e6f-ba7a-f33338c915a4;393.27;0.1;UNKNOWN
2016-01-23T04:44:19.000000;2016-01-23T04:44:19.000000;61c9a972-9074-4c00-a459-259c3f108e7b;393.41;2.0;UNKNOWN
2016-01-23T04:44:32.000000;2016-01-23T04:44:32.000000;c8bbd87f-f2c4-453b-9fa8-6942a9bcf33e;392.99;2.0;UNKNOWN
2016-01-23T04:44:32.000000;2016-01-23T04:44:32.000000;c5b01662-2404-4d16-8373-2346b782ef3e;392.57;0.442;UNKNOWN
2016-01-23T04:44:35.000000;2016-01-23T04:44:35.000000;e87d3dee-6584-4d37-90bb-ed64a277d021;393.0;8.06;UNKNOWN
2016-01-23T04:44:36.000000;2016-01-23T04:44:36.000000;17566fa8-c771-4d6c-a851-d4f54708d02d;393.0;2.0;UNKNOWN
2016-01-23T04:44:40.000000;2016-01-23T04:44:40.000000;b9556f0a-784f-45db-b77b-e9adbe35fc73;393.0;0.04;UNKNOWN
2016-01-23T04:44:42.000000;2016-01-23T04:44:42.000000;a23f8ace-7c70-42c5-958c-ca2bbb5a1e2c;393.0;2.36;UNKNOWN
2016-01-23T04:44:45.000000;2016-01-23T04:44:45.000000;eaaf25cc-4ae6-418e-bfac-2544257b1e1c;393.0;2.54;UNKNOWN
2016-01-23T04:44:54.000000;2016-01-23T04:44:54.000000;b524af29-3cb7-4fcf-b12e-69219095fef1;393.52;9.03;UNKNOWN
2016-01-23T04:44:54.000000;2016-01-23T04:44:54.000000;7dc32b50-6fa7-4c15-849a-8664fc7ada61;393.28;5.97;UNKNOWN
2016-01-23T04:44:59.000000;2016-01-23T04:44:59.000000;ad2fcbe1-9503-4a10-b454-068bd3cb74ee;393.57;15.0;UNKNOWN
2016-01-23T04:45:02.000000;2016-01-23T04:45:02.000000;62ad122e-300c-4231-a46d-949eb0712c92;393.57;0.05;UNKNOWN
2016-01-23T04:45:06.000000;2016-01-23T04:45:06.000000;688fc4a7-cf72-48b6-b915-a1fdddcf981e;393.57;1.0;UNKNOWN
2016-01-23T04:45:12.000000;2016-01-23T04:45:12.000000;ed7c9066-9768-458e-9ff8-05a1ec0749ca;393.58;0.02;UNKNOWN
2016-01-23T04:45:14.000000;2016-01-23T04:45:14.000000;91c3199d-a2e9-441a-93ae-717e98cf060a;394.0;0.05;UNKNOWN
2016-01-23T04:45:14.000000;2016-01-23T04:45:14.000000;7d430788-3505-4960-962a-ec9c6ceae4fb;393.75;0.02;UNKNOWN
2016-01-23T04:45:14.000000;2016-01-23T04:45:14.000000;e5b5b0a9-ab19-42cf-8a0c-d4f802ef3cd2;394.0;2.0;UNKNOWN
2016-01-23T04:45:14.000000;2016-01-23T04:45:14.000000;714ca416-7a09-4de0-a539-b7204db4712a;393.99;6.3401;UNKNOWN
2016-01-23T04:45:15.000000;2016-01-23T04:45:15.000000;5b4a80cc-d9f2-40d8-9602-c7ff467a9c73;393.58;4.9101;UNKNOWN
2016-01-23T04:45:15.000000;2016-01-23T04:45:15.000000;3034f040-63aa-43e8-ab27-0a74f2097546;394.0;6.5899;UNKNOWN
2016-01-23T04:45:15.000000;2016-01-23T04:45:15.000000;ea51cfb4-8f50-4059-aa8c-bc9b30394b46;393.58;0.5;UNKNOWN
2016-01-23T04:45:15.000000;2016-01-23T04:45:15.000000;1fdabecc-01c4-460d-ab23-0f42d33ab7fd;393.58;3.0;UNKNOWN
2016-01-23T04:45:18.000000;2016-01-23T04:45:18.000000;f57ce04d-8d4a-46d6-9234-76ac78e07490;393.98;0.2;UNKNOWN
2016-01-23T04:45:22.000000;2016-01-23T04:45:22.000000;cbe784aa-de64-4ab1-805c-83c38d290c13;393.95;6.277;UNKNOWN
2016-01-23T04:45:22.000000;2016-01-23T04:45:22.000000;13aae835-bc19-4d0d-8842-c1476b7facaf;393.95;8.723;UNKNOWN
2016-01-23T04:45:23.000000;2016-01-23T04:45:23.000000;1a182424-8c55-4be6-b59f-35cf8992c6fd;393.95;0.4054;UNKNOWN
2016-01-23T04:45:27.000000;2016-01-23T04:45:27.000000;10ad3b96-0491-43f6-af17-341047dc38a0;393.73;15.0;UNKNOWN
2016-01-23T04:45:31.000000;2016-01-23T04:45:31.000000;7cce03df-00ca-4174-aec0-734909f1564a;393.52;0.4363;UNKNOWN
2016-01-23T04:45:36.000000;2016-01-23T04:45:36.000000;33dcffc8-b7f0-4c49-bd4f-feaa50db8da9;393.51;0.07972586;UNKNOWN
2016-01-23T04:45:40.000000;2016-01-23T04:45:40.000000;28348799-e6d1-4987-a314-d802fde396ad;393.93;0.49;UNKNOWN
2016-01-23T04:45:40.000000;2016-01-23T04:45:40.000000;c2693b0d-0578-484f-abeb-713d5766001e;393.93;0.01;UNKNOWN
2016-01-23T04:45:51.000000;2016-01-23T04:45:51.000000;88229369-7978-4cc0-9f1a-13cffb6a5ee2;393.72;2.0;UNKNOWN
2016-01-23T04:46:03.000000;2016-01-23T04:46:03.000000;922ba183-554a-4601-9775-28e4288256c8;393.51;1.0102;UNKNOWN
2016-01-23T04:46:09.000000;2016-01-23T04:46:09.000000;d15690ae-5c0a-4882-b815-c2a8c13a4555;393.51;1.0;UNKNOWN
2016-01-23T04:46:11.000000;2016-01-23T04:46:11.000000;7c242803-0a22-4746-875d-0b59f1c2ca3e;393.51;0.0197;UNKNOWN
2016-01-23T04:46:13.000000;2016-01-23T04:46:13.000000;ab0a048f-111f-42d7-ab7e-66a3518591cc;393.51;1.02;UNKNOWN
2016-01-23T04:46:13.000000;2016-01-23T04:46:13.000000;cef8e2b8-e9a7-4dd0-83d4-f25e98c02ced;393.51;0.3991;UNKNOWN
2016-01-23T04:46:21.000000;2016-01-23T04:46:21.000000;b2160e9c-4dce-4702-aa9d-21f7bfbf28fa;393.51;1.02;UNKNOWN
2016-01-23T04:47:01.000000;2016-01-23T04:47:01.000000;f29e9b6b-e9e0-461f-aa0c-82a5764641ca;393.27;0.1;UNKNOWN
2016-01-23T04:47:11.000000;2016-01-23T04:47:11.000000;bafc414f-3f57-4f4e-a662-de4d327716b9;393.08;0.1;UNKNOWN
2016-01-23T04:47:11.000000;2016-01-23T04:47:11.000000;2e098967-4595-49bb-a80f-e5b26b5e0923;393.26;0.118;UNKNOWN
2016-01-23T04:47:13.000000;2016-01-23T04:47:13.000000;ce3ce21c-027d-4f90-b2e5-cf40f6e08d95;393.04;0.03523608;UNKNOWN
2016-01-23T04:47:17.000000;2016-01-23T04:47:17.000000;b8c23265-5198-497b-96f5-b32b7b727116;393.05;0.77;UNKNOWN
2016-01-23T04:47:18.000000;2016-01-23T04:47:18.000000;571daf13-8ff5-4045-a3cd-d3cf595d5584;393.07;2.0;UNKNOWN
2016-01-23T04:47:30.000000;2016-01-23T04:47:30.000000;e8891632-28bf-436b-8c64-4837e86f539d;393.29;0.5;UNKNOWN
2016-01-23T04:47:30.000000;2016-01-23T04:47:30.000000;bd27ee4a-1333-47d0-895f-1fdf608eba8c;393.29;0.4;UNKNOWN
2016-01-23T04:47:44.000000;2016-01-23T04:47:44.000000;b7a5320e-9d26-418e-bdf4-ab6e2c4aa238;393.35;6.2934;UNKNOWN
2016-01-23T04:48:06.000000;2016-01-23T04:48:06.000000;09dc36b8-ea52-4dbe-9796-ca99697aae9c;393.35;0.49;UNKNOWN
2016-01-23T04:48:07.000000;2016-01-23T04:48:07.000000;38d62515-6b5b-4500-bc2c-35d84da260d0;393.35;0.01;UNKNOWN
2016-01-23T04:48:17.000000;2016-01-23T04:48:17.000000;27b50ff1-cb27-4277-82c5-f6029c344ff3;393.28;0.8927;UNKNOWN
2016-01-23T04:48:25.000000;2016-01-23T04:48:25.000000;d60eb3cf-115b-4a0b-9e8f-a39f2a08eaa4;393.28;0.7785;UNKNOWN
2016-01-23T04:48:41.000000;2016-01-23T04:48:41.000000;ccbdb347-f47a-4ce4-a503-cca3bc4b432c;393.28;1.49;UNKNOWN
2016-01-23T04:48:57.000000;2016-01-23T04:48:57.000000;bc9d53b5-b670-4168-b724-1fe092f95ab2;393.3;5.0;UNKNOWN
2016-01-23T04:49:04.000000;2016-01-23T04:49:04.000000;ac02fa4b-09f6-4d17-899e-afa7fd4617bd;393.31;0.9563;UNKNOWN
2016-01-23T04:49:19.000000;2016-01-23T04:49:19.000000;6b4758eb-8dfd-4ef2-84ab-996c096ea10c;393.39;0.01;UNKNOWN
2016-01-23T04:49:26.000000;2016-01-23T04:49:26.000000;49449bec-1c09-4369-ac31-bfd667b532d9;393.32;0.34;UNKNOWN
2016-01-23T04:49:38.000000;2016-01-23T04:49:38.000000;4f115dc1-9e2e-4823-971f-3a4623dfbe6f;393.39;0.01;UNKNOWN
2016-01-23T04:49:40.000000;2016-01-23T04:49:40.000000;c78a7a24-a17d-40e8-b925-0caca1c77190;393.39;0.01;UNKNOWN
2016-01-23T04:49:42.000000;2016-01-23T04:49:42.000000;bcc6dd28-990d-46ee-a5f4-7e85ec143adc;393.39;9.03;UNKNOWN
2016-01-23T04:49:42.000000;2016-01-23T04:49:42.000000;9dcdda65-f36c-43e7-9df5-44920fffa08a;393.38;0.47;UNKNOWN
2016-01-23T04:49:42.000000;2016-01-23T04:49:42.000000;1134ccdc-071c-4793-90a6-97508b668c8a;393.38;0.5;UNKNOWN
2016-01-23T04:49:47.000000;2016-01-23T04:49:47.000000;1dd5532f-f4b7-4761-8f69-e7a1bb259bbe;393.31;0.0215;UNKNOWN
2016-01-23T04:49:47.000000;2016-01-23T04:49:47.000000;6313cf8a-9ab3-4d56-bcf4-1fd3b352239a;393.32;0.5;UNKNOWN
2016-01-23T04:49:54.000000;2016-01-23T04:49:54.000000;52318966-2b95-4ee1-b28b-d84dc7c0815f;393.33;0.3997;UNKNOWN
2016-01-23T04:50:23.000000;2016-01-23T04:50:23.000000;ca26131d-1e79-4257-a59d-9e8b3ab1fb0c;393.29;0.4411;UNKNOWN
2016-01-23T04:50:27.000000;2016-01-23T04:50:27.000000;f13be922-4929-4643-afb8-aae3666c6f9a;393.29;0.2;UNKNOWN
2016-01-23T04:50:48.000000;2016-01-23T04:50:48.000000;8a11a29a-e09c-4d67-8049-14d39408c8ca;393.28;15.7084;UNKNOWN
2016-01-23T04:50:48.000000;2016-01-23T04:50:48.000000;fa2c5283-d2eb-40ae-9829-f3c3a0cdf5e5;393.28;4.4259;UNKNOWN
2016-01-23T04:51:05.000000;2016-01-23T04:51:05.000000;aa3b5415-e0f3-4a40-9dcf-03bcc71047e5;393.3;0.01290785;UNKNOWN
2016-01-23T04:51:24.000000;2016-01-23T04:51:24.000000;b01bb2fe-daa1-4351-944c-21a081f36a7a;393.27;0.3995;UNKNOWN
2016-01-23T04:51:51.000000;2016-01-23T04:51:51.000000;39bfc436-0442-4bb7-b00f-2a410ef826e2;393.3;5.0;UNKNOWN
2016-01-23T04:51:52.000000;2016-01-23T04:51:52.000000;c198396d-3a36-45c4-8d38-4e5b6b50ce89;393.27;15.05;UNKNOWN
2016-01-23T04:52:03.000000;2016-01-23T04:52:03.000000;4f42a294-2308-4b7b-aef4-f4a322a35b93;393.27;8.4309;UNKNOWN
2016-01-23T04:52:05.000000;2016-01-23T04:52:05.000000;dc620cee-4f2f-4e97-9385-7a9ec8a478ae;393.27;0.5;UNKNOWN
2016-01-23T04:52:21.000000;2016-01-23T04:52:21.000000;33b5c198-5b2e-4232-b789-725ac1058dc2;393.28;0.1;UNKNOWN
2016-01-23T04:52:21.000000;2016-01-23T04:52:21.000000;58c15abd-7c2d-496b-9c3b-5f19e248d9ce;393.27;1.85338416;UNKNOWN
2016-01-23T04:52:28.000000;2016-01-23T04:52:28.000000;0a756dbb-27e9-41be-aa23-cbd3eb70e302;393.38;5.0;UNKNOWN
2016-01-23T04:52:40.000000;2016-01-23T04:52:40.000000;1408020c-449c-429f-bfa8-dcfc64bed068;393.37;0.070152;UNKNOWN
2016-01-23T04:52:56.000000;2016-01-23T04:52:56.000000;c1dce41c-a72a-48e4-8213-ade8c2a4a244;393.27;5.0;UNKNOWN
2016-01-23T04:53:21.000000;2016-01-23T04:53:21.000000;3ca6add8-835a-46cc-aee6-1bc9954048d1;393.33;2.0;UNKNOWN
2016-01-23T04:53:55.000000;2016-01-23T04:53:55.000000;81adf068-d3c1-4b8c-8850-14fcd3adf1c5;393.28;1.22;UNKNOWN
2016-01-23T04:54:04.000000;2016-01-23T04:54:04.000000;6205cb0e-dc19-4447-9e32-ce94eab5798c;393.28;0.025;UNKNOWN
2016-01-23T04:54:20.000000;2016-01-23T04:54:20.000000;45526823-7f0a-4a50-a0d9-02a2504cdb17;393.27;0.6495;UNKNOWN
2016-01-23T04:54:27.000000;2016-01-23T04:54:27.000000;f3bd8450-948b-4881-8124-df3bf75ddf79;393.27;0.4019;UNKNOWN
2016-01-23T04:54:36.000000;2016-01-23T04:54:36.000000;edece7d5-f222-444e-9b24-a9e2d4e10fdc;393.27;3.0;UNKNOWN
2016-01-23T04:54:38.000000;2016-01-23T04:54:38.000000;f8fea9f3-000b-4319-ba87-773f949e210b;393.27;0.25;UNKNOWN
2016-01-23T04:54:43.000000;2016-01-23T04:54:43.000000;a852f9a1-c75d-48e5-bb1b-5cc39795f10d;393.1;4.0;UNKNOWN
2016-01-23T04:54:43.000000;2016-01-23T04:54:43.000000;8c95fd28-fda1-41ca-a498-9b8d377b8886;393.25;4.0;UNKNOWN
2016-01-23T04:54:43.000000;2016-01-23T04:54:43.000000;6ded02da-be92-48f3-9b42-8f77cfc1f072;393.23;0.1;UNKNOWN
2016-01-23T04:54:43.000000;2016-01-23T04:54:43.000000;6c955184-0572-4a3b-8f75-28584490ce33;393.27;13.45508224;UNKNOWN
2016-01-23T04:54:43.000000;2016-01-23T04:54:43.000000;798f013c-cd96-47d9-b146-7295558e04dc;393.08;2.38;UNKNOWN
2016-01-23T04:54:55.000000;2016-01-23T04:54:55.000000;a623145b-1e62-4f32-a74e-db69f81f3630;392.38;0.3095;UNKNOWN
2016-01-23T04:55:12.000000;2016-01-23T04:55:12.000000;2645e33d-3788-4790-9c40-594601cd636f;392.39;2.44;UNKNOWN
2016-01-23T04:55:19.000000;2016-01-23T04:55:19.000000;97a1e3bd-496c-402c-bb35-11451d8e9ecc;392.19;0.7574;UNKNOWN
2016-01-23T04:55:29.000000;2016-01-23T04:55:29.000000;d34401c1-ce03-4648-a11b-e1a53b53f8c4;392.18;0.5;UNKNOWN
2016-01-23T04:55:34.000000;2016-01-23T04:55:34.000000;cd04353f-374b-4fef-b6e5-e4e6c08d0e32;392.18;0.2;UNKNOWN
2016-01-23T04:55:53.000000;2016-01-23T04:55:53.000000;86168bbd-7db1-45ff-8993-f59abc3181ba;392.16;5.4080537;UNKNOWN
2016-01-23T04:55:53.000000;2016-01-23T04:55:53.000000;17247a9c-748b-48cf-8350-d7417f65a465;392.18;0.674;UNKNOWN
2016-01-23T04:55:53.000000;2016-01-23T04:55:53.000000;0527a8dd-52b0-409a-b7a5-61ef646e1314;392.18;0.62;UNKNOWN
2016-01-23T04:55:53.000000;2016-01-23T04:55:53.000000;7d6301c9-80e8-4324-9a9f-12519ae32c7b;392.18;0.819;UNKNOWN
2016-01-23T04:55:53.000000;2016-01-23T04:55:53.000000;aff876a6-cde0-4ba8-bfad-ebae55667267;392.18;0.292;UNKNOWN
2016-01-23T04:55:53.000000;2016-01-23T04:55:53.000000;3c6733ef-c579-4e6b-bbe7-252c3af6cb37;392.18;0.666;UNKNOWN
2016-01-23T04:55:53.000000;2016-01-23T04:55:53.000000;8be904ee-0d96-4c2e-9eec-bad654a96a60;392.17;10.0;UNKNOWN
2016-01-23T04:56:03.000000;2016-01-23T04:56:03.000000;5e3d2ba4-619c-4544-8a35-7345498d7bc6;392.18;0.1;UNKNOWN
2016-01-23T04:56:05.000000;2016-01-23T04:56:05.000000;8a30f790-ee2e-46f1-84d7-2e9a34e8dd56;392.36;1.08586749;UNKNOWN
2016-01-23T04:56:05.000000;2016-01-23T04:56:05.000000;1917b84c-64bc-401e-ad7c-44e45fe6c033;392.19;10.0;UNKNOWN
2016-01-23T04:56:05.000000;2016-01-23T04:56:05.000000;511c9acd-af12-4718-b284-2a02ec0ba185;392.24;0.1;UNKNOWN
2016-01-23T04:56:18.000000;2016-01-23T04:56:18.000000;285b32fa-9397-46e0-8597-ad59fbd2d23c;392.18;0.565;UNKNOWN
2016-01-23T04:56:18.000000;2016-01-23T04:56:18.000000;adb4ec31-9c1c-481a-829b-918f28bb51b2;392.18;0.597;UNKNOWN
2016-01-23T04:56:18.000000;2016-01-23T04:56:18.000000;b6f711dd-e97c-45e2-aa5e-5d39fa4f242c;392.18;0.738;UNKNOWN
2016-01-23T04:56:42.000000;2016-01-23T04:56:42.000000;ec4bdebe-6794-47da-a912-f5333e49ddea;392.18;0.087;UNKNOWN
2016-01-23T04:56:42.000000;2016-01-23T04:56:42.000000;9432ee2f-77c2-4472-a01a-63bcbcd78bdb;392.18;0.718;UNKNOWN
2016-01-23T04:56:42.000000;2016-01-23T04:56:42.000000;3a682a39-9191-4de9-8909-29bb4b2d2fee;392.18;0.676;UNKNOWN
2016-01-23T04:56:42.000000;2016-01-23T04:56:42.000000;1b4a6c48-e974-4b44-bdbb-02162fd7c9c3;392.18;0.319;UNKNOWN
2016-01-23T04:57:05.000000;2016-01-23T04:57:05.000000;fe748e6c-8a08-4831-a259-78d076e37ec9;392.17;0.15630349;UNKNOWN
2016-01-23T04:58:13.000000;2016-01-23T04:58:13.000000;3619c6a0-3ec8-491f-bcf8-a096977598f9;392.19;0.726;UNKNOWN
2016-01-23T04:58:13.000000;2016-01-23T04:58:13.000000;13792b24-b011-4eff-8544-1e41dcac1e23;392.19;0.33555612;UNKNOWN
2016-01-23T04:58:13.000000;2016-01-23T04:58:13.000000;e8cdf898-85e4-4aa4-bbfd-2a5855e8bbc5;392.2;0.1;UNKNOWN
2016-01-23T04:58:13.000000;2016-01-23T04:58:13.000000;a711efdf-f6e8-446d-835f-37f0d8b63696;392.19;0.82;UNKNOWN
2016-01-23T04:58:18.000000;2016-01-23T04:58:18.000000;3baee89b-8e62-4c30-9814-41a0b3c733f1;392.19;0.40744388;UNKNOWN
2016-01-23T04:58:19.000000;2016-01-23T04:58:19.000000;0ee441ae-22b3-4a07-a2d5-15e015b57e34;392.19;0.1;UNKNOWN
2016-01-23T04:58:38.000000;2016-01-23T04:58:38.000000;b5191e27-3c00-44ab-91b6-e7bb7c00916e;392.18;0.283;UNKNOWN
2016-01-23T04:58:38.000000;2016-01-23T04:58:38.000000;0519bdf3-dbaf-48ed-a2a3-0536d9bdc9e4;392.18;0.1157;UNKNOWN
2016-01-23T04:59:03.000000;2016-01-23T04:59:03.000000;12e441ef-3930-4c83-97b9-5a23f1cfcf6b;392.37;1.28446619;UNKNOWN
2016-01-23T04:59:03.000000;2016-01-23T04:59:03.000000;e0f8c155-324a-4cf7-84d7-f889b0342a11;392.35;0.1;UNKNOWN
2016-01-23T04:59:03.000000;2016-01-23T04:59:03.000000;6a0d4ba2-a46c-43f7-b45a-758953b485da;392.36;6.2984;UNKNOWN
2016-01-23T04:59:12.000000;2016-01-23T04:59:12.000000;1a4ae5db-eb6f-401a-adac-785d48d738af;392.21;0.1543;UNKNOWN
2016-01-23T04:59:12.000000;2016-01-23T04:59:12.000000;79d60364-240e-4e80-a917-1cba38c9a0e2;392.21;0.1;UNKNOWN
2016-01-23T04:59:31.000000;2016-01-23T04:59:31.000000;fcde8816-6768-4e8d-bee5-431730ae8d3e;392.24;1.0;UNKNOWN
2016-01-23T05:00:06.000000;2016-01-23T05:00:06.000000;37213f56-3dd1-4f0d-a179-bb6fd0eb6532;392.37;0.1886;UNKNOWN
2016-01-23T05:00:58.000000;2016-01-23T05:00:58.000000;85fc9dbb-06a9-44cb-bb1f-08af40fd1bb3;392.2;0.046953;UNKNOWN
2016-01-23T05:01:00.000000;2016-01-23T05:01:00.000000;aa46974b-b0f9-4ee4-adec-1c670c21793c;392.19;0.546953;UNKNOWN
2016-01-23T05:01:00.000000;2016-01-23T05:01:00.000000;4ef54375-7e03-40c2-a0c2-d89ae5421f6e;392.2;0.026047;UNKNOWN
2016-01-23T05:01:58.000000;2016-01-23T05:01:58.000000;c61eeb4b-2d90-420d-a0e3-631ba5143fed;392.02;0.1;UNKNOWN
2016-01-23T05:02:06.000000;2016-01-23T05:02:06.000000;f4a07c23-db28-4fd9-a6c9-96882b1992dd;392.15;0.5478;UNKNOWN
2016-01-23T05:02:08.000000;2016-01-23T05:02:08.000000;9786d1ae-dee6-47b9-a204-a395735a466a;392.14;0.47;UNKNOWN
2016-01-23T05:02:08.000000;2016-01-23T05:02:08.000000;b800a9e5-61d7-4646-bc78-ac16c8b23a33;392.01;19.53;UNKNOWN
2016-01-23T05:02:20.000000;2016-01-23T05:02:20.000000;f0c56589-dd8a-4e5f-967e-6778bc124867;392.0;0.73030027;UNKNOWN
2016-01-23T05:02:22.000000;2016-01-23T05:02:22.000000;1cc2c1bd-5135-4cb2-a879-8a75ee977e18;392.0;0.5025;UNKNOWN
2016-01-23T05:02:33.000000;2016-01-23T05:02:33.000000;64e553ac-bd61-40f3-8f47-ba2192dba64a;392.0;0.3778;UNKNOWN
2016-01-23T05:02:55.000000;2016-01-23T05:02:55.000000;02c610bc-72c5-4dbc-895a-ed0ae15a7783;392.0;0.4011;UNKNOWN
2016-01-23T05:03:08.000000;2016-01-23T05:03:08.000000;4aa577bb-15d1-4bfd-b070-05d636a2d525;392.01;0.01;UNKNOWN
2016-01-23T05:03:08.000000;2016-01-23T05:03:08.000000;da63d364-4dd3-4bbd-99df-73fb5e4ee3c3;392.0;3.064;UNKNOWN
2016-01-23T05:03:10.000000;2016-01-23T05:03:10.000000;c80cc0e8-6cbd-4f57-9f21-bb7c57a08d28;392.0;5.97;UNKNOWN
2016-01-23T05:03:13.000000;2016-01-23T05:03:13.000000;84418b94-5595-4e50-a1bb-1cdc3a6029c4;392.0;6.0;UNKNOWN
2016-01-23T05:03:16.000000;2016-01-23T05:03:16.000000;88858d9a-6754-4a82-be7b-b2152f07c935;392.0;6.0;UNKNOWN
2016-01-23T05:03:32.000000;2016-01-23T05:03:32.000000;aab5cf1f-2bce-42a4-8abe-73f2cdd1e718;392.0;1.0;UNKNOWN
2016-01-23T05:03:32.000000;2016-01-23T05:03:32.000000;68ecb931-7992-4cde-95b8-e5ebf34f134a;392.0;0.4081;UNKNOWN
2016-01-23T05:03:32.000000;2016-01-23T05:03:32.000000;bcb0f1e8-493d-40c0-b655-9cee69ff9866;392.0;6.0;UNKNOWN
2016-01-23T05:03:34.000000;2016-01-23T05:03:34.000000;d75be6fc-4714-4ad8-84e5-52e0cb4dac29;392.0;6.0;UNKNOWN
2016-01-23T05:03:45.000000;2016-01-23T05:03:45.000000;95f9da1c-8484-4598-b517-653b75a9a592;392.0;2.5791;UNKNOWN
2016-01-23T05:03:55.000000;2016-01-23T05:03:55.000000;4ff7f7bf-2ddc-4cfe-974a-f4312aafddbf;392.0;1.0;UNKNOWN
2016-01-23T05:03:57.000000;2016-01-23T05:03:57.000000;8a7cd3f7-f3ed-4a36-b374-40ed36b8951d;392.0;50.0;UNKNOWN
2016-01-23T05:04:00.000000;2016-01-23T05:04:00.000000;721233ed-3f38-4171-ad9b-cf878bada425;392.0;5.0;UNKNOWN
2016-01-23T05:04:12.000000;2016-01-23T05:04:12.000000;75af87ea-0e74-469b-a532-5160a8b0ce5f;392.0;0.26108349;UNKNOWN
2016-01-23T05:04:13.000000;2016-01-23T05:04:13.000000;6c01b0af-287e-4601-84b6-50bba0dfa4cf;392.0;0.4002;UNKNOWN
2016-01-23T05:04:14.000000;2016-01-23T05:04:14.000000;cdec016b-c4c3-46f9-9a39-482229ef876f;392.0;3.05408;UNKNOWN
2016-01-23T05:04:15.000000;2016-01-23T05:04:15.000000;e97a81e9-bc94-4dd3-b925-c16396fcd028;392.0;1.0108881;UNKNOWN
2016-01-23T05:04:17.000000;2016-01-23T05:04:17.000000;29149966-b221-4e34-8371-ca4360fa7729;392.0;0.5;UNKNOWN
2016-01-23T05:04:36.000000;2016-01-23T05:04:36.000000;883bbe1f-c9da-42dd-af5f-741639656219;392.01;0.55;UNKNOWN
2016-01-23T05:04:43.000000;2016-01-23T05:04:43.000000;60313f61-5a13-4ee4-b99f-b99c0149d2bd;392.0;0.25;UNKNOWN
2016-01-23T05:05:02.000000;2016-01-23T05:05:02.000000;68dfc9dd-9b54-4a37-8c84-6de0ff95b51a;392.0;0.1;UNKNOWN
2016-01-23T05:05:04.000000;2016-01-23T05:05:04.000000;5b6f4ecb-9c42-4f9b-9cf1-21c657cc9989;392.0;4.0;UNKNOWN
2016-01-23T05:05:05.000000;2016-01-23T05:05:05.000000;ffe75c77-3888-4185-98ad-bbe02e64956b;392.0;1.45019248;UNKNOWN
2016-01-23T05:05:12.000000;2016-01-23T05:05:12.000000;87bbc0a6-1d67-47e0-ac7d-9f0260fd11d5;392.0;0.6404;UNKNOWN
2016-01-23T05:05:27.000000;2016-01-23T05:05:27.000000;4809210f-9f2c-4282-b5c7-f6b831bc48a4;392.0;0.2;UNKNOWN
2016-01-23T05:06:02.000000;2016-01-23T05:06:02.000000;234e843d-fa1e-451e-81f6-672e17bb2764;392.0;0.4149;UNKNOWN
2016-01-23T05:06:44.000000;2016-01-23T05:06:44.000000;a0352229-cc43-4986-abed-6c373f1ddb5e;392.02;0.1;UNKNOWN
2016-01-23T05:06:44.000000;2016-01-23T05:06:44.000000;7ebcb634-0b75-4db3-893b-07e35691ac07;392.0;0.2909;UNKNOWN
2016-01-23T05:06:57.000000;2016-01-23T05:06:57.000000;296d7664-10fc-4cc1-a1db-cd88e93f34a9;392.02;0.3998;UNKNOWN
2016-01-23T05:07:20.000000;2016-01-23T05:07:20.000000;982ed1fa-342b-49e0-9de9-c6622df7e259;392.48;0.1;UNKNOWN
2016-01-23T05:07:21.000000;2016-01-23T05:07:21.000000;69e0cfcc-29bb-4e6a-b223-ffc0d106899a;392.48;0.1;UNKNOWN
2016-01-23T05:07:21.000000;2016-01-23T05:07:21.000000;aa0c8a9a-b435-4e3e-8bc9-099924ebb6df;392.48;0.1;UNKNOWN
2016-01-23T05:07:22.000000;2016-01-23T05:07:22.000000;920a48a4-22c5-4912-b31c-60a7f98f72f6;392.48;0.1;UNKNOWN
2016-01-23T05:07:23.000000;2016-01-23T05:07:23.000000;433b1477-0079-4fb3-9387-2a04b5f179b1;392.48;0.1;UNKNOWN
2016-01-23T05:07:27.000000;2016-01-23T05:07:27.000000;1dfe2a9f-442e-4c4d-9363-24aadefe6f74;392.47;0.1;UNKNOWN
2016-01-23T05:07:28.000000;2016-01-23T05:07:28.000000;d4320e31-4752-448a-b345-530d1aab432a;392.48;0.4466;UNKNOWN
2016-01-23T05:07:45.000000;2016-01-23T05:07:45.000000;1b328f92-769b-4b4b-b805-6cbcba744f3f;392.49;0.1;UNKNOWN
2016-01-23T05:07:46.000000;2016-01-23T05:07:46.000000;9bd1bc78-a398-466c-b7f9-8ae2cc62c9cb;392.49;0.1;UNKNOWN
2016-01-23T05:07:46.000000;2016-01-23T05:07:46.000000;f7e0aac5-83d4-4b07-8084-eea8408c5482;392.49;0.1;UNKNOWN
2016-01-23T05:07:47.000000;2016-01-23T05:07:47.000000;db85266e-2af8-494b-b9e4-fbd7ec7cbda4;392.49;0.1;UNKNOWN
2016-01-23T05:08:42.000000;2016-01-23T05:08:42.000000;575d3f07-f97a-4144-afdf-92f226847ca1;392.04;1.4;UNKNOWN
2016-01-23T05:08:42.000000;2016-01-23T05:08:42.000000;a3a0adf5-404a-4f40-8e69-05a87da2c3ac;392.06;0.1;UNKNOWN
2016-01-23T05:08:42.000000;2016-01-23T05:08:42.000000;9b4e2ad5-5e9c-4fbe-9759-d2fcb2e238e4;392.05;0.5;UNKNOWN
2016-01-23T05:09:51.000000;2016-01-23T05:09:51.000000;508aea89-918d-46e1-b23d-9988697987fc;392.4;0.163;UNKNOWN
2016-01-23T05:10:00.000000;2016-01-23T05:10:00.000000;e4948367-df11-4e97-a360-5a4b84be9e9d;392.01;0.1;UNKNOWN
2016-01-23T05:10:06.000000;2016-01-23T05:10:06.000000;2f3f8cf4-9d70-40fa-aeb0-9d479def561d;392.0;0.30073681;UNKNOWN
2016-01-23T05:10:09.000000;2016-01-23T05:10:09.000000;8789d27a-9e09-4f20-ab6f-d09452d32405;392.0;0.4883;UNKNOWN
2016-01-23T05:10:13.000000;2016-01-23T05:10:13.000000;474737d9-bf3c-42dd-a15a-3b82675b0ec4;392.0;0.078461;UNKNOWN
2016-01-23T05:10:26.000000;2016-01-23T05:10:26.000000;3d3e5545-af5b-4b97-ab5f-27513be5132c;392.33;0.08472106;UNKNOWN
2016-01-23T05:10:26.000000;2016-01-23T05:10:26.000000;ea6c4789-c33a-4095-aba5-ac06a6f25829;392.29;0.016086;UNKNOWN
2016-01-23T05:10:32.000000;2016-01-23T05:10:32.000000;ef114025-7d53-4f2a-8ac6-c4a300bd4485;392.07;0.03419;UNKNOWN
2016-01-23T05:10:32.000000;2016-01-23T05:10:32.000000;98f68339-3ce1-40e5-9a0a-1fe1156aa9d9;392.3;0.1;UNKNOWN
2016-01-23T05:10:32.000000;2016-01-23T05:10:32.000000;3cd04fc0-4a66-4bba-960d-96772311373f;392.31;0.5;UNKNOWN
2016-01-23T05:10:32.000000;2016-01-23T05:10:32.000000;70900c8d-b791-4219-a45e-338dacf5efc8;392.31;1.86581;UNKNOWN
2016-01-23T05:10:38.000000;2016-01-23T05:10:38.000000;a9295be1-47c4-49aa-a05d-0a7ad7082693;392.0;0.4002;UNKNOWN
2016-01-23T05:10:40.000000;2016-01-23T05:10:40.000000;bb7b232f-9513-45e6-9d86-03de631c4432;392.0;0.014657;UNKNOWN
2016-01-23T05:11:27.000000;2016-01-23T05:11:27.000000;ee950a53-c4d9-4d6c-bf38-017ae036cd28;392.01;0.1;UNKNOWN
2016-01-23T05:11:36.000000;2016-01-23T05:11:36.000000;8ad9ae62-97b3-4844-a9e4-e60df9e547a6;392.0;0.612;UNKNOWN
2016-01-23T05:12:01.000000;2016-01-23T05:12:01.000000;edba2151-4b73-484d-a0a5-d240f2af3b36;392.0;0.4;UNKNOWN
2016-01-23T05:12:12.000000;2016-01-23T05:12:12.000000;1b239a6e-e9ea-457a-ba4e-e0760112ce01;392.35;0.9;UNKNOWN
2016-01-23T05:12:12.000000;2016-01-23T05:12:12.000000;6da6f241-837a-4120-ac98-3e5eea2a5ada;392.32;0.5;UNKNOWN
2016-01-23T05:12:12.000000;2016-01-23T05:12:12.000000;d0b6948d-c998-467f-ae88-9a239b94c776;392.34;0.5;UNKNOWN
2016-01-23T05:12:12.000000;2016-01-23T05:12:12.000000;6360eb68-39a4-4ed9-9eaa-e207d7aa6404;392.34;3.0;UNKNOWN
2016-01-23T05:12:12.000000;2016-01-23T05:12:12.000000;075a9ce7-f044-4e3c-90a4-ade9e3a5d94f;392.33;0.1;UNKNOWN
2016-01-23T05:12:23.000000;2016-01-23T05:12:23.000000;f67169c0-eb8f-4401-9f5d-05790ac36cf7;392.37;0.1;UNKNOWN
2016-01-23T05:12:23.000000;2016-01-23T05:12:23.000000;f31ad5d0-bf9f-4ec4-b9ad-9da57e178507;392.38;3.60653291;UNKNOWN
2016-01-23T05:12:23.000000;2016-01-23T05:12:23.000000;3936aae4-b521-4f93-a4f8-995b3883d80a;392.37;0.038237;UNKNOWN
2016-01-23T05:12:43.000000;2016-01-23T05:12:43.000000;5922ceb1-b7eb-458d-a5d6-cf74042b759a;392.38;1.0;UNKNOWN
2016-01-23T05:13:01.000000;2016-01-23T05:13:01.000000;301ef3a3-359a-4673-a13f-2a6445984138;392.31;1.0;UNKNOWN
2016-01-23T05:13:05.000000;2016-01-23T05:13:05.000000;912823df-b42c-4c25-b830-21f30904fe13;392.02;1.3779;UNKNOWN
2016-01-23T05:13:05.000000;2016-01-23T05:13:05.000000;9391c567-8b58-4b1a-bbb7-16e3cbd17f52;392.05;0.1;UNKNOWN
2016-01-23T05:13:17.000000;2016-01-23T05:13:17.000000;618e84f3-c6f7-4396-a7f5-fdbc0a4e3687;392.0;14.9;UNKNOWN
2016-01-23T05:13:17.000000;2016-01-23T05:13:17.000000;790fa3cb-c1e1-4aa1-9b48-0f43fa783b0f;392.01;0.1;UNKNOWN
2016-01-23T05:13:33.000000;2016-01-23T05:13:33.000000;1a0c804c-2a8d-4472-8e7c-189b925ddd81;392.0;0.07660526;UNKNOWN
2016-01-23T05:13:46.000000;2016-01-23T05:13:46.000000;3a6112fa-7988-4302-a1d9-cedc8493bddf;392.0;49.0;UNKNOWN
2016-01-23T05:13:54.000000;2016-01-23T05:13:54.000000;140cbf87-a3ce-4ef8-90cd-06f45c309804;392.0;0.3;UNKNOWN
2016-01-23T05:14:00.000000;2016-01-23T05:14:00.000000;d4ea301d-7ea4-4971-acd7-c7b8c4e35aa9;392.0;9.29963001;UNKNOWN
2016-01-23T05:14:03.000000;2016-01-23T05:14:03.000000;d942bb62-7e12-49fa-a8c4-4f73cd914c20;392.0;5.58;UNKNOWN
2016-01-23T05:14:17.000000;2016-01-23T05:14:17.000000;bb8cb7d7-437f-47f0-bd0d-23ac846be03c;392.03;0.1192;UNKNOWN
2016-01-23T05:14:25.000000;2016-01-23T05:14:25.000000;da9eb23e-e7ce-4dc6-90f0-486c76e63b88;392.0;0.09;UNKNOWN
2016-01-23T05:14:31.000000;2016-01-23T05:14:31.000000;5fbb0543-d405-4696-a668-d415628f98b3;392.0;0.09714005;UNKNOWN
2016-01-23T05:14:32.000000;2016-01-23T05:14:32.000000;993e065f-c0bd-4d07-94b6-397f02ca4a21;392.0;0.3808;UNKNOWN
2016-01-23T05:14:35.000000;2016-01-23T05:14:35.000000;2230dbb8-f19f-4849-be2f-93b023465aad;392.0;0.026611;UNKNOWN
2016-01-23T05:14:37.000000;2016-01-23T05:14:37.000000;7621c347-85ab-46b4-a6ee-6dec2885dd7d;392.01;0.030509;UNKNOWN
2016-01-23T05:15:12.000000;2016-01-23T05:15:12.000000;3f7464e8-0378-43cd-ba9a-b9cc9c92b155;392.0;0.37158;UNKNOWN
2016-01-23T05:15:53.000000;2016-01-23T05:15:53.000000;f34d1b89-191a-443a-a41b-e5cdfbe85e81;392.01;1.0;UNKNOWN
2016-01-23T05:15:57.000000;2016-01-23T05:15:57.000000;7167fa5a-82ae-4641-a038-90611b30ed6f;392.0;0.7086;UNKNOWN
2016-01-23T05:16:06.000000;2016-01-23T05:16:06.000000;0aa56310-7a03-423d-86dc-d8cdbac8c0ee;392.01;2.75;UNKNOWN
2016-01-23T05:16:50.000000;2016-01-23T05:16:50.000000;c1217886-25f5-4572-bb3a-76b32ac2b23c;392.01;2.75;UNKNOWN
2016-01-23T05:17:03.000000;2016-01-23T05:17:03.000000;bc05ae25-fcb2-4a48-80b9-8b241b849fd3;392.0;0.02553573;UNKNOWN
2016-01-23T05:17:09.000000;2016-01-23T05:17:09.000000;7c1cc493-1cfb-47ce-b9af-37edbcbd1ed5;392.0;0.016675;UNKNOWN
2016-01-23T05:17:25.000000;2016-01-23T05:17:25.000000;9de492a1-ba63-436f-ac43-344b1264b46f;392.0;0.5;UNKNOWN
2016-01-23T05:17:49.000000;2016-01-23T05:17:49.000000;2d1f4eda-a11a-47ee-802e-f0092203ecfd;392.0;1.0;UNKNOWN
2016-01-23T05:17:51.000000;2016-01-23T05:17:51.000000;60400ac0-b9b1-4c5b-a57a-b292da244552;392.0;5.0;UNKNOWN
2016-01-23T05:18:05.000000;2016-01-23T05:18:05.000000;1275f8eb-fd8e-408a-b622-a115a0c0096c;392.01;1.0;UNKNOWN
2016-01-23T05:18:48.000000;2016-01-23T05:18:48.000000;6d99abcd-e89d-4f04-b68e-fde2963e716c;392.0;0.6392;UNKNOWN
2016-01-23T05:19:18.000000;2016-01-23T05:19:18.000000;a93275c9-f99f-4e9d-a097-4c4a9e1ea5f3;392.01;1.0;UNKNOWN
2016-01-23T05:19:28.000000;2016-01-23T05:19:28.000000;881c4ca1-b115-47b9-a9df-108a1fa88ee6;392.01;0.125;UNKNOWN
2016-01-23T05:20:24.000000;2016-01-23T05:20:24.000000;35b0dbeb-0a6f-4d78-9338-db05c731a398;392.0;0.25;UNKNOWN
2016-01-23T05:21:40.000000;2016-01-23T05:21:40.000000;0edcb844-2fee-4980-86b1-27ca8dff59f8;392.0;0.4223;UNKNOWN
2016-01-23T05:22:02.000000;2016-01-23T05:22:02.000000;809b40c6-cfe5-4d3b-be72-97200c647fc5;392.01;0.35122393;UNKNOWN
2016-01-23T05:22:36.000000;2016-01-23T05:22:36.000000;bc857695-f858-449b-b892-6010c38ff1d8;392.0;0.3999;UNKNOWN
2016-01-23T05:23:13.000000;2016-01-23T05:23:13.000000;5d71ab25-5ad9-46d9-8bf2-7e4914453f09;392.0;0.03440038;UNKNOWN
2016-01-23T05:24:48.000000;2016-01-23T05:24:48.000000;ea095341-2cf5-4c85-ae9b-31fba8202c64;392.01;17.02377607;UNKNOWN
2016-01-23T05:25:04.000000;2016-01-23T05:25:04.000000;bd65f749-231b-43e3-a630-da445e7d8024;392.03;0.5;UNKNOWN
2016-01-23T05:25:04.000000;2016-01-23T05:25:04.000000;fc6a80c3-db14-4885-b9af-e0f856af4b35;392.02;2.2898;UNKNOWN
2016-01-23T05:25:18.000000;2016-01-23T05:25:18.000000;4b222208-6a47-4edf-a860-c6f99d940413;392.06;0.06;UNKNOWN
2016-01-23T05:25:44.000000;2016-01-23T05:25:44.000000;fc6f383d-fe75-4a01-9446-042604e28c73;392.06;0.04;UNKNOWN
2016-01-23T05:25:48.000000;2016-01-23T05:25:48.000000;3647a67e-8090-40a2-a552-543d3899a13e;392.99;0.023032;UNKNOWN
2016-01-23T05:25:48.000000;2016-01-23T05:25:48.000000;ffda9cbc-991c-4717-b805-2914e25b7571;392.98;0.016968;UNKNOWN
2016-01-23T05:25:50.000000;2016-01-23T05:25:50.000000;c1b08dde-86af-412c-be73-9197b17aaac2;392.99;2.0;UNKNOWN
2016-01-23T05:25:57.000000;2016-01-23T05:25:57.000000;1b26e50c-0b6d-4df6-8b8f-2b7f27170c1b;392.98;0.052666;UNKNOWN
2016-01-23T05:26:03.000000;2016-01-23T05:26:03.000000;017e9801-7dcf-4c23-8d03-6ad586fa7641;392.99;0.022654;UNKNOWN
2016-01-23T05:26:06.000000;2016-01-23T05:26:06.000000;1b7ffb7f-e5eb-4aa3-8954-ee1ecb57a543;392.99;1.0;UNKNOWN
2016-01-23T05:26:11.000000;2016-01-23T05:26:11.000000;5f128adb-9e9d-4cf2-9d6e-5cd8ef528507;393.0;2.0;UNKNOWN
2016-01-23T05:26:11.000000;2016-01-23T05:26:11.000000;e2f6ca17-7457-4a56-b100-9b033f90cfaa;393.63;6.3471;UNKNOWN
2016-01-23T05:26:11.000000;2016-01-23T05:26:11.000000;758674e3-c433-4090-aeb3-409979d6cd32;393.0;0.025;UNKNOWN
2016-01-23T05:26:11.000000;2016-01-23T05:26:11.000000;f4f92f34-6197-4af5-a7d6-1d4285676b7d;393.0;0.025;UNKNOWN
2016-01-23T05:26:11.000000;2016-01-23T05:26:11.000000;16d82f3e-c396-4b29-b7ae-edd38f8c2a7b;393.0;0.025;UNKNOWN
2016-01-23T05:26:11.000000;2016-01-23T05:26:11.000000;b8b54a03-d598-4a81-8ffd-135673dd1aa8;393.0;0.025;UNKNOWN
2016-01-23T05:26:11.000000;2016-01-23T05:26:11.000000;ee7b0c10-9c4a-4f44-8089-e533446907d5;393.64;1.5529;UNKNOWN
2016-01-23T05:27:13.000000;2016-01-23T05:27:13.000000;f38cac2e-cef6-4b75-a06f-c779e4818cb3;393.11;0.02553573;UNKNOWN
2016-01-23T05:27:16.000000;2016-01-23T05:27:16.000000;0d55197e-050d-4933-bf10-378ab46c871e;393.59;1.45;UNKNOWN
2016-01-23T05:27:16.000000;2016-01-23T05:27:16.000000;8866cb42-7b8d-447a-a19e-39b54b37e363;393.58;0.3;UNKNOWN
2016-01-23T05:27:16.000000;2016-01-23T05:27:16.000000;bcfcbe34-644a-4d99-9bf0-fe1d7b438634;393.55;0.05;UNKNOWN
2016-01-23T05:27:23.000000;2016-01-23T05:27:23.000000;44b36352-ad00-4353-a984-f1247646b7c1;393.9;15.0;UNKNOWN
2016-01-23T05:27:23.000000;2016-01-23T05:27:23.000000;6f216ecf-079e-446e-940e-a0a8ae7acc40;393.68;48.0;UNKNOWN
2016-01-23T05:27:23.000000;2016-01-23T05:27:23.000000;4350066e-d91c-4d73-9dcc-ac3a3f285586;393.8;21.0;UNKNOWN
2016-01-23T05:27:23.000000;2016-01-23T05:27:23.000000;1cb5feb2-8e62-4c2b-b0ef-1de99aa2b33c;394.0;0.05;UNKNOWN
2016-01-23T05:27:23.000000;2016-01-23T05:27:23.000000;8c733a1e-9cee-4b46-8fbe-b9e51e84bf37;393.57;1.75;UNKNOWN
2016-01-23T05:27:23.000000;2016-01-23T05:27:23.000000;1e7f83ae-1a8a-4dd0-89e1-a6822d2ea1ba;394.0;1.0;UNKNOWN
2016-01-23T05:27:23.000000;2016-01-23T05:27:23.000000;19b3afc0-52f9-4fe0-ad3b-39be79816d38;394.46;17.7878;UNKNOWN
2016-01-23T05:27:23.000000;2016-01-23T05:27:23.000000;6b67e01b-16fb-4f8f-8206-a1a092f52c5f;394.25;17.4398;UNKNOWN
2016-01-23T05:27:23.000000;2016-01-23T05:27:23.000000;4f404c5b-97ae-411c-bf05-899062f81c70;393.55;0.05;UNKNOWN
2016-01-23T05:27:23.000000;2016-01-23T05:27:23.000000;d7893d7b-b69e-427c-8fcf-84a8c9cedc3b;393.55;6.3053;UNKNOWN
2016-01-23T05:27:23.000000;2016-01-23T05:27:23.000000;fb714148-a6a1-4dbb-9cbb-8b1bc40b9e5e;393.56;1.22;UNKNOWN
2016-01-23T05:27:23.000000;2016-01-23T05:27:23.000000;e4c882d5-718d-43f4-b284-caa79c93ea1c;393.62;8.2;UNKNOWN
2016-01-23T05:27:23.000000;2016-01-23T05:27:23.000000;543a74f7-6d7c-4764-8a56-88e190411621;394.44;0.25;UNKNOWN
2016-01-23T05:27:23.000000;2016-01-23T05:27:23.000000;c97820c5-c693-40c6-958b-3c5402075408;393.64;10.9471;UNKNOWN
2016-01-23T05:27:25.000000;2016-01-23T05:27:25.000000;c35880af-437c-4b0b-9bc8-a3a9994c776b;394.46;0.01;UNKNOWN
2016-01-23T05:27:33.000000;2016-01-23T05:27:33.000000;10b161b1-620a-4f12-a2fe-c9862ede9a5f;393.66;0.12;UNKNOWN
2016-01-23T05:27:48.000000;2016-01-23T05:27:48.000000;d9f1f3cf-88a2-4c27-89a1-dc65a23d0b6d;393.75;0.1856;UNKNOWN
2016-01-23T05:27:48.000000;2016-01-23T05:27:48.000000;3eb2a38d-d8a7-44c0-9b52-a79a00fb09c6;393.75;0.5;UNKNOWN
2016-01-23T05:27:56.000000;2016-01-23T05:27:56.000000;bd952bf9-3bd6-46a3-bcc2-5549a6bd7a6a;393.85;0.3144;UNKNOWN
2016-01-23T05:28:02.000000;2016-01-23T05:28:02.000000;7c290af5-3dc0-4c15-831e-a1e5f634d6ad;393.87;0.05;UNKNOWN
2016-01-23T05:29:07.000000;2016-01-23T05:29:07.000000;4813607f-6cec-43fc-bc22-37a45edc0c2b;393.62;8.72;UNKNOWN
2016-01-23T05:29:13.000000;2016-01-23T05:29:13.000000;030ec33f-1069-4d78-9684-d832dcdaeabd;393.63;1.30040323;UNKNOWN
2016-01-23T05:29:51.000000;2016-01-23T05:29:51.000000;b01c01e4-db6e-4522-b500-a4580faa8854;393.75;0.3;UNKNOWN
2016-01-23T05:30:12.000000;2016-01-23T05:30:12.000000;c861626a-0d0e-4445-81b7-0664bb8e265c;393.75;0.38;UNKNOWN
2016-01-23T05:31:08.000000;2016-01-23T05:31:08.000000;1bf38cb4-483c-4fe8-8711-d92717a0610b;393.95;0.011463;UNKNOWN
2016-01-23T05:31:08.000000;2016-01-23T05:31:08.000000;0a31a714-9e20-4412-a44d-ce13bb28bdae;393.95;0.011237;UNKNOWN
2016-01-23T05:31:10.000000;2016-01-23T05:31:10.000000;9e40f330-e69d-4296-b7a7-f02a96c9b14c;393.95;0.108763;UNKNOWN
2016-01-23T05:31:10.000000;2016-01-23T05:31:10.000000;203aaaed-cd37-40b1-9be3-7bd3913f4ae7;393.96;0.463;UNKNOWN
2016-01-23T05:31:10.000000;2016-01-23T05:31:10.000000;3ce2be2a-3718-4faa-a5ba-71582b38d81b;393.95;0.037;UNKNOWN
2016-01-23T05:31:10.000000;2016-01-23T05:31:10.000000;53db7e6d-ee9a-40d6-a3f8-b116eafcca92;393.85;0.05;UNKNOWN
2016-01-23T05:31:11.000000;2016-01-23T05:31:11.000000;151d4c33-4524-43ed-a307-2a5bdb7352ef;393.99;0.033222;UNKNOWN
2016-01-23T05:31:12.000000;2016-01-23T05:31:12.000000;971c0b6b-9596-4f07-94b5-cc4394bcce83;393.99;0.7;UNKNOWN
2016-01-23T05:31:29.000000;2016-01-23T05:31:29.000000;fbca06c5-8175-4385-bce2-d9cdeac7ea8d;393.99;0.05;UNKNOWN
2016-01-23T05:31:40.000000;2016-01-23T05:31:40.000000;b1ccfdb4-49db-496a-8683-faab44ff751a;393.99;0.05;UNKNOWN
2016-01-23T05:32:19.000000;2016-01-23T05:32:19.000000;d4f78d53-7690-4369-96d1-90ced66fe4df;393.99;11.283;UNKNOWN
2016-01-23T05:32:41.000000;2016-01-23T05:32:41.000000;7a2d70a4-af37-459d-b971-5dd8ac1cbaf5;393.99;13.0;UNKNOWN
2016-01-23T05:33:16.000000;2016-01-23T05:33:16.000000;2f5c4246-545d-4381-b4b6-37bd605f7b3b;393.99;0.02;UNKNOWN
2016-01-23T05:33:32.000000;2016-01-23T05:33:32.000000;da627cf9-f379-41f5-aedd-b96008b79894;393.99;0.0226546;UNKNOWN
2016-01-23T05:33:34.000000;2016-01-23T05:33:34.000000;7b2d8597-3b6e-4ce2-8620-f17c4ad74466;393.99;0.1;UNKNOWN
2016-01-23T05:33:43.000000;2016-01-23T05:33:43.000000;27ee8a11-89a3-464c-80c1-c4dd2e5048e2;394.0;5.0;UNKNOWN
2016-01-23T05:33:48.000000;2016-01-23T05:33:48.000000;ade17e36-3115-477b-8362-19c68e892416;393.99;2.0;UNKNOWN
2016-01-23T05:33:55.000000;2016-01-23T05:33:55.000000;2a6259ec-777d-4dd4-b37c-8089ee6a50bc;393.99;2.0;UNKNOWN
2016-01-23T05:33:57.000000;2016-01-23T05:33:57.000000;0d34f90f-4101-451c-98d2-f979922a69af;394.0;2.0;UNKNOWN
2016-01-23T05:34:20.000000;2016-01-23T05:34:20.000000;5514d551-a317-4b0d-86df-1792d6175e46;393.99;0.1323604;UNKNOWN
2016-01-23T05:35:00.000000;2016-01-23T05:35:00.000000;9ba06f6f-4ab0-482c-bdb5-82edcdb49cb1;393.85;0.05;UNKNOWN
2016-01-23T05:35:00.000000;2016-01-23T05:35:00.000000;11cfdfd2-4d5a-4f6e-aed0-44e09e5c6f82;393.85;1.95;UNKNOWN
2016-01-23T05:35:14.000000;2016-01-23T05:35:14.000000;499c084a-811b-4802-9baa-42b481edc43d;393.42;17.20201847;UNKNOWN
2016-01-23T05:35:14.000000;2016-01-23T05:35:14.000000;902d1c40-f9d4-4bf8-a5c7-af7a0adec41d;393.85;0.45;UNKNOWN
2016-01-23T05:36:05.000000;2016-01-23T05:36:05.000000;dad198cf-2199-4cc4-b663-84113e5be8be;393.86;1.0;UNKNOWN
2016-01-23T05:36:06.000000;2016-01-23T05:36:06.000000;5275d408-748a-4bfc-a9be-bd668c0dffec;393.86;0.1;UNKNOWN
2016-01-23T05:36:07.000000;2016-01-23T05:36:07.000000;f462d69c-5200-4e8a-82ab-72e81204fb04;393.85;3.0;UNKNOWN
2016-01-23T05:36:08.000000;2016-01-23T05:36:08.000000;cc853577-2035-4a43-a03e-b4fb47be5363;393.85;0.61659281;UNKNOWN
2016-01-23T05:36:08.000000;2016-01-23T05:36:08.000000;163183e0-f8ed-4f6c-b9c7-21431c1d5fbb;393.85;0.5;UNKNOWN
2016-01-23T05:36:41.000000;2016-01-23T05:36:41.000000;dcd6fd2b-970a-44d6-96ee-7f333f84eb81;393.23;0.5;UNKNOWN
2016-01-23T05:36:41.000000;2016-01-23T05:36:41.000000;83b2e168-08fe-4f92-86f4-d84551b1c0c6;393.23;0.25;UNKNOWN
2016-01-23T05:37:05.000000;2016-01-23T05:37:05.000000;81ebcc1d-e4e2-4c79-972e-824c31acf3c1;393.33;0.01556578;UNKNOWN
2016-01-23T05:37:06.000000;2016-01-23T05:37:06.000000;b669702f-95da-4b18-b304-fd0f55dc831b;393.82;0.01;UNKNOWN
2016-01-23T05:37:08.000000;2016-01-23T05:37:08.000000;5ced509f-af87-4b88-913f-7c0d562945d6;393.79;0.07433563;UNKNOWN
2016-01-23T05:38:22.000000;2016-01-23T05:38:22.000000;62895b48-2bee-4f8a-b536-28715ac307d1;393.2;0.55;UNKNOWN
2016-01-23T05:39:42.000000;2016-01-23T05:39:42.000000;a3dd124d-e629-4280-8d6f-73f94b3f47da;392.82;0.072927;UNKNOWN
2016-01-23T05:39:57.000000;2016-01-23T05:39:57.000000;5e1d8520-b2fe-4271-b649-6fda95d27773;392.2;0.5;UNKNOWN
2016-01-23T05:41:28.000000;2016-01-23T05:41:28.000000;34753b50-2995-4416-92e8-184adac311f1;392.47;3.0;UNKNOWN
2016-01-23T05:41:57.000000;2016-01-23T05:41:57.000000;b35cd59b-a864-439c-8e59-ea7ed50930d0;392.49;1.44;UNKNOWN
2016-01-23T05:41:57.000000;2016-01-23T05:41:57.000000;efa54b02-7b07-4063-a384-933669d8ddb1;392.48;4.66;UNKNOWN
2016-01-23T05:42:05.000000;2016-01-23T05:42:05.000000;399e1180-d4cd-4754-a642-6f0a79b46c60;392.36;0.12;UNKNOWN
2016-01-23T05:42:59.000000;2016-01-23T05:42:59.000000;ed55ea0e-bf92-4a48-9a16-7f4134bb7db9;392.47;2.5;UNKNOWN
2016-01-23T05:43:33.000000;2016-01-23T05:43:33.000000;b3e2a67f-01d0-4f71-9c7d-91aa8f046e93;392.65;0.081;UNKNOWN
2016-01-23T05:43:33.000000;2016-01-23T05:43:33.000000;61a7e759-73db-45cf-a9e8-09dd4f3d82fb;393.59;7.44562185;UNKNOWN
2016-01-23T05:43:33.000000;2016-01-23T05:43:33.000000;480e7af2-300e-4e25-92c4-529f282641ef;392.67;6.8;UNKNOWN
2016-01-23T05:43:33.000000;2016-01-23T05:43:33.000000;69558ed1-2b14-43df-8319-3ac798079d15;392.66;6.3494;UNKNOWN
2016-01-23T05:43:33.000000;2016-01-23T05:43:33.000000;d5f5cf76-439f-4ea4-9ce3-22873447d285;392.65;0.5;UNKNOWN
2016-01-23T05:43:33.000000;2016-01-23T05:43:33.000000;df2add76-468f-4a72-91f3-257ff9c0d837;393.47;5.10643855;UNKNOWN
2016-01-23T05:43:33.000000;2016-01-23T05:43:33.000000;7ef507fa-bacd-4888-bd9f-b0eac73c10b5;393.38;3.7175396;UNKNOWN
2016-01-23T05:44:06.000000;2016-01-23T05:44:06.000000;c6f85186-5d94-4763-8c40-c9a2a7b42878;393.49;0.4;UNKNOWN
2016-01-23T05:44:48.000000;2016-01-23T05:44:48.000000;ea134c2f-0fe9-4829-ac68-8d844508b241;393.04;0.5;UNKNOWN
2016-01-23T05:44:48.000000;2016-01-23T05:44:48.000000;05d47b3e-5afe-400c-8a21-908cc9c2cda8;392.98;2.0;UNKNOWN
2016-01-23T05:44:55.000000;2016-01-23T05:44:55.000000;8c543643-fa0e-44d9-92bd-2d898672c1da;393.0;1.5;UNKNOWN
2016-01-23T05:44:55.000000;2016-01-23T05:44:55.000000;93cbdf50-0d88-4b33-b220-3f3a2de5ffcf;393.0;0.5;UNKNOWN
2016-01-23T05:45:01.000000;2016-01-23T05:45:01.000000;b624a14a-fbf3-4dd3-b419-9aa19dfe19b5;393.03;5.0;UNKNOWN
2016-01-23T05:45:32.000000;2016-01-23T05:45:32.000000;063a2176-ddd8-4234-a898-9dcc09e6d4ae;393.39;0.1358;UNKNOWN
2016-01-23T05:47:23.000000;2016-01-23T05:47:23.000000;01bd65db-9385-4766-b051-e77f2bd5ffbe;392.86;0.1072;UNKNOWN
2016-01-23T05:47:23.000000;2016-01-23T05:47:23.000000;fc03739a-6525-4b39-82de-1ba79860a0c0;392.86;0.179;UNKNOWN
2016-01-23T05:47:23.000000;2016-01-23T05:47:23.000000;6f1ff5dc-8869-4d6e-ae01-e6fe98e7b167;392.86;0.24;UNKNOWN
2016-01-23T05:47:23.000000;2016-01-23T05:47:23.000000;2376503c-b7b9-4dba-81ac-e9a1ceffacbb;392.86;0.072;UNKNOWN
2016-01-23T05:47:23.000000;2016-01-23T05:47:23.000000;f8672404-d616-492c-ae85-0216cea17fb1;392.86;0.257;UNKNOWN
2016-01-23T05:47:23.000000;2016-01-23T05:47:23.000000;5c3f3861-d38c-432f-969e-a262a6f18b84;392.86;0.174;UNKNOWN
2016-01-23T05:47:24.000000;2016-01-23T05:47:24.000000;8450739b-aacf-43b3-a97c-d31cd92cb0a9;392.86;6.3437;UNKNOWN
2016-01-23T05:47:55.000000;2016-01-23T05:47:55.000000;c879e396-5aee-4061-8141-b1477ff292fd;392.86;1.5;UNKNOWN
2016-01-23T05:48:24.000000;2016-01-23T05:48:24.000000;f0ace591-1b61-4aa0-a3e5-931a7ccf7d1e;392.86;2.0;UNKNOWN
2016-01-23T05:48:31.000000;2016-01-23T05:48:31.000000;d7fb13ce-212e-42a9-8d0e-2eaa10afa43b;392.86;2.0;UNKNOWN
2016-01-23T05:48:38.000000;2016-01-23T05:48:38.000000;42b784a8-a775-4c13-bdff-d55e807fc264;392.86;0.7242288;UNKNOWN
2016-01-23T05:48:40.000000;2016-01-23T05:48:40.000000;2d37595a-ce64-4bba-8ffb-05fa4ab52364;392.86;2.0;UNKNOWN
2016-01-23T05:48:46.000000;2016-01-23T05:48:46.000000;60d7933f-28b7-4aa1-9fd7-d6eda90c7b9e;392.86;4.0;UNKNOWN
2016-01-23T05:48:51.000000;2016-01-23T05:48:51.000000;3bd299ed-2df6-4ab0-8135-d90a85c3a177;392.86;4.0;UNKNOWN
2016-01-23T05:48:55.000000;2016-01-23T05:48:55.000000;08cb242d-e363-4d1a-98ba-f370ff7b95fc;392.86;2.0;UNKNOWN
2016-01-23T05:48:57.000000;2016-01-23T05:48:57.000000;f1d5c2aa-bd5b-4727-b204-cbd26cffea01;392.86;1.5;UNKNOWN
2016-01-23T05:49:10.000000;2016-01-23T05:49:10.000000;78d0d996-c997-4bdb-babf-bf044cf79bcf;392.86;2.9028712;UNKNOWN
2016-01-23T05:49:10.000000;2016-01-23T05:49:10.000000;ef4a0279-22ad-4a16-9e43-59de4c2bd99c;392.86;1.38;UNKNOWN
2016-01-23T05:49:10.000000;2016-01-23T05:49:10.000000;0a681736-aa28-479e-8b60-c2667b3ece0b;392.56;15.7171288;UNKNOWN
2016-01-23T05:49:10.000000;2016-01-23T05:49:10.000000;656ccdce-838d-40be-9beb-56cd4b69f04e;392.56;2.0;UNKNOWN
2016-01-23T05:49:19.000000;2016-01-23T05:49:19.000000;3c4d19b4-76d5-4c15-96db-47e6ef1ca095;392.28;0.07;UNKNOWN
2016-01-23T05:49:19.000000;2016-01-23T05:49:19.000000;d28e3efd-2ae1-4283-b75e-5809841f2ec9;392.04;0.5965;UNKNOWN
2016-01-23T05:49:19.000000;2016-01-23T05:49:19.000000;7f149f95-9ece-4ad6-b217-c53b50685d2c;392.15;19.3335;UNKNOWN
2016-01-23T05:49:27.000000;2016-01-23T05:49:27.000000;3ca3d87a-dced-4c4e-ae2c-118f947efb2d;392.83;2.0;UNKNOWN
2016-01-23T05:50:05.000000;2016-01-23T05:50:05.000000;057db69d-c7b4-4547-ab92-53fae734fe3e;392.89;0.37351537;UNKNOWN
2016-01-23T05:50:06.000000;2016-01-23T05:50:06.000000;92327ded-b8a0-4010-90cd-aa7d4e6f0603;392.16;0.2;UNKNOWN
2016-01-23T05:51:52.000000;2016-01-23T05:51:52.000000;81d6f4ab-ad66-4c37-81ab-a00d379249ee;392.67;0.254;UNKNOWN
2016-01-23T05:52:07.000000;2016-01-23T05:52:07.000000;2d33ed05-8b84-4998-95fc-a011ba2499e7;392.68;1.9;UNKNOWN
2016-01-23T05:52:07.000000;2016-01-23T05:52:07.000000;0ff4613d-7356-4783-9ece-4954f9725257;392.67;1.0;UNKNOWN
2016-01-23T05:52:25.000000;2016-01-23T05:52:25.000000;f75ba3f8-162e-4ae5-9f3f-442b192ad1d2;392.67;1.0;UNKNOWN
2016-01-23T05:53:17.000000;2016-01-23T05:53:17.000000;543ab50f-9845-43f8-ad79-661314fb3956;392.68;1.9;UNKNOWN
2016-01-23T05:53:17.000000;2016-01-23T05:53:17.000000;27be3460-567f-4b99-a2aa-0023e0eaf618;392.41;4.24456619;UNKNOWN
2016-01-23T05:53:17.000000;2016-01-23T05:53:17.000000;a29defa5-ae88-4bdd-940e-dc08f109a3e0;392.67;1.5383;UNKNOWN
2016-01-23T05:53:32.000000;2016-01-23T05:53:32.000000;6934a287-f47d-4251-b347-9016fad9909e;392.36;0.5;UNKNOWN
2016-01-23T05:53:32.000000;2016-01-23T05:53:32.000000;676a011e-ef80-492c-bd56-91468f92d468;392.37;0.5;UNKNOWN
2016-01-23T05:55:07.000000;2016-01-23T05:55:07.000000;301e12cb-475d-4876-9ec0-efc4a4fbe7ea;392.2;1.0;UNKNOWN
2016-01-23T05:55:33.000000;2016-01-23T05:55:33.000000;66cac4ab-f8d9-43c8-8674-93ec63bb0404;392.2;0.2551036;UNKNOWN
2016-01-23T05:55:47.000000;2016-01-23T05:55:47.000000;f7011b4b-c12a-403b-b608-6bc5e235607a;392.22;1.0;UNKNOWN
2016-01-23T05:56:05.000000;2016-01-23T05:56:05.000000;ff62d4d0-c3f4-48a2-8aa9-0df2e6c276ef;392.24;0.1;UNKNOWN
2016-01-23T05:56:05.000000;2016-01-23T05:56:05.000000;f458a1d4-3c0a-4147-a9b8-80443c556bea;392.62;1.7720784;UNKNOWN
2016-01-23T05:57:05.000000;2016-01-23T05:57:05.000000;a01f9676-2cef-43cb-8bff-bd5ba1472209;392.21;0.57520634;UNKNOWN
2016-01-23T05:58:08.000000;2016-01-23T05:58:08.000000;5a0fa6b2-93ed-4ced-9513-3f335f156829;392.2;0.025;UNKNOWN
2016-01-23T05:58:08.000000;2016-01-23T05:58:08.000000;ea108fb8-e70c-413e-9fe7-304392dd7beb;392.02;0.975;UNKNOWN
2016-01-23T06:00:02.000000;2016-01-23T06:00:02.000000;65efa457-9ab1-4661-9217-873443f69987;392.0;1.0;UNKNOWN
2016-01-23T06:00:04.000000;2016-01-23T06:00:04.000000;01039a32-13de-434b-8540-3b7236458b45;392.0;0.0927571;UNKNOWN
2016-01-23T06:00:05.000000;2016-01-23T06:00:05.000000;d5f406ca-ba66-45c1-952e-a81c9ba38489;392.0;17.86456842;UNKNOWN
2016-01-23T06:00:05.000000;2016-01-23T06:00:05.000000;76a22088-bb99-469f-8396-5ef0f7d9616c;392.0;0.86600831;UNKNOWN
2016-01-23T06:00:07.000000;2016-01-23T06:00:07.000000;a09bfeab-d2a2-4e3c-94d0-a8061df835f8;392.0;91.15778959;UNKNOWN
2016-01-23T06:00:07.000000;2016-01-23T06:00:07.000000;66a109c4-05a3-4d68-84b1-47e1ceb408c5;392.0;68.84221041;UNKNOWN
2016-01-23T06:00:09.000000;2016-01-23T06:00:09.000000;d1a65282-bca3-43e8-a49e-12c77c96b626;392.0;1.0723726;UNKNOWN
2016-01-23T06:00:12.000000;2016-01-23T06:00:12.000000;08fed630-7371-4b03-909c-1fd72a3f221c;392.0;20.0;UNKNOWN
2016-01-23T06:00:17.000000;2016-01-23T06:00:17.000000;57b90cb8-1924-44c9-a7c8-562d39d8e6fe;392.0;1.0;UNKNOWN
2016-01-23T06:00:34.000000;2016-01-23T06:00:34.000000;6a2e4c73-7893-4d97-a862-8560a4f8d93b;391.37;0.04;UNKNOWN
2016-01-23T06:00:34.000000;2016-01-23T06:00:34.000000;6dab6435-154c-4836-9423-f8bbdfbfdfa5;391.37;2.42634297;UNKNOWN
2016-01-23T06:00:54.000000;2016-01-23T06:00:54.000000;33f560b4-ee91-41d0-8582-ddb6c173c653;391.12;4.0;UNKNOWN
2016-01-23T06:01:11.000000;2016-01-23T06:01:11.000000;ace4ed59-6294-4bcd-b0f3-b3789e4130d6;390.93;1.18779585;UNKNOWN
2016-01-23T06:01:23.000000;2016-01-23T06:01:23.000000;12de486a-4020-45d6-a1a3-ea7a753bd19c;390.91;0.05771077;UNKNOWN
2016-01-23T06:01:43.000000;2016-01-23T06:01:43.000000;53981201-e2d1-4153-b28b-c545abfb2b8a;390.94;1.5;UNKNOWN
2016-01-23T06:01:43.000000;2016-01-23T06:01:43.000000;3e343675-e1a3-43c4-b70a-05af934c29fd;390.94;0.5;UNKNOWN
2016-01-23T06:02:05.000000;2016-01-23T06:02:05.000000;c023779f-99f6-4794-a412-de019c96d429;390.96;4.5;UNKNOWN
2016-01-23T06:02:05.000000;2016-01-23T06:02:05.000000;823bf709-40bd-468c-aaf3-bb8cb0c3b1f0;390.96;0.5;UNKNOWN
2016-01-23T06:02:23.000000;2016-01-23T06:02:23.000000;07ddf5c5-a78e-42fc-ac9d-36242bc101e8;391.03;0.21754213;UNKNOWN
2016-01-23T06:02:26.000000;2016-01-23T06:02:26.000000;c1437913-3db5-4080-a6a9-e76c4143e7b7;390.9;2.0;UNKNOWN
2016-01-23T06:02:26.000000;2016-01-23T06:02:26.000000;59a58455-3e16-4658-9155-6183330b02bf;390.91;3.0;UNKNOWN
2016-01-23T06:02:31.000000;2016-01-23T06:02:31.000000;5eef0229-c9d5-4a19-8da2-c61e69c0562a;390.92;2.0;UNKNOWN
2016-01-23T06:03:05.000000;2016-01-23T06:03:05.000000;043bdce0-ce92-4ab9-903e-8dace42af282;391.65;0.5;UNKNOWN
2016-01-23T06:03:21.000000;2016-01-23T06:03:21.000000;8b518dc3-ff12-4ee2-a237-a660c8088d1c;391.65;0.3;UNKNOWN
2016-01-23T06:03:53.000000;2016-01-23T06:03:53.000000;1b36332e-8fed-4378-9433-ba3c23c1339b;391.65;5.0;UNKNOWN
2016-01-23T06:04:12.000000;2016-01-23T06:04:12.000000;5c1034ab-01ce-4999-9829-c6db4cc8f342;391.65;5.0;UNKNOWN
2016-01-23T06:04:31.000000;2016-01-23T06:04:31.000000;49f3b859-d97a-441f-ad25-d22564222cdf;391.65;5.0;UNKNOWN
2016-01-23T06:07:01.000000;2016-01-23T06:07:01.000000;b7756913-eda9-4e24-8f6f-de0eddaf986b;391.66;0.9;UNKNOWN
2016-01-23T06:07:01.000000;2016-01-23T06:07:01.000000;ccbe9d5e-7cfa-414c-83c8-a193f2acb7a3;391.93;2.1;UNKNOWN
2016-01-23T06:08:05.000000;2016-01-23T06:08:05.000000;b17ea84c-6a03-4986-b33e-ff1b61ead4a8;391.66;5.02666383;UNKNOWN
2016-01-23T06:08:06.000000;2016-01-23T06:08:06.000000;72ec1be0-bd5d-4539-b916-04fa68639ac7;392.04;0.03739685;UNKNOWN
2016-01-23T06:08:19.000000;2016-01-23T06:08:19.000000;963e966d-4d59-490e-aff2-3fd9f7f67a4f;391.67;0.5;UNKNOWN
2016-01-23T06:08:19.000000;2016-01-23T06:08:19.000000;f117cd17-5020-4edd-b625-1649b4b5e5c4;391.67;2.10148;UNKNOWN
2016-01-23T06:09:05.000000;2016-01-23T06:09:05.000000;8bbcaf54-7710-4dd1-a72d-55eedd031e61;391.66;1.43;UNKNOWN
2016-01-23T06:13:06.000000;2016-01-23T06:13:06.000000;cf60d814-eca4-4802-ae9c-d8093e007b02;391.87;0.01;UNKNOWN
2016-01-23T06:13:29.000000;2016-01-23T06:13:29.000000;ae805a85-f6d0-49b2-a858-52b25a67910f;391.97;0.01;UNKNOWN
2016-01-23T06:13:56.000000;2016-01-23T06:13:56.000000;0834d46c-1ede-4450-b205-fd3dcd56d541;391.95;0.01;UNKNOWN
2016-01-23T06:14:52.000000;2016-01-23T06:14:52.000000;83b5a853-90bd-4630-8b7f-05e8957f9b79;391.78;0.01;UNKNOWN
2016-01-23T06:15:32.000000;2016-01-23T06:15:32.000000;132dc65a-e98f-4b74-9381-225000771d84;391.88;0.2;UNKNOWN
2016-01-23T06:16:04.000000;2016-01-23T06:16:04.000000;9d23f256-75ce-4196-86a7-ccb561acefa6;391.97;0.01;UNKNOWN
2016-01-23T06:17:17.000000;2016-01-23T06:17:17.000000;573d0a73-63d2-477b-9756-2cdacf45107a;391.79;0.21;UNKNOWN
2016-01-23T06:17:47.000000;2016-01-23T06:17:47.000000;e6f862bb-7975-437c-bcb0-89091209287e;391.78;0.106;UNKNOWN
2016-01-23T06:18:00.000000;2016-01-23T06:18:00.000000;854fd1a2-80eb-4245-8c8d-53e5251ed470;391.67;0.1;UNKNOWN
2016-01-23T06:18:00.000000;2016-01-23T06:18:00.000000;2ba8b0a4-d169-472d-8d05-9d5300f76ce5;391.65;9.2;UNKNOWN
2016-01-23T06:18:00.000000;2016-01-23T06:18:00.000000;c8afd0e5-7478-424e-9321-bc949688796f;391.66;2.0;UNKNOWN
2016-01-23T06:18:05.000000;2016-01-23T06:18:05.000000;138c7412-a145-4415-b5b3-252a9ed844e6;391.59;0.610322;UNKNOWN
2016-01-23T06:18:32.000000;2016-01-23T06:18:32.000000;9dd4c687-df8e-4477-8556-9b9f1207ca2e;391.45;0.1439594;UNKNOWN
2016-01-23T06:19:46.000000;2016-01-23T06:19:46.000000;4ed35dd3-b19a-4ee4-9b46-8beff16459d0;391.32;0.05;UNKNOWN
2016-01-23T06:20:53.000000;2016-01-23T06:20:53.000000;0b1af224-e893-4b3f-8e27-474cc2613171;391.16;0.034;UNKNOWN
2016-01-23T06:20:54.000000;2016-01-23T06:20:54.000000;deadaad9-db2d-4f90-bf94-a39ea74468b3;391.16;0.016;UNKNOWN
2016-01-23T06:22:39.000000;2016-01-23T06:22:39.000000;f9ec4582-1f31-45be-86c8-a175c9dbcf64;391.24;0.10451772;UNKNOWN
2016-01-23T06:24:31.000000;2016-01-23T06:24:31.000000;c2d4d657-3e70-4c92-b42c-d36373052254;391.15;0.05;UNKNOWN
2016-01-23T06:25:57.000000;2016-01-23T06:25:57.000000;a4c6af65-61aa-45c7-8750-4a4430fb3e83;390.77;0.035;UNKNOWN
2016-01-23T06:26:05.000000;2016-01-23T06:26:05.000000;4912bbcb-10d6-4e10-80d7-1d355ccdc84f;390.77;0.40206056;UNKNOWN
2016-01-23T06:26:14.000000;2016-01-23T06:26:14.000000;219b7e35-801f-4817-95d2-6143d5bcfd51;390.77;0.07663944;UNKNOWN
2016-01-23T06:26:19.000000;2016-01-23T06:26:19.000000;b4c9dc9b-f7dd-48d5-84de-f200f256c789;390.76;0.001;UNKNOWN
2016-01-23T06:26:19.000000;2016-01-23T06:26:19.000000;11c44868-dec7-4067-aeea-45bc02359b73;390.76;0.024;UNKNOWN
2016-01-23T06:27:16.000000;2016-01-23T06:27:16.000000;099eb1f2-3ec7-4aa3-b4d8-95e11952ebfe;390.67;0.05;UNKNOWN
2016-01-23T06:27:33.000000;2016-01-23T06:27:33.000000;8cba34ab-ed55-43c6-80e5-caa5771a2f14;390.54;0.05;UNKNOWN
2016-01-23T06:28:00.000000;2016-01-23T06:28:00.000000;e66de7d9-d436-4a02-a0e5-6079a5911fc3;390.5;1.9;UNKNOWN
2016-01-23T06:28:00.000000;2016-01-23T06:28:00.000000;cc86fe8a-66e3-45d0-8d13-2b32aa0c3751;390.41;0.92;UNKNOWN
2016-01-23T06:28:00.000000;2016-01-23T06:28:00.000000;567eeb9a-2a13-4f57-9b0e-844706fc30be;390.08;0.14;UNKNOWN
2016-01-23T06:28:00.000000;2016-01-23T06:28:00.000000;0da48695-6b2f-4946-bb2d-c8db4fbf32fc;390.08;4.04;UNKNOWN
2016-01-23T06:28:01.000000;2016-01-23T06:28:01.000000;d804c4ae-738d-40cd-80c1-bdbfd1e1f96b;390.51;0.02;UNKNOWN
2016-01-23T06:28:05.000000;2016-01-23T06:28:05.000000;9f69d06a-b1c1-4536-b622-02d95c294e2c;390.08;0.05;UNKNOWN
2016-01-23T06:28:16.000000;2016-01-23T06:28:16.000000;bb919b9e-5372-4228-9ad5-43a3758a0a27;390.0;0.23;UNKNOWN
2016-01-23T06:28:16.000000;2016-01-23T06:28:16.000000;dcd0ad0f-51f0-4019-bf2b-d5949bbe5e4f;390.0;0.01;UNKNOWN
2016-01-23T06:28:24.000000;2016-01-23T06:28:24.000000;5d2657d7-1c01-46d3-b72a-2feddf6658d9;389.81;0.5;UNKNOWN
2016-01-23T06:28:24.000000;2016-01-23T06:28:24.000000;f7ff17c3-5b93-4e10-93f0-40bd64918511;389.81;3.0;UNKNOWN
2016-01-23T06:28:24.000000;2016-01-23T06:28:24.000000;9e2eeb39-83e6-4fb4-b7c0-51afe2e56e9f;389.81;1.0;UNKNOWN
2016-01-23T06:28:24.000000;2016-01-23T06:28:24.000000;1d7c9370-d87c-42ce-a9d6-e986a832dec1;389.81;0.07708655;UNKNOWN
2016-01-23T06:28:25.000000;2016-01-23T06:28:25.000000;908ecfd6-5563-4113-bd6c-2083f112a186;389.81;3.0;UNKNOWN
2016-01-23T06:28:29.000000;2016-01-23T06:28:29.000000;c82a1d5e-3b6d-40f5-9c91-ba9b9b4853a4;389.84;0.02;UNKNOWN
2016-01-23T06:28:32.000000;2016-01-23T06:28:32.000000;227e1ff0-50ec-4096-a0fb-6552da360fd9;389.81;2.04928951;UNKNOWN
2016-01-23T06:28:33.000000;2016-01-23T06:28:33.000000;3bd3ecea-b16e-4925-9ea3-99be8e9c7aea;389.84;0.1;UNKNOWN
2016-01-23T06:28:36.000000;2016-01-23T06:28:36.000000;b4e446a7-7919-4e25-bf7a-7837d3704959;389.81;0.023;UNKNOWN
2016-01-23T06:28:36.000000;2016-01-23T06:28:36.000000;ab8e37f2-7027-4a3a-8264-ca22901565fa;389.84;0.027;UNKNOWN
2016-01-23T06:28:40.000000;2016-01-23T06:28:40.000000;e97ddab2-ccd5-43b4-b485-71481ecd8049;389.79;0.09;UNKNOWN
2016-01-23T06:29:01.000000;2016-01-23T06:29:01.000000;b177ea55-141d-4f12-9317-f5bf25023e2f;389.83;0.02;UNKNOWN
2016-01-23T06:29:07.000000;2016-01-23T06:29:07.000000;650a7f96-c1e6-4aeb-9d5f-4f0a4735c50d;389.79;10.0;UNKNOWN
2016-01-23T06:29:29.000000;2016-01-23T06:29:29.000000;eb02a83b-6468-4b6f-8862-31e97f60bfbf;389.83;0.02;UNKNOWN
2016-01-23T06:29:30.000000;2016-01-23T06:29:30.000000;e12a1a56-e4ff-4a40-9bb0-75510b244a9b;389.83;0.05;UNKNOWN
2016-01-23T06:29:54.000000;2016-01-23T06:29:54.000000;71fe4e86-d4d5-4db9-88bd-1aa0f7b7fd55;389.79;9.673;UNKNOWN
2016-01-23T06:29:59.000000;2016-01-23T06:29:59.000000;916d424e-5afd-4c8f-a8ef-bc7d3d37c275;389.82;0.1;UNKNOWN
2016-01-23T06:30:00.000000;2016-01-23T06:30:00.000000;5bab9703-67be-4fae-84a1-25deaae3767d;389.82;0.02;UNKNOWN
2016-01-23T06:30:00.000000;2016-01-23T06:30:00.000000;6090f19f-7749-49a2-ba35-2346b0690f3a;389.82;0.02;UNKNOWN
2016-01-23T06:30:05.000000;2016-01-23T06:30:05.000000;25a6a1d8-eb75-4de8-9398-b6ebf442b1d4;389.82;0.06;UNKNOWN
2016-01-23T06:30:05.000000;2016-01-23T06:30:05.000000;7e24ad5b-d5e5-40a5-8175-1af4f974a426;389.82;0.04;UNKNOWN
2016-01-23T06:30:29.000000;2016-01-23T06:30:29.000000;0c9eec93-40de-491d-ab35-ba02751d013b;389.82;0.0075;UNKNOWN
2016-01-23T06:31:01.000000;2016-01-23T06:31:01.000000;6426c4a6-341b-485a-94b1-862eb6db280e;389.83;0.02;UNKNOWN
2016-01-23T06:31:02.000000;2016-01-23T06:31:02.000000;3f7bfedf-4723-430e-b8bb-fcfc646ea6f7;389.83;0.1;UNKNOWN
2016-01-23T06:31:22.000000;2016-01-23T06:31:22.000000;fbebc4d4-dca2-411c-9471-ad5114076dda;389.83;0.07;UNKNOWN
2016-01-23T06:31:30.000000;2016-01-23T06:31:30.000000;416ae436-ecf7-4c50-80e6-34aa0584e44b;389.94;0.8;UNKNOWN
2016-01-23T06:31:41.000000;2016-01-23T06:31:41.000000;1f517e46-8aef-48ef-9a3a-1f2cc28355e8;389.9;0.1457;UNKNOWN
2016-01-23T06:31:43.000000;2016-01-23T06:31:43.000000;6030364c-64cf-4369-8072-9661a76a3018;389.82;0.0125;UNKNOWN
2016-01-23T06:31:43.000000;2016-01-23T06:31:43.000000;bf0a9ea4-fb1d-45b1-bd56-3cac57953370;389.83;0.03;UNKNOWN
2016-01-23T06:31:43.000000;2016-01-23T06:31:43.000000;f53b417a-cb8b-4221-a793-d2d1ece9e3e7;389.63;5.60721461;UNKNOWN
2016-01-23T06:31:47.000000;2016-01-23T06:31:47.000000;54b92507-4176-47a0-8e83-84d2d5837a91;389.63;3.0;UNKNOWN
2016-01-23T06:32:19.000000;2016-01-23T06:32:19.000000;e426c791-b9f3-4703-a288-37dfbd708b9b;389.5;0.7863;UNKNOWN
2016-01-23T06:33:01.000000;2016-01-23T06:33:01.000000;becd201b-9002-42ad-b7ed-30731124999e;389.57;0.02;UNKNOWN
2016-01-23T06:33:05.000000;2016-01-23T06:33:05.000000;7f5cef48-3507-4844-a350-5be3e8197d21;389.59;0.07451082;UNKNOWN
2016-01-23T06:34:10.000000;2016-01-23T06:34:10.000000;00c42c60-4ec2-4cbe-9e49-66c9cacac988;389.95;0.4;UNKNOWN
2016-01-23T06:35:00.000000;2016-01-23T06:35:00.000000;e6057c38-aae8-44bc-b061-99ee445f17e3;389.63;0.02;UNKNOWN
2016-01-23T06:35:13.000000;2016-01-23T06:35:13.000000;4707facd-15a5-4004-878b-b86acd45cd92;389.5;0.05121729;UNKNOWN
2016-01-23T06:35:13.000000;2016-01-23T06:35:13.000000;e9207770-e6cd-4537-9bd8-14c509e43683;389.51;0.1;UNKNOWN
2016-01-23T06:35:29.000000;2016-01-23T06:35:29.000000;38bafd98-bb6e-4781-b2ed-f58bf78270f1;389.56;0.02;UNKNOWN
2016-01-23T06:36:01.000000;2016-01-23T06:36:01.000000;d4feaac8-6ccd-49ff-b676-95ba23abb526;389.56;0.02;UNKNOWN
2016-01-23T06:36:24.000000;2016-01-23T06:36:24.000000;d428ef76-6115-4605-8c0f-5fc974a6ec6f;389.5;0.21719874;UNKNOWN
2016-01-23T06:37:34.000000;2016-01-23T06:37:34.000000;93e9a17f-aac9-455b-93ea-2ee21bdbbc3d;389.5;0.90659447;UNKNOWN
2016-01-23T06:37:34.000000;2016-01-23T06:37:34.000000;f5b180d1-b27c-4f27-94fc-34e3d653852c;389.15;0.08;UNKNOWN
2016-01-23T06:37:34.000000;2016-01-23T06:37:34.000000;b1105034-a61a-4257-a4b4-388e1f1e1b60;389.25;0.01;UNKNOWN
2016-01-23T06:37:34.000000;2016-01-23T06:37:34.000000;eeebe8cc-37db-44f1-8ed1-e4d6b629c336;389.18;19.0471;UNKNOWN
2016-01-23T06:37:34.000000;2016-01-23T06:37:34.000000;4bf863da-d8b3-469a-9e50-30f644a78de6;389.15;31.9699;UNKNOWN
2016-01-23T06:37:34.000000;2016-01-23T06:37:34.000000;2c29d35e-a435-452e-9cac-12fccae4cb00;389.03;0.01;UNKNOWN
2016-01-23T06:37:34.000000;2016-01-23T06:37:34.000000;4f8206e7-5d82-4a3d-aaf8-970817e0c2e4;389.0;0.01;UNKNOWN
2016-01-23T06:37:34.000000;2016-01-23T06:37:34.000000;55ba9689-0553-4fd3-a881-80a962363858;389.5;0.0472;UNKNOWN
2016-01-23T06:37:34.000000;2016-01-23T06:37:34.000000;082d9418-d611-4124-86d9-d52e25934ae4;389.0;1.3;UNKNOWN
2016-01-23T06:37:34.000000;2016-01-23T06:37:34.000000;9ded6c6f-fb7c-43b1-a910-20a4e03de7f9;388.97;16.61920553;UNKNOWN
2016-01-23T06:37:36.000000;2016-01-23T06:37:36.000000;9ba6a239-abc3-439f-81b2-427a8e271a95;388.85;0.25;UNKNOWN
2016-01-23T06:37:36.000000;2016-01-23T06:37:36.000000;ab820201-7bef-42a5-9ffb-c971f1941658;388.85;0.5;UNKNOWN
2016-01-23T06:37:36.000000;2016-01-23T06:37:36.000000;96020eb9-ec24-497e-b9c7-bc38714a992b;388.85;5.3725445;UNKNOWN
2016-01-23T06:37:36.000000;2016-01-23T06:37:36.000000;9badf24d-8f93-4ce0-8112-a1fde19480b5;388.85;5.237;UNKNOWN
2016-01-23T06:37:36.000000;2016-01-23T06:37:36.000000;72a0d089-bcf0-4aef-8930-af7fb6b22af0;388.85;2.0;UNKNOWN
2016-01-23T06:38:00.000000;2016-01-23T06:38:00.000000;0724a010-5aa6-4302-b92a-072e2d2cbd2e;388.77;0.016;UNKNOWN
2016-01-23T06:38:00.000000;2016-01-23T06:38:00.000000;bfb8a103-caeb-4b18-bde4-38e562628362;388.58;9.984;UNKNOWN
2016-01-23T06:38:06.000000;2016-01-23T06:38:06.000000;cde8b673-75aa-415a-bf14-f54b07060860;389.44;0.22387709;UNKNOWN
2016-01-23T06:38:47.000000;2016-01-23T06:38:47.000000;850b69b3-c1ec-4ce4-9e7e-77d262e87f3a;389.15;0.08;UNKNOWN
2016-01-23T06:39:05.000000;2016-01-23T06:39:05.000000;941ab610-499e-437d-bcdc-adc4cca678de;388.5;1.23639571;UNKNOWN
2016-01-23T06:39:06.000000;2016-01-23T06:39:06.000000;ec0ec321-120a-4425-8210-4937526e42f3;388.93;0.01;UNKNOWN
2016-01-23T06:39:12.000000;2016-01-23T06:39:12.000000;0b198be6-058c-4f7a-b832-307ef6d41fd2;388.51;0.023;UNKNOWN
2016-01-23T06:39:12.000000;2016-01-23T06:39:12.000000;dc4fd6f7-3b9a-4d0e-ad0f-62f497a3c522;388.89;0.04;UNKNOWN
2016-01-23T06:40:00.000000;2016-01-23T06:40:00.000000;7dcf7a04-2d98-4af4-ad23-593e53fdf88f;388.73;0.25;UNKNOWN
2016-01-23T06:40:39.000000;2016-01-23T06:40:39.000000;ad9d02c2-5d2f-43bb-ae15-18ebb31580fe;388.77;0.01;UNKNOWN
2016-01-23T06:40:39.000000;2016-01-23T06:40:39.000000;3bb061ca-fa70-464d-80e1-45fbc15e5e4b;388.76;0.08;UNKNOWN
2016-01-23T06:40:39.000000;2016-01-23T06:40:39.000000;0f4db316-e3a7-412e-9b1e-10bdc51ba5c3;389.18;0.21;UNKNOWN
2016-01-23T06:40:39.000000;2016-01-23T06:40:39.000000;a411adbf-39b4-48e5-b525-4f6f95701a63;388.77;0.1;UNKNOWN
2016-01-23T06:41:13.000000;2016-01-23T06:41:13.000000;a95d212c-0700-422c-a15e-6aeb4d40582a;388.79;0.1;UNKNOWN
2016-01-23T06:41:13.000000;2016-01-23T06:41:13.000000;ff478559-517b-48c2-a272-f5caeacb2375;388.78;0.0482284;UNKNOWN
2016-01-23T06:41:13.000000;2016-01-23T06:41:13.000000;963384e1-9785-4852-9c9f-dd9201788180;388.8;0.04;UNKNOWN
2016-01-23T06:41:13.000000;2016-01-23T06:41:13.000000;cee74cf9-f53c-4151-9999-b6754afdf0e0;388.79;0.068768;UNKNOWN
2016-01-23T06:41:19.000000;2016-01-23T06:41:19.000000;9550dbd6-e7cc-4c88-8b2a-5fda8fcbd609;388.99;0.01;UNKNOWN
2016-01-23T06:41:37.000000;2016-01-23T06:41:37.000000;4e7e01d4-6c06-46ef-bbd3-5191c8da0f72;388.78;0.5552716;UNKNOWN
2016-01-23T06:41:37.000000;2016-01-23T06:41:37.000000;3152c935-b729-46f3-a2e7-7753860e7f90;388.67;0.4447284;UNKNOWN
2016-01-23T06:41:40.000000;2016-01-23T06:41:40.000000;90fe3ac7-c143-4c48-864e-7aa6b4eee2f7;388.99;0.12952681;UNKNOWN
2016-01-23T06:41:51.000000;2016-01-23T06:41:51.000000;7cd20fdc-95ac-404e-904c-5cd4e5f43d14;388.51;0.05;UNKNOWN
2016-01-23T06:41:51.000000;2016-01-23T06:41:51.000000;96981e0c-46c5-447d-93e2-6aa8fe96aa4e;388.25;3.0;UNKNOWN
2016-01-23T06:41:51.000000;2016-01-23T06:41:51.000000;ca3bb5a6-cbdf-442a-a7a4-9f1a29efc590;388.67;1.0255716;UNKNOWN
2016-01-23T06:41:51.000000;2016-01-23T06:41:51.000000;f94e7d63-11b2-4e72-93e7-0a2d6b2ee53e;388.13;0.12545382;UNKNOWN
2016-01-23T06:41:51.000000;2016-01-23T06:41:51.000000;c972c9a0-ec91-4608-a286-d67c5ba36b71;388.64;0.07;UNKNOWN
2016-01-23T06:41:51.000000;2016-01-23T06:41:51.000000;49f4a164-e7f0-4f3a-a8ce-1e66b70557f0;388.35;19.3863;UNKNOWN
2016-01-23T06:41:51.000000;2016-01-23T06:41:51.000000;a384dff2-0f68-4b96-9609-2b9bc076024d;388.47;3.58;UNKNOWN
2016-01-23T06:41:51.000000;2016-01-23T06:41:51.000000;c159d555-b701-4cd8-ba4a-a621a8d80d75;388.31;0.05;UNKNOWN
2016-01-23T06:41:51.000000;2016-01-23T06:41:51.000000;20def0f0-ff67-42c8-be91-c7f1a1874dde;388.33;40.0;UNKNOWN
2016-01-23T06:41:51.000000;2016-01-23T06:41:51.000000;9ba20906-5d54-4486-8aae-34dd90e06033;388.31;0.05;UNKNOWN
2016-01-23T06:41:51.000000;2016-01-23T06:41:51.000000;e2c1463b-d781-4e15-a679-9b02551575ae;388.53;12.0;UNKNOWN
2016-01-23T06:41:51.000000;2016-01-23T06:41:51.000000;52c2b1a0-0c3d-4827-9f92-79698dbc68a9;388.26;0.04;UNKNOWN
2016-01-23T06:41:51.000000;2016-01-23T06:41:51.000000;210e4a01-109a-4b9f-b5a9-d3ee59ec9828;388.48;43.8417;UNKNOWN
2016-01-23T06:41:51.000000;2016-01-23T06:41:51.000000;1a949afb-fb36-4ef5-bb49-64381196a87e;388.64;0.07;UNKNOWN
2016-01-23T06:41:51.000000;2016-01-23T06:41:51.000000;3ef1b7f6-2d3e-4d02-91cc-9c57ff893df5;388.51;0.047;UNKNOWN
2016-01-23T06:41:51.000000;2016-01-23T06:41:51.000000;cd3dba25-4b5d-4a06-abf9-723bd3a11bb5;388.68;0.5;UNKNOWN
2016-01-23T06:41:51.000000;2016-01-23T06:41:51.000000;99975b78-26df-498a-9372-dc15fb722346;388.54;6.0;UNKNOWN
2016-01-23T06:41:51.000000;2016-01-23T06:41:51.000000;21e08cf4-68ae-4bd9-aa5c-8e2deca13417;388.57;3.0;UNKNOWN
2016-01-23T06:42:43.000000;2016-01-23T06:42:43.000000;2ec97630-a2c3-4c32-a4f0-038212eecb3f;388.79;0.1;UNKNOWN
2016-01-23T06:42:52.000000;2016-01-23T06:42:52.000000;9c5bfce9-844d-416b-90ab-c39174e47210;388.77;0.07;UNKNOWN
2016-01-23T06:43:05.000000;2016-01-23T06:43:05.000000;249ca4b0-9f72-48f5-8040-7b478bece95b;388.95;0.02;UNKNOWN
2016-01-23T06:43:59.000000;2016-01-23T06:43:59.000000;13fd363a-08cf-4e17-944b-cc27d9a76838;388.55;3.2882228;UNKNOWN
2016-01-23T06:43:59.000000;2016-01-23T06:43:59.000000;a381fee9-6d65-4688-8ad9-b912f60dc71a;388.6;0.02;UNKNOWN
2016-01-23T06:45:05.000000;2016-01-23T06:45:05.000000;4e820bc2-14ca-4fd9-8729-1cf468b08582;388.56;0.59023489;UNKNOWN
2016-01-23T06:45:05.000000;2016-01-23T06:45:05.000000;1812c347-74d7-45fb-893f-11537285bd97;388.6;0.02;UNKNOWN
2016-01-23T06:45:05.000000;2016-01-23T06:45:05.000000;322cd37a-f6d9-4c41-afa4-62e82d7cb8e4;388.61;0.02;UNKNOWN
2016-01-23T06:48:05.000000;2016-01-23T06:48:05.000000;01e76efa-ca71-40cb-9d67-95da0aceb855;388.5;0.22453238;UNKNOWN
2016-01-23T06:48:48.000000;2016-01-23T06:48:48.000000;ff982dc3-0339-474b-8b8f-efad50a1b39f;388.58;17.88262448;UNKNOWN
2016-01-23T06:48:48.000000;2016-01-23T06:48:48.000000;19cf1b2c-1347-4783-b101-3d72d9aa8c7b;389.45;0.64107552;UNKNOWN
2016-01-23T06:48:48.000000;2016-01-23T06:48:48.000000;9f589ae4-4166-4620-8970-897d78e57623;388.56;0.09;UNKNOWN
2016-01-23T06:48:48.000000;2016-01-23T06:48:48.000000;76edc1ab-88a5-472b-8843-5fc9cff553b0;388.56;6.3863;UNKNOWN
2016-01-23T06:48:48.000000;2016-01-23T06:48:48.000000;0802bdda-bbb8-4e0b-a393-6f02fe89ea34;388.56;0.01;UNKNOWN
2016-01-23T06:48:49.000000;2016-01-23T06:48:49.000000;9083a875-8f47-40f5-af6d-f6c2452bfac7;389.45;5.0;UNKNOWN
2016-01-23T06:50:05.000000;2016-01-23T06:50:05.000000;48e74677-67de-4aca-9175-fcda606d835a;389.43;0.077;UNKNOWN
2016-01-23T06:50:13.000000;2016-01-23T06:50:13.000000;8ef1966c-ddd3-4143-bd4a-f1fea53e63da;389.49;1.0;UNKNOWN
2016-01-23T06:50:18.000000;2016-01-23T06:50:18.000000;e53369c5-68c5-4838-9228-242391afff7a;389.49;1.0;UNKNOWN
2016-01-23T06:50:26.000000;2016-01-23T06:50:26.000000;f0b92608-5635-401e-88ea-6f15b927698b;389.49;0.2;UNKNOWN
2016-01-23T06:51:05.000000;2016-01-23T06:51:05.000000;d4f2dec8-72fb-49b2-83be-c12c5043fa4d;389.11;0.3956177;UNKNOWN
2016-01-23T06:51:05.000000;2016-01-23T06:51:05.000000;0b1b6222-c18a-439a-a6b6-e2c56c3e2dfd;389.12;0.1;UNKNOWN
2016-01-23T06:51:06.000000;2016-01-23T06:51:06.000000;913fe826-9c40-4213-ab3a-f6f70a0235ce;389.12;0.03;UNKNOWN
2016-01-23T06:51:08.000000;2016-01-23T06:51:08.000000;f3c75bff-d731-4d7e-bd25-444d43b1e387;389.45;0.1;UNKNOWN
2016-01-23T06:51:08.000000;2016-01-23T06:51:08.000000;6307e397-ec7f-46eb-915c-429c769bdef4;389.46;1.4;UNKNOWN
2016-01-23T06:51:16.000000;2016-01-23T06:51:16.000000;b1ab1ee4-ea91-4d31-ace6-5221eb176d5c;389.49;0.1;UNKNOWN
2016-01-23T06:51:16.000000;2016-01-23T06:51:16.000000;bd9ae53c-8858-43bb-8c0f-ccb07395e0c4;389.49;0.0283;UNKNOWN
2016-01-23T06:52:05.000000;2016-01-23T06:52:05.000000;a713779c-b76b-4559-bead-5e0c37b7bac5;389.11;0.07873867;UNKNOWN
2016-01-23T06:53:53.000000;2016-01-23T06:53:53.000000;86aa6cb7-404b-4efa-a3da-bcb87679e140;389.11;1.0;UNKNOWN
2016-01-23T06:53:55.000000;2016-01-23T06:53:55.000000;e172f850-b45e-41f6-ac59-a3ae82fe7999;389.1;1.0;UNKNOWN
2016-01-23T06:54:10.000000;2016-01-23T06:54:10.000000;ee9a5c25-c810-4fda-a3c4-3a50f854ab4f;388.78;3.13639571;UNKNOWN
2016-01-23T06:54:10.000000;2016-01-23T06:54:10.000000;589cf038-187c-4436-a2ff-69dbe404c00f;388.79;0.1;UNKNOWN
2016-01-23T06:55:39.000000;2016-01-23T06:55:39.000000;42c3a0ee-8400-43b5-8b09-e3728aeb900e;389.34;0.9;UNKNOWN
2016-01-23T06:55:39.000000;2016-01-23T06:55:39.000000;41355c71-cf13-4267-b36b-032e5b1524bf;389.33;0.1;UNKNOWN
2016-01-23T06:56:04.000000;2016-01-23T06:56:04.000000;e3125cb6-1b42-4703-b414-9affc3f5394e;389.12;0.1;UNKNOWN
2016-01-23T06:56:15.000000;2016-01-23T06:56:15.000000;9904ad34-24ec-4c64-9596-4ff9d9d63511;389.23;0.3594;UNKNOWN
2016-01-23T06:56:15.000000;2016-01-23T06:56:15.000000;099d6d4d-e927-4d89-a0cc-abd2c4f969fc;389.23;0.1;UNKNOWN
2016-01-23T06:56:58.000000;2016-01-23T06:56:58.000000;a399fc4e-357e-41ad-8eff-15ba5207bc78;389.32;1.0;UNKNOWN
2016-01-23T06:57:05.000000;2016-01-23T06:57:05.000000;b4ea8618-d66b-455f-85fd-58ab0e531081;389.07;0.025;UNKNOWN
2016-01-23T06:57:05.000000;2016-01-23T06:57:05.000000;503f7aae-941c-4288-ac9f-bee73e54c496;389.01;0.1;UNKNOWN
2016-01-23T06:57:05.000000;2016-01-23T06:57:05.000000;e4967d3e-353b-448e-9b7c-248bda33cfc7;389.0;1.45615266;UNKNOWN
2016-01-23T07:00:50.000000;2016-01-23T07:00:50.000000;6e392b6a-2732-4ef5-8ced-916a58e8b59d;388.57;0.282;UNKNOWN
2016-01-23T07:00:51.000000;2016-01-23T07:00:51.000000;8a9080ba-2809-4b1a-8853-c84a1d53aa2d;388.57;0.09;UNKNOWN
2016-01-23T07:01:05.000000;2016-01-23T07:01:05.000000;63878259-51ae-4c97-a006-e05a52831890;388.58;0.74851758;UNKNOWN
2016-01-23T07:01:10.000000;2016-01-23T07:01:10.000000;00dc7601-b39b-4b64-9021-5e4e6a991f62;388.57;0.4207;UNKNOWN
2016-01-23T07:01:10.000000;2016-01-23T07:01:10.000000;fee69237-dbe3-4056-aee9-0fefb5838320;388.53;0.0793;UNKNOWN
2016-01-23T07:01:12.000000;2016-01-23T07:01:12.000000;5f63c524-ce05-4c0c-82c9-839394a6dad6;388.36;0.03;UNKNOWN
2016-01-23T07:01:12.000000;2016-01-23T07:01:12.000000;87f5463a-8830-4135-9a73-ca6f5b4e2912;388.53;0.0207;UNKNOWN
2016-01-23T07:01:30.000000;2016-01-23T07:01:30.000000;11aa320b-c602-4455-859b-e0f4c42205db;388.02;1.0;UNKNOWN
2016-01-23T07:01:38.000000;2016-01-23T07:01:38.000000;472b11df-f216-41cc-946c-28a739e47681;388.0;0.01;UNKNOWN
2016-01-23T07:01:38.000000;2016-01-23T07:01:38.000000;290ed2ae-c67c-4765-9fbf-667a9f3a2886;388.01;0.5;UNKNOWN
2016-01-23T07:01:43.000000;2016-01-23T07:01:43.000000;179a0743-540b-4a53-ba1c-8ff7c1c8baac;387.62;0.069553;UNKNOWN
2016-01-23T07:01:43.000000;2016-01-23T07:01:43.000000;4f09c5f7-33cc-406b-b9c1-2b51c1c5b153;387.43;4.140347;UNKNOWN
2016-01-23T07:01:43.000000;2016-01-23T07:01:43.000000;037680d8-a676-4c00-9534-5471f79f4aaa;387.63;1.735;UNKNOWN
2016-01-23T07:01:43.000000;2016-01-23T07:01:43.000000;e5ddeabb-554d-40d3-84d3-7231ca6b26cd;387.44;30.2344;UNKNOWN
2016-01-23T07:01:43.000000;2016-01-23T07:01:43.000000;9763c27d-d998-444e-afe9-27ce560a7f28;387.63;0.025;UNKNOWN
2016-01-23T07:01:43.000000;2016-01-23T07:01:43.000000;d1e345a4-2ff5-49d9-bf0f-5e2fe17a344c;387.53;18.8207;UNKNOWN
2016-01-23T07:01:46.000000;2016-01-23T07:01:46.000000;0d6b9be8-e747-4918-ad26-e50d56309083;387.65;1.2451;UNKNOWN
2016-01-23T07:01:51.000000;2016-01-23T07:01:51.000000;f4b40266-6b48-498d-99ff-84e76b88cfd4;387.68;0.5;UNKNOWN
2016-01-23T07:01:51.000000;2016-01-23T07:01:51.000000;57324999-98d2-401d-80ea-8a00c4bc968b;387.68;0.5;UNKNOWN
2016-01-23T07:02:02.000000;2016-01-23T07:02:02.000000;f5f37d4f-ec1e-4a72-b890-e2cecb541193;387.62;0.5;UNKNOWN
2016-01-23T07:02:02.000000;2016-01-23T07:02:02.000000;6004db97-a979-410e-ae19-ee427b4d9d7a;387.62;1.40445;UNKNOWN
2016-01-23T07:02:07.000000;2016-01-23T07:02:07.000000;9176a77d-9806-4687-8309-72716a8cf95e;387.43;1.94322;UNKNOWN
2016-01-23T07:03:10.000000;2016-01-23T07:03:10.000000;cb878bb3-a67d-496d-8c0d-0727aa1ff10b;387.46;0.01;UNKNOWN
2016-01-23T07:03:27.000000;2016-01-23T07:03:27.000000;80baad84-489f-454e-b10d-bc028e3cc998;387.46;0.023;UNKNOWN
2016-01-23T07:04:23.000000;2016-01-23T07:04:23.000000;f76d0678-f45b-41e9-94e1-919756b6ce73;387.52;0.6440122;UNKNOWN
2016-01-23T07:04:48.000000;2016-01-23T07:04:48.000000;91c5ae49-7e3f-4142-9598-3281873d4f54;387.52;0.069797;UNKNOWN
2016-01-23T07:04:48.000000;2016-01-23T07:04:48.000000;e321b4e8-1325-4bab-989c-0da769d7b1e8;387.56;0.56;UNKNOWN
2016-01-23T07:04:48.000000;2016-01-23T07:04:48.000000;0a8d88d3-31a8-4120-8f11-fe2eda239d94;387.55;0.01;UNKNOWN
2016-01-23T07:04:48.000000;2016-01-23T07:04:48.000000;1064407b-5145-417f-b934-ef43921a77fe;387.43;0.598203;UNKNOWN
2016-01-23T07:04:56.000000;2016-01-23T07:04:56.000000;8eab1c04-2f9f-447d-b1a8-c65058f38087;387.56;0.069789;UNKNOWN
2016-01-23T07:04:57.000000;2016-01-23T07:04:57.000000;fce51d84-2b20-48ad-919e-29b913a1fcc2;387.56;0.969789;UNKNOWN
2016-01-23T07:04:57.000000;2016-01-23T07:04:57.000000;42ceb8d0-da8f-4eab-92fb-8b90a9e0f0ef;387.56;0.030211;UNKNOWN
2016-01-23T07:05:01.000000;2016-01-23T07:05:01.000000;c5eb56ee-cbe2-49c5-94be-e0219de28243;387.55;1.0;UNKNOWN
2016-01-23T07:05:04.000000;2016-01-23T07:05:04.000000;7a9d006d-d9fa-4341-9dfb-ce998b49834d;387.45;0.01;UNKNOWN
2016-01-23T07:05:04.000000;2016-01-23T07:05:04.000000;9891441b-c7d9-496b-bd5d-6c87930caa14;387.43;0.09;UNKNOWN
2016-01-23T07:05:09.000000;2016-01-23T07:05:09.000000;836e48f0-17f3-4868-9a84-336328138c99;387.5;3.0;UNKNOWN
2016-01-23T07:05:09.000000;2016-01-23T07:05:09.000000;5464eb6b-6ae8-41e8-a7c4-b7844827ee75;387.5;0.5;UNKNOWN
2016-01-23T07:05:09.000000;2016-01-23T07:05:09.000000;dd8971eb-29af-4764-bf61-8d2a419ba9f5;387.51;4.39;UNKNOWN
2016-01-23T07:05:11.000000;2016-01-23T07:05:11.000000;5d3a5d39-88fd-4f7c-8b59-d68244355e44;387.08;20.4581;UNKNOWN
2016-01-23T07:05:11.000000;2016-01-23T07:05:11.000000;df06f721-8be4-479e-8526-5b29fba640f3;387.0;31.3281;UNKNOWN
2016-01-23T07:05:11.000000;2016-01-23T07:05:11.000000;aa8ea351-ebf1-4c4d-9f30-4781af2bf134;386.89;5.734667;UNKNOWN
2016-01-23T07:05:11.000000;2016-01-23T07:05:11.000000;dd28eb4f-3f7a-4383-8162-43ffa6205643;386.99;0.05;UNKNOWN
2016-01-23T07:05:11.000000;2016-01-23T07:05:11.000000;cd7b193b-d067-4c54-9a8f-4f9976472ecf;387.0;0.01;UNKNOWN
2016-01-23T07:05:11.000000;2016-01-23T07:05:11.000000;17d8c4a1-5ac2-4efb-be0d-05e6d43f1edd;387.3;1.0211;UNKNOWN
2016-01-23T07:05:11.000000;2016-01-23T07:05:11.000000;f531f4d8-5353-4d39-9af3-9f6fe4912083;387.41;0.1;UNKNOWN
2016-01-23T07:05:11.000000;2016-01-23T07:05:11.000000;e77429a5-5fb0-4526-950e-ac615f0c9938;387.43;3.22823;UNKNOWN
2016-01-23T07:05:11.000000;2016-01-23T07:05:11.000000;d13b3147-1b1c-4413-806d-5f6f0e801ca7;387.43;0.069803;UNKNOWN
2016-01-23T07:05:14.000000;2016-01-23T07:05:14.000000;97fb874e-a868-47d0-beb4-38932379c505;386.69;2.0;UNKNOWN
2016-01-23T07:05:14.000000;2016-01-23T07:05:14.000000;38419319-f64f-4bc4-ad55-737df2e1ed7d;386.69;0.05;UNKNOWN
2016-01-23T07:05:14.000000;2016-01-23T07:05:14.000000;86387d90-5749-43ec-9454-67fd3bf8faa3;386.69;3.0347001;UNKNOWN
2016-01-23T07:05:14.000000;2016-01-23T07:05:14.000000;1f4270a5-05b0-4c8c-b41b-c8f91625a738;386.69;0.34;UNKNOWN
2016-01-23T07:05:14.000000;2016-01-23T07:05:14.000000;eaf6febe-5536-46e5-ab63-73e2a6ea8418;386.7;2.16;UNKNOWN
2016-01-23T07:05:21.000000;2016-01-23T07:05:21.000000;f6083c89-e1ab-489f-bad7-df1bc0538eea;387.43;0.069807;UNKNOWN
2016-01-23T07:05:57.000000;2016-01-23T07:05:57.000000;2df1d3fb-350c-497d-8b72-a8997cbc4abb;386.82;0.01;UNKNOWN
2016-01-23T07:06:31.000000;2016-01-23T07:06:31.000000;3d50e4ca-a604-4114-9431-44ac12aa1b26;386.98;0.1;UNKNOWN
2016-01-23T07:06:31.000000;2016-01-23T07:06:31.000000;0bfbe0a7-cdd4-45ab-b595-3ca0f14cd826;386.99;1.9;UNKNOWN
2016-01-23T07:06:58.000000;2016-01-23T07:06:58.000000;978f0057-f3fe-4ad2-ac90-d2b93a851d3c;386.86;0.2462;UNKNOWN
2016-01-23T07:07:02.000000;2016-01-23T07:07:02.000000;d3a13052-dd31-4035-86b8-0f576c49a0cb;386.94;0.05;UNKNOWN
2016-01-23T07:07:16.000000;2016-01-23T07:07:16.000000;0756a962-f94e-4ade-b0b8-6c84a95ba5f0;386.86;0.01;UNKNOWN
2016-01-23T07:08:01.000000;2016-01-23T07:08:01.000000;b59c1c2f-947f-4627-aa7c-4a08a485745b;386.86;0.069882;UNKNOWN
2016-01-23T07:08:01.000000;2016-01-23T07:08:01.000000;731e04a3-8762-49cd-8897-aec4b9e23835;386.62;0.044095;UNKNOWN
2016-01-23T07:08:50.000000;2016-01-23T07:08:50.000000;1a5f3d3e-6974-4f37-995c-c45810ee81be;386.86;0.069911;UNKNOWN
2016-01-23T07:08:50.000000;2016-01-23T07:08:50.000000;60501535-3799-42a3-be1c-cccdbfe7255f;386.62;0.930089;UNKNOWN
2016-01-23T07:09:08.000000;2016-01-23T07:09:08.000000;61ab9adf-9de8-4de9-b3ad-46c21be0a977;386.87;1.0;UNKNOWN
2016-01-23T07:09:10.000000;2016-01-23T07:09:10.000000;614938e0-3df7-40d5-948a-723a79c0e1f6;386.87;1.0;UNKNOWN
2016-01-23T07:09:11.000000;2016-01-23T07:09:11.000000;531ef607-8172-4a82-824f-eb8a746d2bf7;386.87;1.0;UNKNOWN
2016-01-23T07:09:12.000000;2016-01-23T07:09:12.000000;0c5131c5-f95a-4ca3-9210-66f784cf2514;386.87;1.0;UNKNOWN
2016-01-23T07:10:24.000000;2016-01-23T07:10:24.000000;0585684b-f333-4091-bc3f-c4107806464c;387.6;0.25;UNKNOWN
2016-01-23T07:10:24.000000;2016-01-23T07:10:24.000000;76cb7ed0-072c-4e76-9140-7c5f08712880;387.92;17.5892;UNKNOWN
2016-01-23T07:10:24.000000;2016-01-23T07:10:24.000000;baed6b65-8c83-4a95-82a2-3e065a71ec06;386.97;6.4141;UNKNOWN
2016-01-23T07:10:24.000000;2016-01-23T07:10:24.000000;b92e6e11-f25e-4eb8-a903-795664b6b08e;388.12;12.2067;UNKNOWN
2016-01-23T07:10:24.000000;2016-01-23T07:10:24.000000;df4bccc1-51c6-4b44-a1db-3ea820b5834a;386.98;19.95;UNKNOWN
2016-01-23T07:10:24.000000;2016-01-23T07:10:24.000000;1067cd32-47b2-4f5e-8673-2b3cb6fab22f;387.73;9.49;UNKNOWN
2016-01-23T07:10:24.000000;2016-01-23T07:10:24.000000;91f241e5-a67a-43fe-94a2-6e078c7e52c8;387.0;4.0;UNKNOWN
2016-01-23T07:10:24.000000;2016-01-23T07:10:24.000000;f3cd4aca-4865-43d9-82ee-ec675a3a94dc;387.0;0.1;UNKNOWN
2016-01-23T07:10:28.000000;2016-01-23T07:10:28.000000;f1408e9a-2db0-45f1-89ca-9176af23240a;387.19;0.1;UNKNOWN
2016-01-23T07:11:05.000000;2016-01-23T07:11:05.000000;0fd15ba3-6f06-498e-9f98-cb9630875e9a;387.78;0.5;UNKNOWN
2016-01-23T07:11:05.000000;2016-01-23T07:11:05.000000;db101da4-0a92-47fa-a52f-b6a004e18fa1;387.79;1.60187803;UNKNOWN
2016-01-23T07:12:04.000000;2016-01-23T07:12:04.000000;d1cc2237-a014-4925-b558-a76f4cfbc1c4;387.51;6.4197;UNKNOWN
2016-01-23T07:12:04.000000;2016-01-23T07:12:04.000000;edc5dfa7-ad6a-471e-94b9-85b97a6eea40;387.52;0.5;UNKNOWN
2016-01-23T07:12:04.000000;2016-01-23T07:12:04.000000;223bc2a7-7bfb-4027-b672-47f4cb3312e5;387.53;0.8216;UNKNOWN
2016-01-23T07:16:03.000000;2016-01-23T07:16:03.000000;2703760f-36ec-4db6-9727-42c89330cc27;388.22;6.0;UNKNOWN
2016-01-23T07:16:03.000000;2016-01-23T07:16:03.000000;8e7ef205-7eeb-403e-8fcf-6c3411e172d3;387.7;0.218;UNKNOWN
2016-01-23T07:16:03.000000;2016-01-23T07:16:03.000000;2e536baf-76e1-4d51-8a43-5bf649636ecd;387.7;0.5;UNKNOWN
2016-01-23T07:16:03.000000;2016-01-23T07:16:03.000000;0ca859b8-387f-46ed-b276-594b23f3db32;387.71;0.1;UNKNOWN
2016-01-23T07:16:03.000000;2016-01-23T07:16:03.000000;06065411-7b19-42ee-8c61-9c7eb10dbd31;388.21;3.0;UNKNOWN
2016-01-23T07:16:03.000000;2016-01-23T07:16:03.000000;3113d8dc-44c0-4382-aad0-942fbb970c8d;388.36;1.53832142;UNKNOWN
2016-01-23T07:16:03.000000;2016-01-23T07:16:03.000000;c2fcfdc0-ac3d-46e7-b2fc-1aa0048faf99;388.21;0.5;UNKNOWN
2016-01-23T07:16:03.000000;2016-01-23T07:16:03.000000;d909b866-2ea1-4294-95cd-ae2f40270540;388.23;6.3565;UNKNOWN
2016-01-23T07:16:06.000000;2016-01-23T07:16:06.000000;5f2f8c02-6634-426f-b8a8-be8da372ee95;389.29;0.03;UNKNOWN
2016-01-23T07:16:06.000000;2016-01-23T07:16:06.000000;45591754-8196-446d-b00f-b6963103c706;389.01;0.05;UNKNOWN
2016-01-23T07:16:25.000000;2016-01-23T07:16:25.000000;633519a8-13cd-43bc-92da-51c8299e210d;389.18;0.08;UNKNOWN
2016-01-23T07:16:45.000000;2016-01-23T07:16:45.000000;0d157f3f-de0b-4abb-a220-4bd48b640b5e;389.11;0.04;UNKNOWN
2016-01-23T07:17:05.000000;2016-01-23T07:17:05.000000;20ece885-dd73-4571-9a78-10becc66ac69;388.1;0.03960462;UNKNOWN
2016-01-23T07:17:20.000000;2016-01-23T07:17:20.000000;29a56e41-8eaa-46d9-95b1-d02ecbe7134f;388.06;0.1;UNKNOWN
2016-01-23T07:17:20.000000;2016-01-23T07:17:20.000000;0102de88-2a8e-4263-85b5-c44c555dedd2;388.04;0.18485084;UNKNOWN
2016-01-23T07:17:57.000000;2016-01-23T07:17:57.000000;123892ff-24ef-4c9a-a010-faa714e6a273;388.65;3.0;UNKNOWN
2016-01-23T07:17:57.000000;2016-01-23T07:17:57.000000;f83eb8e9-fc09-44d0-977d-74b0f7fb72b5;388.65;6.4052;UNKNOWN
2016-01-23T07:17:57.000000;2016-01-23T07:17:57.000000;d23d9cf6-6839-4f42-9e29-7eb620f0b419;388.74;2.7178;UNKNOWN
2016-01-23T07:17:57.000000;2016-01-23T07:17:57.000000;945b17c1-9986-4039-a526-9d246fa1263d;388.66;0.01;UNKNOWN
2016-01-23T07:17:57.000000;2016-01-23T07:17:57.000000;96aaf2f4-ee72-4178-ae89-de0f9937c745;388.66;6.0;UNKNOWN
2016-01-23T07:17:57.000000;2016-01-23T07:17:57.000000;de0f94c8-9e88-423b-8814-4dba272c0924;388.65;0.5;UNKNOWN
2016-01-23T07:17:57.000000;2016-01-23T07:17:57.000000;b482b4d4-d0da-41fe-b392-0495f4b32bce;388.67;0.367;UNKNOWN
2016-01-23T07:17:57.000000;2016-01-23T07:17:57.000000;4fcaccf3-fd0f-4112-9ce7-5e5aa66100cd;388.66;0.5;UNKNOWN
2016-01-23T07:17:57.000000;2016-01-23T07:17:57.000000;f27a09bb-6fb3-4eb8-b245-324a9aa7130f;388.65;0.5;UNKNOWN
2016-01-23T07:18:05.000000;2016-01-23T07:18:05.000000;1f1c29f9-5faa-4af1-bf8c-4d94f17e1152;388.63;0.26753825;UNKNOWN
2016-01-23T07:18:05.000000;2016-01-23T07:18:05.000000;aba75836-2d96-4eaf-9222-ba8b34288f30;388.62;0.5;UNKNOWN
2016-01-23T07:18:06.000000;2016-01-23T07:18:06.000000;aaf8bd3c-28fa-4e41-90f8-b2e43069b803;388.62;0.02519146;UNKNOWN
2016-01-23T07:19:05.000000;2016-01-23T07:19:05.000000;72e9023d-a384-4669-9731-893cd26bf8dd;388.06;0.05;UNKNOWN
2016-01-23T07:25:05.000000;2016-01-23T07:25:05.000000;f2279c07-ea1b-42a9-9f17-296083c906e0;387.95;1.31543571;UNKNOWN
2016-01-23T07:25:15.000000;2016-01-23T07:25:15.000000;41e6b0ad-2804-4c30-b2b3-c04c57cebc22;387.65;1.8;UNKNOWN
2016-01-23T07:25:15.000000;2016-01-23T07:25:15.000000;42284155-3fb0-41e2-a56f-886d67cfe777;387.84;0.2;UNKNOWN
2016-01-23T07:25:21.000000;2016-01-23T07:25:21.000000;a9c271e4-be11-4502-9af7-aa9a654f7b3f;387.6;0.930088;UNKNOWN
2016-01-23T07:25:21.000000;2016-01-23T07:25:21.000000;dc4b7400-788a-4cb7-8b40-33e3e71e6a95;387.62;0.069912;UNKNOWN
2016-01-23T07:26:15.000000;2016-01-23T07:26:15.000000;efdda1e3-e52c-4da9-bf07-a15e144a5f5d;387.71;1.0;UNKNOWN
2016-01-23T07:27:01.000000;2016-01-23T07:27:01.000000;5520d8a8-5f58-489a-a160-b88f478db793;387.39;0.975;UNKNOWN
2016-01-23T07:27:01.000000;2016-01-23T07:27:01.000000;bae2a0e2-62d7-4057-a3a0-4d44086a7314;387.7;0.025;UNKNOWN
2016-01-23T07:27:26.000000;2016-01-23T07:27:26.000000;8dc0d881-4e85-4f67-827b-19aaf823915b;387.42;0.069696;UNKNOWN
2016-01-23T07:28:05.000000;2016-01-23T07:28:05.000000;1bf6265a-a307-4496-bb6e-fff6f491aa1b;387.43;0.25818291;UNKNOWN
2016-01-23T07:28:05.000000;2016-01-23T07:28:05.000000;4f65c64f-5ab8-4f36-a778-0c0509f88053;387.9;0.33112045;UNKNOWN
2016-01-23T07:28:05.000000;2016-01-23T07:28:05.000000;73a848b2-23f4-4077-a0ba-d082f7d5e013;387.48;0.2;UNKNOWN
2016-01-23T07:28:37.000000;2016-01-23T07:28:37.000000;8e082aa3-03c9-495b-918b-0f3f843ac2ff;387.67;0.64176934;UNKNOWN
2016-01-23T07:29:29.000000;2016-01-23T07:29:29.000000;c417dac3-cc5c-4d2c-9e0d-4301f0bcb999;387.9;6.3641;UNKNOWN
2016-01-23T07:30:55.000000;2016-01-23T07:30:55.000000;72006185-55c0-44b1-8a0c-a05b3d7a272e;387.7;1.0;UNKNOWN
2016-01-23T07:31:00.000000;2016-01-23T07:31:00.000000;1f0d3f57-3fa3-4925-b52a-b66ca4d94d5b;387.66;8.0;UNKNOWN
2016-01-23T07:31:08.000000;2016-01-23T07:31:08.000000;b7290719-2d7d-41f2-beaf-1368fadf9740;387.7;0.09;UNKNOWN
2016-01-23T07:31:14.000000;2016-01-23T07:31:14.000000;10d0b06c-a78e-4a66-8d4d-11f4284d89eb;387.66;1.0;UNKNOWN
2016-01-23T07:33:05.000000;2016-01-23T07:33:05.000000;e0c05bb2-ee01-421c-b9ee-199792312731;387.66;0.15778906;UNKNOWN
2016-01-23T07:33:26.000000;2016-01-23T07:33:26.000000;bdb92cf9-5f47-4744-8c44-d48bc14528dc;387.7;0.069817;UNKNOWN
2016-01-23T07:34:12.000000;2016-01-23T07:34:12.000000;c55fea09-ce7a-4e0a-a771-0e004e226787;387.7;1.0;UNKNOWN
2016-01-23T07:34:24.000000;2016-01-23T07:34:24.000000;1e21eb23-980c-4999-a87b-8181adfd96fd;387.7;0.11202681;UNKNOWN
2016-01-23T07:34:25.000000;2016-01-23T07:34:25.000000;359c0792-f798-4e01-a315-551c7820625c;387.7;1.0;UNKNOWN
2016-01-23T07:34:33.000000;2016-01-23T07:34:33.000000;e0651fb2-5876-4c57-af12-328f7ac176cd;387.7;1.0;UNKNOWN
2016-01-23T07:34:59.000000;2016-01-23T07:34:59.000000;cb0cf847-5ad6-4784-9cc4-5edc17bd42ce;387.74;0.2;UNKNOWN
2016-01-23T07:34:59.000000;2016-01-23T07:34:59.000000;a8e0abc8-de12-4e63-aa7f-38d4a3689002;388.37;0.00484381;UNKNOWN
2016-01-23T07:34:59.000000;2016-01-23T07:34:59.000000;30703c23-224a-43a5-a15b-d55d4ddc98f7;387.7;0.79515619;UNKNOWN
2016-01-23T07:35:27.000000;2016-01-23T07:35:27.000000;1f4f5bee-1b3b-4daf-8e76-7c472b4420ed;388.37;1.0;UNKNOWN
2016-01-23T07:35:45.000000;2016-01-23T07:35:45.000000;7a7e376e-4296-470c-9407-64d8523adec0;388.14;0.23;UNKNOWN
2016-01-23T07:36:05.000000;2016-01-23T07:36:05.000000;561e17b4-de67-42aa-9b79-30e093cfa7c9;388.37;0.75159952;UNKNOWN
2016-01-23T07:36:06.000000;2016-01-23T07:36:06.000000;25783f26-6eb0-4c9f-9740-6944dd085792;388.37;1.0;UNKNOWN
2016-01-23T07:38:05.000000;2016-01-23T07:38:05.000000;6371f54a-62c4-40f8-b958-8d71d3f2b1f2;388.36;0.2;UNKNOWN
2016-01-23T07:38:05.000000;2016-01-23T07:38:05.000000;a9dc7831-87eb-42c2-abf7-d937349ccd88;388.37;0.3;UNKNOWN
2016-01-23T07:39:36.000000;2016-01-23T07:39:36.000000;d385fc0d-6b78-42f1-b069-6a7dc05d26f9;388.38;1.0;UNKNOWN
2016-01-23T07:40:41.000000;2016-01-23T07:40:41.000000;2748209b-5f2b-43f3-b3f8-a3444c2625f6;388.37;0.2;UNKNOWN
2016-01-23T07:45:23.000000;2016-01-23T07:45:23.000000;3d4d9162-32f6-47c6-8746-49d04b0b5d64;388.0;0.92859635;UNKNOWN
2016-01-23T07:48:05.000000;2016-01-23T07:48:05.000000;838da937-1ae6-4b21-a3c8-1c7969314ed2;388.3;0.1948607;UNKNOWN
2016-01-23T07:48:07.000000;2016-01-23T07:48:07.000000;b3e7d0af-aff3-4ddd-bd44-7f295afaabca;388.3;2.25029719;UNKNOWN
2016-01-23T07:48:08.000000;2016-01-23T07:48:08.000000;437d7fc2-c8b5-42df-af36-3b241cdccc33;388.3;0.03754531;UNKNOWN
2016-01-23T07:49:52.000000;2016-01-23T07:49:52.000000;6d4d3495-27a2-4415-9859-72c18e1079ee;388.3;0.15405513;UNKNOWN
2016-01-23T07:51:05.000000;2016-01-23T07:51:05.000000;c37ff289-f784-45e4-ae60-aadcb36bcc0a;388.29;1.44938994;UNKNOWN
2016-01-23T07:51:06.000000;2016-01-23T07:51:06.000000;23efd749-f47d-4398-8771-4c39c12277a0;388.3;0.3;UNKNOWN
2016-01-23T07:51:34.000000;2016-01-23T07:51:34.000000;8bf72089-b5d9-40b0-a90d-4bf729dae903;388.3;1.56324167;UNKNOWN
2016-01-23T07:51:36.000000;2016-01-23T07:51:36.000000;f1dbb6b7-569c-460c-813c-51562fbc4a75;388.38;5.75;UNKNOWN
2016-01-23T07:51:36.000000;2016-01-23T07:51:36.000000;4eee056a-2f95-4109-80b5-8794141aa23a;388.35;0.2;UNKNOWN
2016-01-23T07:52:00.000000;2016-01-23T07:52:00.000000;2682bfde-daa8-4f3c-8f91-7734637efaaa;388.38;0.13601021;UNKNOWN
2016-01-23T07:52:11.000000;2016-01-23T07:52:11.000000;e53ca3f8-4e66-42ee-ade0-15d6d22fa844;388.38;0.16798979;UNKNOWN
2016-01-23T07:52:11.000000;2016-01-23T07:52:11.000000;ae11d1d4-8e98-46c4-be90-486fee7430d2;388.79;0.07;UNKNOWN
2016-01-23T07:52:11.000000;2016-01-23T07:52:11.000000;13a30489-9b00-4c97-bbe1-73f6001f3ce2;389.47;5.106213;UNKNOWN
2016-01-23T07:52:11.000000;2016-01-23T07:52:11.000000;a2c91b89-df84-4aa4-94a2-2e65783fe2c4;388.81;0.1;UNKNOWN
2016-01-23T07:52:11.000000;2016-01-23T07:52:11.000000;14ad4966-3797-4fb2-9fea-185af2773992;389.49;0.423787;UNKNOWN
2016-01-23T07:52:41.000000;2016-01-23T07:52:41.000000;6815116a-23e0-4a68-9987-eb5a373f4240;388.9;1.686438;UNKNOWN
2016-01-23T07:52:45.000000;2016-01-23T07:52:45.000000;e248811a-9871-4855-a463-a172d24b2cbe;389.49;1.0;UNKNOWN
2016-01-23T07:53:05.000000;2016-01-23T07:53:05.000000;300b6084-968f-4c4a-b43a-6c9c800d92de;389.49;5.3516;UNKNOWN
2016-01-23T07:53:05.000000;2016-01-23T07:53:05.000000;2dfd936a-1d66-481a-a69c-6bf23a0a292b;389.5;2.14303946;UNKNOWN
2016-01-23T07:55:05.000000;2016-01-23T07:55:05.000000;98f0c8a8-85f2-40d0-ac26-c23a550898c9;389.18;0.94536574;UNKNOWN
2016-01-23T07:55:36.000000;2016-01-23T07:55:36.000000;75d3e58c-d529-4475-932d-11acd00cca4c;389.5;0.3612;UNKNOWN
2016-01-23T07:55:36.000000;2016-01-23T07:55:36.000000;6986cf4e-52d4-4fb5-b863-334d620efba1;389.49;0.2;UNKNOWN
2016-01-23T07:56:05.000000;2016-01-23T07:56:05.000000;8b06b020-f101-4d1b-ad06-3f5424138294;389.42;0.1;UNKNOWN
2016-01-23T07:56:06.000000;2016-01-23T07:56:06.000000;f6b8adfe-3c11-4d0d-9e0b-731bcf529f97;389.5;3.82724998;UNKNOWN
2016-01-23T07:56:33.000000;2016-01-23T07:56:33.000000;0dc48620-3d40-4584-a81a-f39b7d7602f4;389.48;0.78;UNKNOWN
2016-01-23T07:56:33.000000;2016-01-23T07:56:33.000000;a3d31983-c0af-41af-9c1a-e248c9bfa07c;389.49;0.22;UNKNOWN
2016-01-23T07:56:45.000000;2016-01-23T07:56:45.000000;d98616bb-cfcb-4150-99e9-c6d4a0bccd36;389.32;0.2;UNKNOWN
2016-01-23T07:56:45.000000;2016-01-23T07:56:45.000000;458bffbb-9b5f-47f4-b4b0-d0ddb856413d;389.32;0.5;UNKNOWN
2016-01-23T07:56:45.000000;2016-01-23T07:56:45.000000;1c7e3f00-6745-4cb0-b39a-fa94e0e0f31c;389.32;2.3;UNKNOWN
2016-01-23T07:57:05.000000;2016-01-23T07:57:05.000000;cb366bb8-7386-4a72-ab8f-fc66ad9aa861;389.15;0.5;UNKNOWN
2016-01-23T07:57:05.000000;2016-01-23T07:57:05.000000;5b3ed32a-4611-4b2b-abac-676cf4ca09eb;389.15;3.0;UNKNOWN
2016-01-23T07:57:05.000000;2016-01-23T07:57:05.000000;b8d35865-5557-4833-9326-98abd47615d5;389.15;0.157259;UNKNOWN
2016-01-23T07:57:43.000000;2016-01-23T07:57:43.000000;93950915-3bc4-4955-be1b-9965b592ca6d;389.32;1.8;UNKNOWN
2016-01-23T07:57:43.000000;2016-01-23T07:57:43.000000;ef9c15e2-11cc-4180-a6ab-41cb52b038ba;389.33;0.2;UNKNOWN
2016-01-23T07:58:46.000000;2016-01-23T07:58:46.000000;3a4e646d-590a-4407-acff-e451566ca2aa;389.51;0.02014866;UNKNOWN
2016-01-23T07:59:48.000000;2016-01-23T07:59:48.000000;c9219151-1294-49f8-9508-2c5e9aa46a4e;390.0;1.57085594;UNKNOWN
2016-01-23T07:59:48.000000;2016-01-23T07:59:48.000000;87b89675-3a42-46b2-b5e8-c7730e30b1f7;389.51;0.00485134;UNKNOWN
2016-01-23T07:59:48.000000;2016-01-23T07:59:48.000000;6c83a18a-5566-40f6-a08f-5ccaaa8b54e7;389.51;0.2;UNKNOWN
2016-01-23T07:59:52.000000;2016-01-23T07:59:52.000000;b50c49a3-2b6c-4c1d-93d3-f2e4e99220e6;390.0;0.8;UNKNOWN
2016-01-23T07:59:52.000000;2016-01-23T07:59:52.000000;5baa7db2-ab81-47af-ba25-7c76864d237e;389.99;0.2;UNKNOWN
2016-01-23T08:01:05.000000;2016-01-23T08:01:05.000000;cf0eb3ec-3f9d-4ef8-8d1b-612505bd3f42;389.61;0.58905839;UNKNOWN
2016-01-23T08:01:05.000000;2016-01-23T08:01:05.000000;bbc07567-086b-4e13-9e73-94d137320cae;389.62;0.2;UNKNOWN
2016-01-23T08:01:10.000000;2016-01-23T08:01:10.000000;7c216ab5-1a65-4437-b326-c4e11ee4bc79;389.98;2.0;UNKNOWN
2016-01-23T08:02:42.000000;2016-01-23T08:02:42.000000;ca46f65b-bf59-48f5-a219-e5d1e2f8bf22;389.37;2.0;UNKNOWN
2016-01-23T08:05:25.000000;2016-01-23T08:05:25.000000;472e6eff-fecf-4fb1-b07c-109e790c8454;388.99;0.1;UNKNOWN
2016-01-23T08:05:35.000000;2016-01-23T08:05:35.000000;a8783aea-5e14-48d5-b0cf-bddc69f9d4c4;388.99;0.01;UNKNOWN
2016-01-23T08:05:43.000000;2016-01-23T08:05:43.000000;1414a852-3669-481c-9fe3-3ba1af0e3154;389.6;0.72307034;UNKNOWN
2016-01-23T08:05:43.000000;2016-01-23T08:05:43.000000;7c0386c8-291a-472d-8384-a0ab87c6c8bc;389.59;0.2;UNKNOWN
2016-01-23T08:06:04.000000;2016-01-23T08:06:04.000000;16a46658-f6eb-4d6a-8f60-156d52334c8e;389.04;0.2;UNKNOWN
2016-01-23T08:06:05.000000;2016-01-23T08:06:05.000000;e4c1aa2a-bbb4-45f2-8cce-aea5b713aaeb;389.55;0.00426712;UNKNOWN
2016-01-23T08:06:05.000000;2016-01-23T08:06:05.000000;c7457694-9690-4ec2-b1c1-dbc244137e69;389.55;0.2;UNKNOWN
2016-01-23T08:06:05.000000;2016-01-23T08:06:05.000000;7b25e1ca-4d06-4521-bf64-b6d25ffd4c06;389.01;0.244911;UNKNOWN
2016-01-23T08:06:13.000000;2016-01-23T08:06:13.000000;65433162-8ccc-4df7-8ed9-7d8ff485a7fe;389.52;0.021497;UNKNOWN
2016-01-23T08:06:13.000000;2016-01-23T08:06:13.000000;b9fa881c-5ca6-4849-99e1-04c400d6017e;389.5;0.5;UNKNOWN
2016-01-23T08:06:13.000000;2016-01-23T08:06:13.000000;72c02517-b7cd-4fe8-8e4f-053fcea073c0;389.59;0.2;UNKNOWN
2016-01-23T08:06:13.000000;2016-01-23T08:06:13.000000;bbf66373-f7d2-4b26-a066-8f36af7c0f56;389.5;3.0;UNKNOWN
2016-01-23T08:06:14.000000;2016-01-23T08:06:14.000000;13c96893-3a96-4892-98d8-53c555ceb777;389.59;0.041099;UNKNOWN
2016-01-23T08:06:17.000000;2016-01-23T08:06:17.000000;9914436d-ede2-4c40-9900-8006a83a6cf2;389.59;0.025299;UNKNOWN
2016-01-23T08:06:47.000000;2016-01-23T08:06:47.000000;04eb6ef4-1dc9-4341-95e9-b91552ddf3fb;388.88;8.1429;UNKNOWN
2016-01-23T08:06:47.000000;2016-01-23T08:06:47.000000;e92e3b34-f182-4ce5-8f6a-a063aa5aa9ff;389.54;0.2;UNKNOWN
2016-01-23T08:06:47.000000;2016-01-23T08:06:47.000000;d79f41fc-474f-47b3-b1bf-d4c490508bb3;389.01;6.3892;UNKNOWN
2016-01-23T08:06:47.000000;2016-01-23T08:06:47.000000;abedb499-0c41-44f4-8cc0-47c8b7888c37;389.0;5.0;UNKNOWN
2016-01-23T08:06:47.000000;2016-01-23T08:06:47.000000;e4347413-8791-42d8-89c9-85ffc3a8fa83;388.98;0.2679;UNKNOWN
2016-01-23T08:06:50.000000;2016-01-23T08:06:50.000000;301b7388-2e8d-4de8-a911-aaa6b40d49db;389.57;12.0;UNKNOWN
2016-01-23T08:06:59.000000;2016-01-23T08:06:59.000000;9a010dcb-bcaf-490c-a596-12920916e17c;389.54;0.2;UNKNOWN
2016-01-23T08:06:59.000000;2016-01-23T08:06:59.000000;afaa17bd-44a5-4896-82a7-ba4c43559435;389.56;3.0;UNKNOWN
2016-01-23T08:06:59.000000;2016-01-23T08:06:59.000000;0bc9ab8e-249b-45c5-b744-511fc843292c;389.55;0.5;UNKNOWN
2016-01-23T08:06:59.000000;2016-01-23T08:06:59.000000;bf26ff9f-b752-423e-b6a9-53798b0a6197;389.57;6.0;UNKNOWN
2016-01-23T08:07:10.000000;2016-01-23T08:07:10.000000;8da0b6cf-935c-44c7-90a7-135c0b3a5803;389.53;0.2;UNKNOWN
2016-01-23T08:07:10.000000;2016-01-23T08:07:10.000000;e66ff9aa-be6d-44e9-81cc-22e10650d7c1;388.69;10.3572;UNKNOWN
2016-01-23T08:07:10.000000;2016-01-23T08:07:10.000000;ec5c3b46-d738-4264-9884-3ef9ef58005d;389.58;9.4428;UNKNOWN
2016-01-23T08:09:24.000000;2016-01-23T08:09:24.000000;9d746d1c-4b88-47f5-82de-acd406b203dd;388.73;0.53792889;UNKNOWN
2016-01-23T08:09:24.000000;2016-01-23T08:09:24.000000;cf6c127c-bc59-4811-b755-e501ee03a3a6;388.74;0.2;UNKNOWN
2016-01-23T08:09:28.000000;2016-01-23T08:09:28.000000;f63e71df-907e-4663-80f9-dc1ef0e0f822;388.73;0.06340951;UNKNOWN
2016-01-23T08:10:34.000000;2016-01-23T08:10:34.000000;41350be5-bfe1-476c-afd9-5e4b34d46205;389.57;0.2;UNKNOWN
2016-01-23T08:10:34.000000;2016-01-23T08:10:34.000000;cecf16f1-229e-4870-a6e3-afcf89d1a349;389.58;2.776185;UNKNOWN
2016-01-23T08:10:34.000000;2016-01-23T08:10:34.000000;f46c990b-166b-47d5-9c67-6a1320c1f477;388.75;0.023815;UNKNOWN
2016-01-23T08:15:36.000000;2016-01-23T08:15:36.000000;2de7fb37-01f5-4124-8c46-346d582870c9;388.34;6.3353;UNKNOWN
2016-01-23T08:15:36.000000;2016-01-23T08:15:36.000000;fb8e74b2-5972-4522-839f-6a1265f258eb;388.33;1.1647;UNKNOWN
2016-01-23T08:15:36.000000;2016-01-23T08:15:36.000000;2ddf4296-bfd5-48ea-8574-a1a61bab02b0;388.34;0.5;UNKNOWN
2016-01-23T08:16:07.000000;2016-01-23T08:16:07.000000;27806be8-e31e-4ea7-82e7-aa2b7eeacd20;388.15;0.069769;UNKNOWN
2016-01-23T08:16:07.000000;2016-01-23T08:16:07.000000;f455293b-a439-4d76-bebe-e0286dedd155;388.13;0.2;UNKNOWN
2016-01-23T08:16:07.000000;2016-01-23T08:16:07.000000;abf53df2-5989-48ad-8aaf-49ce77ff9998;388.13;0.12246595;UNKNOWN
2016-01-23T08:16:10.000000;2016-01-23T08:16:10.000000;85d1cd00-914a-423e-a154-e835ee387777;388.15;5.0;UNKNOWN
2016-01-23T08:16:13.000000;2016-01-23T08:16:13.000000;7491b18a-3a28-400d-8a62-ab7864b98a69;388.16;0.05670955;UNKNOWN
2016-01-23T08:16:22.000000;2016-01-23T08:16:22.000000;34ad06f8-642f-4a0d-8744-ddd80b53d5ff;388.19;1.6;UNKNOWN
2016-01-23T08:16:46.000000;2016-01-23T08:16:46.000000;78d6c276-e310-40f4-9262-be0b7f405ca5;388.19;0.931;UNKNOWN
2016-01-23T08:16:46.000000;2016-01-23T08:16:46.000000;cbc030ce-b034-4f70-a53d-12d28228afc6;388.2;3.0;UNKNOWN
2016-01-23T08:16:46.000000;2016-01-23T08:16:46.000000;1a49dc21-25c5-4d4b-ab6a-a9857c494938;388.21;0.5;UNKNOWN
2016-01-23T08:18:15.000000;2016-01-23T08:18:15.000000;0252a4ef-d6fc-4068-b61f-ae123f9f4ac7;388.0;0.05;UNKNOWN
2016-01-23T08:20:48.000000;2016-01-23T08:20:48.000000;5546001c-3ed3-44b1-80d0-1c5578cffa39;388.0;0.02140365;UNKNOWN
2016-01-23T08:20:48.000000;2016-01-23T08:20:48.000000;e39c59df-dc7a-43fe-8eae-de6f830acfee;388.0;0.6;UNKNOWN
2016-01-23T08:21:05.000000;2016-01-23T08:21:05.000000;8658e45d-1dc9-48a3-af2f-4be87028bef4;387.89;2.24652967;UNKNOWN
2016-01-23T08:21:06.000000;2016-01-23T08:21:06.000000;8cb1dbc6-c173-41f3-a31c-faf7d18fa22d;387.84;0.01;UNKNOWN
2016-01-23T08:21:17.000000;2016-01-23T08:21:17.000000;371e4982-c9c1-447f-a074-f893c9ac5a75;387.84;0.023555;UNKNOWN
2016-01-23T08:21:17.000000;2016-01-23T08:21:17.000000;8c9fdc13-df02-418d-afb0-ef5749ab439c;387.8;0.00317827;UNKNOWN
2016-01-23T08:21:17.000000;2016-01-23T08:21:17.000000;fbe45f3f-68c3-4a28-94d1-a4f119f2fa80;387.82;0.08;UNKNOWN
2016-01-23T08:21:35.000000;2016-01-23T08:21:35.000000;fbdf3056-41cd-4a67-945c-912a5da9efe4;387.79;0.09;UNKNOWN
2016-01-23T08:21:58.000000;2016-01-23T08:21:58.000000;37bacb67-76ba-4ac3-abac-6acfc784fde9;387.76;0.069614;UNKNOWN
2016-01-23T08:21:58.000000;2016-01-23T08:21:58.000000;7a91e7a4-f833-44bd-82b6-b9e68214aa54;386.89;0.05;UNKNOWN
2016-01-23T08:21:58.000000;2016-01-23T08:21:58.000000;d7ae3cda-a990-43c3-a991-4d383f65220c;387.76;2.0;UNKNOWN
2016-01-23T08:21:58.000000;2016-01-23T08:21:58.000000;2a21c4fe-a969-4284-8a80-2a8ee218d88d;386.77;0.380386;UNKNOWN
2016-01-23T08:21:58.000000;2016-01-23T08:21:58.000000;c39f908f-6c24-4208-b776-dde877d350eb;386.83;3.0;UNKNOWN
2016-01-23T08:21:58.000000;2016-01-23T08:21:58.000000;3fc5bc7e-4e3e-47ff-b66a-8c2b019bbc58;387.71;0.2;UNKNOWN
2016-01-23T08:22:12.000000;2016-01-23T08:22:12.000000;f9fc9d21-d673-4725-9cb7-fdc583f1ef8d;386.7;0.3;UNKNOWN
2016-01-23T08:22:12.000000;2016-01-23T08:22:12.000000;539129f3-de32-4ee6-a494-725bbbe909b4;386.81;0.5;UNKNOWN
2016-01-23T08:22:12.000000;2016-01-23T08:22:12.000000;1f4aa07b-0266-4f49-9eda-3b2fd604637e;386.62;10.2;UNKNOWN
2016-01-23T08:22:12.000000;2016-01-23T08:22:12.000000;28f0f4ee-76d9-40ce-8b83-9b47e799bd82;386.8;3.0;UNKNOWN
2016-01-23T08:22:12.000000;2016-01-23T08:22:12.000000;a88622ea-b431-41b5-99eb-4f660d2bc205;386.63;6.0;UNKNOWN
2016-01-23T08:22:16.000000;2016-01-23T08:22:16.000000;63cd75f9-98eb-413f-bbe0-7dc33e4c307a;386.64;1.76;UNKNOWN
2016-01-23T08:22:16.000000;2016-01-23T08:22:16.000000;324137d7-a34b-448a-9a7d-1741dd447f73;386.64;2.74;UNKNOWN
2016-01-23T08:22:16.000000;2016-01-23T08:22:16.000000;7076cd3f-9f7f-4933-a2ee-a4873608af57;386.65;0.5;UNKNOWN
2016-01-23T08:23:39.000000;2016-01-23T08:23:39.000000;62af2e05-14dc-4fa4-9c83-ce3318803ccc;387.7;0.01;UNKNOWN
2016-01-23T08:23:39.000000;2016-01-23T08:23:39.000000;39088fb1-2fdb-42e3-a44d-4d07a8acf361;387.75;0.5;UNKNOWN
2016-01-23T08:23:39.000000;2016-01-23T08:23:39.000000;c40103be-3a77-4177-a5c6-d3a3d17b9530;387.76;0.99;UNKNOWN
2016-01-23T08:23:39.000000;2016-01-23T08:23:39.000000;b8d9ab51-ec4d-4ddf-82b6-50a631b64b58;387.75;0.2;UNKNOWN
2016-01-23T08:23:39.000000;2016-01-23T08:23:39.000000;cb510884-6a04-443a-8013-224b36c1db82;387.75;3.0;UNKNOWN
2016-01-23T08:24:13.000000;2016-01-23T08:24:13.000000;4c712420-078c-49a7-a4bf-35607d828645;387.31;0.19;UNKNOWN
2016-01-23T08:24:20.000000;2016-01-23T08:24:20.000000;b3cc0f61-3bd6-460f-8cfe-477f73953c92;387.05;2.0;UNKNOWN
2016-01-23T08:24:40.000000;2016-01-23T08:24:40.000000;d9a2f0bb-9bd3-414a-9a18-db392146e086;387.33;0.01;UNKNOWN
2016-01-23T08:24:54.000000;2016-01-23T08:24:54.000000;fc6a2bb6-5775-4443-862e-c0b0985484da;387.33;0.069848;UNKNOWN
2016-01-23T08:24:54.000000;2016-01-23T08:24:54.000000;83907baf-0139-47a8-b8a1-34e0cf8dcde9;387.01;2.56973961;UNKNOWN
2016-01-23T08:25:19.000000;2016-01-23T08:25:19.000000;20835140-67ee-4180-93f4-f5f9cc81948c;387.34;0.01;UNKNOWN
2016-01-23T08:25:32.000000;2016-01-23T08:25:32.000000;e4336fb6-17d2-4722-affa-a02ea201d2df;387.34;0.01;UNKNOWN
2016-01-23T08:25:47.000000;2016-01-23T08:25:47.000000;9ecb5ece-39c8-470e-8dd0-2b1875511222;387.34;0.01;UNKNOWN
2016-01-23T08:25:50.000000;2016-01-23T08:25:50.000000;18aadc7b-d3f3-4513-b1cb-6143b5e04909;387.34;0.039797;UNKNOWN
2016-01-23T08:25:50.000000;2016-01-23T08:25:50.000000;48773487-44d7-4adc-8408-642c0e74ff9d;387.34;0.069815;UNKNOWN
2016-01-23T08:25:53.000000;2016-01-23T08:25:53.000000;9796f431-d50f-4b94-8625-7c1e99f00c6a;387.0;0.069828;UNKNOWN
2016-01-23T08:25:56.000000;2016-01-23T08:25:56.000000;e50fe0cb-6fee-41a3-b602-6a29df641c36;386.98;0.069828;UNKNOWN
2016-01-23T08:25:57.000000;2016-01-23T08:25:57.000000;acfd91ba-0d03-491e-9fc4-c3c7800712e9;386.98;0.069828;UNKNOWN
2016-01-23T08:26:03.000000;2016-01-23T08:26:03.000000;e165a3be-73a2-41eb-a443-852809ae08e7;386.96;0.025;UNKNOWN
2016-01-23T08:26:09.000000;2016-01-23T08:26:09.000000;d665a920-6395-4c5d-98c0-7ab74ca3ef0c;386.79;0.091982;UNKNOWN
2016-01-23T08:28:03.000000;2016-01-23T08:28:03.000000;0b28cc8d-b77a-429c-b4c0-8845a1ed5693;386.78;0.18881813;UNKNOWN
2016-01-23T08:28:03.000000;2016-01-23T08:28:03.000000;bcf10139-2852-4dc9-9e8d-0b2c077aa023;386.9;0.069912;UNKNOWN
2016-01-23T08:28:15.000000;2016-01-23T08:28:15.000000;33e1f429-b0d2-430e-bbe9-f37294431fb2;386.77;5.0;UNKNOWN
2016-01-23T08:28:37.000000;2016-01-23T08:28:37.000000;122b2343-3ce6-4656-8a02-69d1f38d5e62;386.6;0.03;UNKNOWN
2016-01-23T08:28:37.000000;2016-01-23T08:28:37.000000;841317f9-a70d-4acf-b197-e73e08032fa3;386.78;5.82;UNKNOWN
2016-01-23T08:28:37.000000;2016-01-23T08:28:37.000000;a0f32617-0d14-4bd6-bc3e-921120811129;386.78;5.66;UNKNOWN
2016-01-23T08:28:37.000000;2016-01-23T08:28:37.000000;ed9ea50d-be2c-4812-8332-bfcd23c01502;386.77;15.8839;UNKNOWN
2016-01-23T08:28:37.000000;2016-01-23T08:28:37.000000;b1f89961-ab5d-461f-ad71-17d9edd265d0;386.46;31.9565;UNKNOWN
2016-01-23T08:28:37.000000;2016-01-23T08:28:37.000000;2e7bd77e-0abc-4fa8-b73f-e1be9d991157;386.45;0.40103141;UNKNOWN
2016-01-23T08:29:53.000000;2016-01-23T08:29:53.000000;e4e275b5-aca7-4057-851d-1f0e4cc932c6;386.29;0.01;UNKNOWN
2016-01-23T08:30:09.000000;2016-01-23T08:30:09.000000;53f8ab0f-89b3-473a-9ee9-33564a79c74e;386.73;0.13481783;UNKNOWN
2016-01-23T08:30:09.000000;2016-01-23T08:30:09.000000;1a478d2e-3dca-4220-9c4c-3e546a029f2e;386.73;0.08711771;UNKNOWN
2016-01-23T08:30:09.000000;2016-01-23T08:30:09.000000;c3f40d91-68fd-4917-b9e6-c66e10eb73ac;386.74;0.13481783;UNKNOWN
2016-01-23T08:30:10.000000;2016-01-23T08:30:10.000000;572f6da8-a0fe-4357-a270-7877b9745732;386.73;0.01202481;UNKNOWN
2016-01-23T08:30:11.000000;2016-01-23T08:30:11.000000;ef7d924a-ba8e-45b2-a4c0-7680ef462fc2;386.73;0.08711771;UNKNOWN
2016-01-23T08:30:11.000000;2016-01-23T08:30:11.000000;93088ac7-995b-48d3-92d0-c8c6a7ec220e;386.72;0.04143475;UNKNOWN
2016-01-23T08:30:13.000000;2016-01-23T08:30:13.000000;31b80d7a-aa90-4b0e-b5c8-f59133ed1990;386.71;0.05122351;UNKNOWN
2016-01-23T08:30:15.000000;2016-01-23T08:30:15.000000;0b36bd34-598b-4037-b798-b128dfe044b7;386.68;0.05122351;UNKNOWN
2016-01-23T08:30:16.000000;2016-01-23T08:30:16.000000;9689245b-2b4e-42f9-a8bd-b989abdc9ce0;386.68;0.05122351;UNKNOWN
2016-01-23T08:30:33.000000;2016-01-23T08:30:33.000000;63872113-40a9-4a64-ada3-4e1798de3951;386.55;0.05168394;UNKNOWN
2016-01-23T08:31:04.000000;2016-01-23T08:31:04.000000;2d1b2e77-be38-4f2e-a654-5347ba4744f2;386.33;0.1;UNKNOWN
2016-01-23T08:31:33.000000;2016-01-23T08:31:33.000000;2460e4fd-4fc9-4b20-b65a-b38c8470d675;386.29;0.069986;UNKNOWN
2016-01-23T08:31:33.000000;2016-01-23T08:31:33.000000;a0df585f-6b41-4c93-8e21-79e01f861fd1;386.0;0.01;UNKNOWN
2016-01-23T08:31:33.000000;2016-01-23T08:31:33.000000;f605de80-57c4-43a2-a2fe-0d3b38fd39ac;386.25;0.3;UNKNOWN
2016-01-23T08:31:33.000000;2016-01-23T08:31:33.000000;a98c90cb-0fcb-4afe-a467-a21f5efb0e55;386.13;0.24944314;UNKNOWN
2016-01-23T08:31:33.000000;2016-01-23T08:31:33.000000;b5e5190c-64c2-4156-8808-f30b525abd7a;386.23;0.07;UNKNOWN
2016-01-23T08:31:33.000000;2016-01-23T08:31:33.000000;a1eb01f2-4338-426c-add4-bfc16c8f13fd;386.01;0.05;UNKNOWN
2016-01-23T08:31:33.000000;2016-01-23T08:31:33.000000;d4fb9c6f-fdd9-46da-ba7d-973fa959c473;386.29;0.04;UNKNOWN
2016-01-23T08:31:36.000000;2016-01-23T08:31:36.000000;941e58d2-ff0b-4265-985c-8b930f2f26d9;385.98;0.08822728;UNKNOWN
2016-01-23T08:31:37.000000;2016-01-23T08:31:37.000000;dd92b2e7-4803-4cad-97d4-fd0137f82ffc;385.98;0.08822728;UNKNOWN
2016-01-23T08:31:37.000000;2016-01-23T08:31:37.000000;273b9dfe-2c53-43ca-8498-2fb980344fb9;385.98;0.11116378;UNKNOWN
2016-01-23T08:31:38.000000;2016-01-23T08:31:38.000000;d7fb6041-2b97-4776-85dd-c634a9638ffa;385.43;3.17;UNKNOWN
2016-01-23T08:31:38.000000;2016-01-23T08:31:38.000000;b5cd8fb0-0bef-4395-8ee7-65865dd47655;385.8;0.03;UNKNOWN
2016-01-23T08:31:38.000000;2016-01-23T08:31:38.000000;414e8f07-6bd1-4526-b1a9-ffc518097fef;385.43;0.5;UNKNOWN
2016-01-23T08:31:38.000000;2016-01-23T08:31:38.000000;f430d5f1-acef-4ead-afe5-2aa03e88c87e;385.97;0.02882173;UNKNOWN
2016-01-23T08:31:40.000000;2016-01-23T08:31:40.000000;39454d0f-49d6-4c66-90d4-7b44f90e27b7;385.97;0.01814701;UNKNOWN
2016-01-23T08:31:41.000000;2016-01-23T08:31:41.000000;9e6bc532-c61d-4ff9-9b69-4530c6969a5f;385.95;0.0114259;UNKNOWN
2016-01-23T08:31:43.000000;2016-01-23T08:31:43.000000;aa30899f-4292-4e72-8890-c2484206cb3c;385.93;0.01814701;UNKNOWN
2016-01-23T08:31:48.000000;2016-01-23T08:31:48.000000;fe828b66-92b4-48f9-9e03-39135a1dcce4;385.92;2.0;UNKNOWN
2016-01-23T08:32:02.000000;2016-01-23T08:32:02.000000;070f2507-346e-457d-a256-8f9e1e67276e;386.6;12.0;UNKNOWN
2016-01-23T08:32:02.000000;2016-01-23T08:32:02.000000;81b8d518-0287-4f05-9d4a-9478ea3e3fe6;385.98;0.3;UNKNOWN
2016-01-23T08:32:02.000000;2016-01-23T08:32:02.000000;df17aafe-93e2-4f93-bef2-2f1838acf4b2;386.67;18.3343;UNKNOWN
2016-01-23T08:32:02.000000;2016-01-23T08:32:02.000000;b235dd89-b560-4b55-b446-7c4a27597a18;386.42;6.4505;UNKNOWN
2016-01-23T08:32:02.000000;2016-01-23T08:32:02.000000;593d0a9f-cc20-474c-87dd-d069bfa3d149;386.0;2.08959007;UNKNOWN
2016-01-23T08:32:02.000000;2016-01-23T08:32:02.000000;e66643a9-ba56-43f1-8d15-b617f77693ba;386.87;19.001;UNKNOWN
2016-01-23T08:32:02.000000;2016-01-23T08:32:02.000000;bdada0b4-7659-4720-a9f4-406f2ec84d1b;386.91;1.82460993;UNKNOWN
2016-01-23T08:33:04.000000;2016-01-23T08:33:04.000000;6d054424-8d34-4cab-86ba-9b04a4504529;386.64;1.00004888;UNKNOWN
2016-01-23T08:33:06.000000;2016-01-23T08:33:06.000000;2b147749-529b-4642-93ef-4ab6a71f5bc5;386.62;0.07508253;UNKNOWN
2016-01-23T08:33:11.000000;2016-01-23T08:33:11.000000;758a3e31-0246-41b0-918b-3e1868a30c26;386.23;0.01;UNKNOWN
2016-01-23T08:33:31.000000;2016-01-23T08:33:31.000000;04aeaf3b-5911-4174-8461-8b19df696464;386.23;0.01;UNKNOWN
2016-01-23T08:34:03.000000;2016-01-23T08:34:03.000000;9aa0b34c-7258-49aa-a432-9b57c5122052;386.23;0.069994;UNKNOWN
2016-01-23T08:34:03.000000;2016-01-23T08:34:03.000000;17fade2d-3069-4fcb-8048-8fa7233d21ee;386.17;0.07;UNKNOWN
2016-01-23T08:34:03.000000;2016-01-23T08:34:03.000000;95792ef4-4060-4a2a-879a-ff7d308a2878;386.23;0.050093;UNKNOWN
2016-01-23T08:34:03.000000;2016-01-23T08:34:03.000000;e9327fdc-7adc-4314-9e29-31cdc64abdcd;386.2;0.03;UNKNOWN
2016-01-23T08:34:03.000000;2016-01-23T08:34:03.000000;a5971130-bfe1-4d3b-8c9c-cca2d49db207;386.23;0.3;UNKNOWN
2016-01-23T08:34:03.000000;2016-01-23T08:34:03.000000;f1ddd21c-fda2-4f91-a1c4-fdf3c696b7fc;386.06;0.979913;UNKNOWN
2016-01-23T08:34:12.000000;2016-01-23T08:34:12.000000;7adc5648-17f4-40dc-90ba-e5ddc0701a0b;386.06;1.1;UNKNOWN
2016-01-23T08:34:25.000000;2016-01-23T08:34:25.000000;df29a909-9177-420b-a69b-8a6bd5b9014a;386.1;1.5;UNKNOWN
2016-01-23T08:36:21.000000;2016-01-23T08:36:21.000000;552f3097-6691-455c-9aa9-f5beb49b6322;386.42;0.07;UNKNOWN
2016-01-23T08:36:21.000000;2016-01-23T08:36:21.000000;428261c1-9670-41b3-bfe3-7a3a3956a1a5;386.34;1.63;UNKNOWN
2016-01-23T08:36:21.000000;2016-01-23T08:36:21.000000;9998320e-e2e4-4d92-b968-8e52a61f01c2;386.34;3.0;UNKNOWN
2016-01-23T08:36:21.000000;2016-01-23T08:36:21.000000;22205e4b-05e9-4a2e-b913-a79d2a9a8644;386.46;0.3;UNKNOWN
2016-01-23T08:40:13.000000;2016-01-23T08:40:13.000000;14c71a57-4be2-47e0-9897-8542a7218da3;386.45;0.06862119;UNKNOWN
2016-01-23T08:40:58.000000;2016-01-23T08:40:58.000000;a08fb0e9-46a6-490c-8f76-e4f23e2fdc35;386.59;1.0;UNKNOWN
2016-01-23T08:41:09.000000;2016-01-23T08:41:09.000000;f424d6fc-31f0-4117-8ed9-09907e1826bc;386.74;0.03;UNKNOWN
2016-01-23T08:41:28.000000;2016-01-23T08:41:28.000000;527c003b-a295-4277-94b1-21f38c87fd3b;386.67;3.5592;UNKNOWN
2016-01-23T08:41:28.000000;2016-01-23T08:41:28.000000;4afcfd61-379a-44c8-b7d4-57a1a3ea30c6;386.66;6.4408;UNKNOWN
2016-01-23T08:42:16.000000;2016-01-23T08:42:16.000000;92437b73-2658-4e45-8782-485354d5a260;386.47;0.78002;UNKNOWN
2016-01-23T08:42:16.000000;2016-01-23T08:42:16.000000;14c92a84-6562-4e21-a2fd-37e82092533e;386.49;0.06998;UNKNOWN
2016-01-23T08:42:23.000000;2016-01-23T08:42:23.000000;68c36c09-8555-4747-829f-e155ba9c0e11;386.59;0.0893065;UNKNOWN
2016-01-23T08:42:35.000000;2016-01-23T08:42:35.000000;682e9b0e-b227-48e3-b223-6db03ad14a76;386.58;0.069976;UNKNOWN
2016-01-23T08:44:02.000000;2016-01-23T08:44:02.000000;57ea27d8-f600-4f68-b6de-073c9a8e9a92;386.6;0.069959;UNKNOWN
2016-01-23T08:44:57.000000;2016-01-23T08:44:57.000000;cdd00c67-bca6-417f-85ab-6ed12a7d7bbb;386.59;0.069959;UNKNOWN
2016-01-23T08:45:15.000000;2016-01-23T08:45:15.000000;34a25aad-36a5-4607-9d3b-355959840ed8;386.59;0.069959;UNKNOWN
2016-01-23T08:45:49.000000;2016-01-23T08:45:49.000000;9297c371-ddc2-499f-b8f9-da4648818621;386.59;0.069959;UNKNOWN
2016-01-23T08:46:05.000000;2016-01-23T08:46:05.000000;7262a7b9-90c7-4e43-b884-0389ed2cf5a2;386.59;0.03768752;UNKNOWN
2016-01-23T08:47:22.000000;2016-01-23T08:47:22.000000;ba881a74-357f-4d2f-9cc2-de772df0d624;386.74;0.10764652;UNKNOWN
2016-01-23T08:49:28.000000;2016-01-23T08:49:28.000000;c14671f9-629b-40e8-b52e-274f397c153e;386.79;0.7256267;UNKNOWN
2016-01-23T08:49:55.000000;2016-01-23T08:49:55.000000;eb780054-6e31-4bbe-bf42-b0e4bb508ab9;386.78;2.0;UNKNOWN
2016-01-23T08:49:57.000000;2016-01-23T08:49:57.000000;f346918c-dd3a-4e8d-ba42-bd13fdd39bd3;386.79;0.0737;UNKNOWN
2016-01-23T08:50:12.000000;2016-01-23T08:50:12.000000;696db109-f7fa-43d2-88ca-2bd4e65ba11d;386.79;2.4006733;UNKNOWN
2016-01-23T08:50:12.000000;2016-01-23T08:50:12.000000;10b9f155-3dfb-4a9f-bee6-0c4340fe5c39;386.79;3.5993267;UNKNOWN
2016-01-23T08:50:34.000000;2016-01-23T08:50:34.000000;c2ed36e2-6c20-4ac2-9a5f-203eb837a09a;386.8;0.19548;UNKNOWN
2016-01-23T08:50:38.000000;2016-01-23T08:50:38.000000;50f6f941-f018-4d8f-ae99-5dbf11302a4b;386.79;6.4613;UNKNOWN
2016-01-23T08:50:53.000000;2016-01-23T08:50:53.000000;8418abcb-d5a8-4d87-80b5-7af13df9f870;386.79;0.25880372;UNKNOWN
2016-01-23T08:51:05.000000;2016-01-23T08:51:05.000000;4d8ec50a-c719-4a97-8846-83e4a52a0afc;386.8;0.15105558;UNKNOWN
2016-01-23T08:53:07.000000;2016-01-23T08:53:07.000000;445a071e-199c-48d2-b7df-850d79efd82c;386.8;0.1;UNKNOWN
2016-01-23T08:53:53.000000;2016-01-23T08:53:53.000000;c7de6580-c902-45b6-a373-2e7a9467080e;386.79;0.03623158;UNKNOWN
2016-01-23T08:54:03.000000;2016-01-23T08:54:03.000000;109517b8-7000-4510-9388-78086f896bda;386.8;0.069979;UNKNOWN
2016-01-23T08:54:22.000000;2016-01-23T08:54:22.000000;650aa889-b6c8-4757-bacb-25ac88bca3e9;386.8;0.17;UNKNOWN
2016-01-23T08:54:42.000000;2016-01-23T08:54:42.000000;0100f99e-8955-40ca-bddf-074b4b2584dc;386.79;0.0944147;UNKNOWN
2016-01-23T08:54:42.000000;2016-01-23T08:54:42.000000;58297653-fcb4-4bb3-8627-5f278b1bead1;386.79;2.3764017;UNKNOWN
2016-01-23T08:54:42.000000;2016-01-23T08:54:42.000000;a03c159e-715a-4d51-bfad-7b32a52670e0;386.79;8.0;UNKNOWN
2016-01-23T08:54:42.000000;2016-01-23T08:54:42.000000;6f380324-b0a0-459c-8030-dae4fcc85816;386.79;0.77639108;UNKNOWN
2016-01-23T08:54:48.000000;2016-01-23T08:54:48.000000;edf5addc-517a-422c-a20d-17651399d951;386.71;0.20578877;UNKNOWN
2016-01-23T08:55:27.000000;2016-01-23T08:55:27.000000;49fcc31e-84f0-4404-8d4f-c29626e0ff69;386.8;1.9682;UNKNOWN
2016-01-23T08:56:03.000000;2016-01-23T08:56:03.000000;3fb5da81-f30a-48e3-92c4-35f1608db359;386.8;0.1;UNKNOWN
2016-01-23T08:56:05.000000;2016-01-23T08:56:05.000000;a1d0e05f-b7b7-4748-908c-152e93aa1957;386.8;0.1;UNKNOWN
2016-01-23T08:56:05.000000;2016-01-23T08:56:05.000000;50b54836-7723-4689-8cb8-97a579169e42;386.8;0.03873867;UNKNOWN
2016-01-23T08:56:13.000000;2016-01-23T08:56:13.000000;1a9a8ae9-ed59-4cda-b1b5-b282b47346a3;386.77;0.5;UNKNOWN
2016-01-23T08:56:13.000000;2016-01-23T08:56:13.000000;75b2bb27-963c-41ea-bb35-74472f447031;386.71;0.069929;UNKNOWN
2016-01-23T08:56:13.000000;2016-01-23T08:56:13.000000;bbb4fac3-f865-4efe-9f5e-555adaf10c5b;386.7;0.680071;UNKNOWN
2016-01-23T08:56:13.000000;2016-01-23T08:56:13.000000;5ff06183-8dc2-4e71-89f0-d64d07e592e4;386.78;1.55;UNKNOWN
2016-01-23T08:56:14.000000;2016-01-23T08:56:14.000000;65e51282-93dd-4bb6-abd8-3a3c86a15d7a;386.8;0.40654675;UNKNOWN
2016-01-23T08:56:14.000000;2016-01-23T08:56:14.000000;94b9385f-e22f-4f34-97d5-7fd2bc9ccefe;386.8;0.18581946;UNKNOWN
2016-01-23T08:56:15.000000;2016-01-23T08:56:15.000000;2ca71eda-f2bb-4b6e-a03e-d254263ed0b9;386.8;1.61418054;UNKNOWN
2016-01-23T08:56:43.000000;2016-01-23T08:56:43.000000;6bd01d14-306a-40d8-a491-78a9b97c9c1a;386.81;0.0103;UNKNOWN
2016-01-23T08:57:07.000000;2016-01-23T08:57:07.000000;86e9e300-00ed-447e-9c14-0e2f1b5cd6fc;386.81;1.2854;UNKNOWN
2016-01-23T08:57:07.000000;2016-01-23T08:57:07.000000;70c2d444-12f5-415c-bfef-0a0f9d31d87b;386.77;0.3;UNKNOWN
2016-01-23T08:57:07.000000;2016-01-23T08:57:07.000000;f04e7b52-9067-4969-9d0a-dc0e7aac5384;386.79;6.4146;UNKNOWN
2016-01-23T08:57:28.000000;2016-01-23T08:57:28.000000;039fc748-5a33-4428-8947-a491ab520488;386.61;0.01;UNKNOWN
2016-01-23T08:57:31.000000;2016-01-23T08:57:31.000000;8b06e86d-4feb-4213-bf41-045556983c88;386.61;0.01;UNKNOWN
2016-01-23T08:58:25.000000;2016-01-23T08:58:25.000000;695a3237-51d0-4531-939d-0a53d1f653d7;386.67;0.01;UNKNOWN
2016-01-23T08:59:10.000000;2016-01-23T08:59:10.000000;7b5e7f41-f75e-4cd5-81ec-964d26270337;386.68;0.01;UNKNOWN
2016-01-23T08:59:37.000000;2016-01-23T08:59:37.000000;65d51201-6cc2-4bd4-9538-e2c60dbc14b8;386.68;0.069939;UNKNOWN
2016-01-23T08:59:37.000000;2016-01-23T08:59:37.000000;7a640641-17ba-4ece-a8d0-b68486d3e8ba;386.65;0.3;UNKNOWN
2016-01-23T08:59:37.000000;2016-01-23T08:59:37.000000;ec332be4-a995-4bc7-804d-694a2d032b92;386.67;0.05995;UNKNOWN
2016-01-23T08:59:37.000000;2016-01-23T08:59:37.000000;d5701674-a1c5-4c01-807c-2c130ed0b51f;386.68;0.059938;UNKNOWN
2016-01-23T08:59:40.000000;2016-01-23T08:59:40.000000;5ef15fbd-2850-429b-b34d-95a458c66efa;386.56;0.1164;UNKNOWN
2016-01-23T08:59:40.000000;2016-01-23T08:59:40.000000;1cb395ab-4025-469b-993b-1eea931db813;386.61;0.059931;UNKNOWN
2016-01-23T08:59:40.000000;2016-01-23T08:59:40.000000;f17226b2-6dd9-42ac-8455-04ae816aa34d;386.59;0.625;UNKNOWN
2016-01-23T08:59:46.000000;2016-01-23T08:59:46.000000;eb12d7f5-d23d-4721-a898-2004ba1a3ca7;386.45;0.786283;UNKNOWN
2016-01-23T08:59:48.000000;2016-01-23T08:59:48.000000;7542238e-75fb-45ad-9fe3-bd60993cbca6;386.58;0.069948;UNKNOWN
2016-01-23T09:00:20.000000;2016-01-23T09:00:20.000000;4350b19a-c29d-4b59-9bc9-f1a1f64baedf;386.45;5.612617;UNKNOWN
2016-01-23T09:00:20.000000;2016-01-23T09:00:20.000000;cf4bc5be-d1d7-4f83-ab0b-4f3df05f52f9;386.46;0.5;UNKNOWN
2016-01-23T09:00:20.000000;2016-01-23T09:00:20.000000;2263e37c-b77b-4d68-8b81-213634f694c5;386.46;3.0;UNKNOWN
2016-01-23T09:00:20.000000;2016-01-23T09:00:20.000000;2f3472b2-3389-4512-b66b-b31a2f1ae9b9;386.45;0.069971;UNKNOWN
2016-01-23T09:00:20.000000;2016-01-23T09:00:20.000000;0f282fa8-591a-4070-85f3-b86a0d943834;386.45;0.817412;UNKNOWN
2016-01-23T09:01:05.000000;2016-01-23T09:01:05.000000;0de625a0-cd60-453c-8914-fa6e22005eee;386.69;1.0;UNKNOWN
2016-01-23T09:01:32.000000;2016-01-23T09:01:32.000000;19222e07-5275-4e0a-acf1-b3f1a5c669d0;386.73;3.63736619;UNKNOWN
2016-01-23T09:01:32.000000;2016-01-23T09:01:32.000000;920f1f32-7087-41ac-aaf4-23d6375baebe;386.67;20.11;UNKNOWN
2016-01-23T09:01:32.000000;2016-01-23T09:01:32.000000;e317335b-556a-4b49-982f-027f49811736;386.67;0.3;UNKNOWN
2016-01-23T09:01:36.000000;2016-01-23T09:01:36.000000;780585af-ee84-4d6c-b1f6-c300449bc8bf;386.69;0.3;UNKNOWN
2016-01-23T09:02:21.000000;2016-01-23T09:02:21.000000;df9020e3-7562-47d1-a6b8-a810a1983d6e;386.71;3.25;UNKNOWN
2016-01-23T09:02:23.000000;2016-01-23T09:02:23.000000;ea5141a4-b1a2-46d4-9749-ada4a3814b30;386.7;0.051592;UNKNOWN
2016-01-23T09:02:23.000000;2016-01-23T09:02:23.000000;ff10453f-e5ab-4539-9cb4-5cbe4b422545;386.69;0.13049507;UNKNOWN
2016-01-23T09:02:23.000000;2016-01-23T09:02:23.000000;a5138efc-8715-4565-8d6c-530a09c927fc;386.69;0.9;UNKNOWN
2016-01-23T09:02:27.000000;2016-01-23T09:02:27.000000;205d9264-7da2-4d4e-9cad-4af639109e0d;386.75;0.08;UNKNOWN
2016-01-23T09:02:45.000000;2016-01-23T09:02:45.000000;c81e615c-e6b8-45d5-af53-68300287316f;386.68;0.935327;UNKNOWN
2016-01-23T09:02:47.000000;2016-01-23T09:02:47.000000;fc62bc09-c6cd-40c5-a3e2-7deeabb6f9af;386.66;0.147138;UNKNOWN
2016-01-23T09:02:49.000000;2016-01-23T09:02:49.000000;80a738cc-24ed-4bae-bc90-3121cd607c18;386.48;0.699011;UNKNOWN
2016-01-23T09:02:49.000000;2016-01-23T09:02:49.000000;74dc5187-784c-4cd8-9424-7595c3ac1963;386.48;0.3;UNKNOWN
2016-01-23T09:02:49.000000;2016-01-23T09:02:49.000000;4647d29e-3ff0-40a0-82d4-64d6e344b051;386.66;0.152862;UNKNOWN
2016-01-23T09:03:05.000000;2016-01-23T09:03:05.000000;0cd6fe22-6c47-4e3c-a289-8ca613ad1976;386.64;0.0527691;UNKNOWN
2016-01-23T09:03:08.000000;2016-01-23T09:03:08.000000;f698779f-37d3-43e9-9ee2-214ded57b8be;386.52;0.01;UNKNOWN
2016-01-23T09:04:22.000000;2016-01-23T09:04:22.000000;6613d112-d8da-49e0-9731-79b3b3def699;386.66;0.9;UNKNOWN
2016-01-23T09:04:28.000000;2016-01-23T09:04:28.000000;e0b5bed0-f02a-4577-9993-c76fb8070251;386.69;0.21939019;UNKNOWN
2016-01-23T09:04:28.000000;2016-01-23T09:04:28.000000;fa3914e2-41a1-41c9-8a9b-be1401c84080;386.66;0.08060981;UNKNOWN
2016-01-23T09:04:34.000000;2016-01-23T09:04:34.000000;c6c2acd8-e13d-4e91-9f0e-92879ceb2ee1;386.7;0.3;UNKNOWN
2016-01-23T09:04:34.000000;2016-01-23T09:04:34.000000;735c8d38-f7a0-49d3-8f3c-8187765375de;386.78;0.669117;UNKNOWN
2016-01-23T09:04:34.000000;2016-01-23T09:04:34.000000;564d45b7-b2ad-4728-a5ef-8ab88607bcd1;386.8;6.030883;UNKNOWN
2016-01-23T09:04:34.000000;2016-01-23T09:04:34.000000;7cf09cdc-b21a-4b03-911f-c756cbae3868;386.78;0.3;UNKNOWN
2016-01-23T09:04:39.000000;2016-01-23T09:04:39.000000;74cf4b32-3a92-409a-adef-85d19ff8a260;386.81;0.27575442;UNKNOWN
2016-01-23T09:04:46.000000;2016-01-23T09:04:46.000000;2bc4ce26-dfe1-4a1d-9df4-6805d5a677ea;386.81;1.52854558;UNKNOWN
2016-01-23T09:04:46.000000;2016-01-23T09:04:46.000000;a92c1bfb-a276-43dc-8ca9-5181c20e78dd;386.83;2.48145442;UNKNOWN
2016-01-23T09:04:46.000000;2016-01-23T09:04:46.000000;e7383ef6-a2e7-4695-b86d-77079d8068fa;386.79;4.89;UNKNOWN
2016-01-23T09:04:46.000000;2016-01-23T09:04:46.000000;670ea03a-137a-4476-89b9-cd6dd294c6bb;386.82;3.8;UNKNOWN
2016-01-23T09:04:46.000000;2016-01-23T09:04:46.000000;309eb0d4-edc7-4692-b4c2-18be6fa4613a;386.83;2.9;UNKNOWN
2016-01-23T09:04:52.000000;2016-01-23T09:04:52.000000;5d9280bf-5cc4-4af4-98cf-14c6b9584895;386.84;3.1;UNKNOWN
2016-01-23T09:04:52.000000;2016-01-23T09:04:52.000000;4c573693-3456-44c5-9d5c-a5cfc89a69c6;386.85;2.8;UNKNOWN
2016-01-23T09:04:58.000000;2016-01-23T09:04:58.000000;17b5c5c4-1fb1-47d0-9d53-eb5d571b1657;386.85;1.6;UNKNOWN
2016-01-23T09:04:58.000000;2016-01-23T09:04:58.000000;5c867c81-aad1-499b-bce5-1b44cfc3d97b;386.86;1.9;UNKNOWN
2016-01-23T09:04:58.000000;2016-01-23T09:04:58.000000;edd523ba-360a-4b30-a28e-a915a432fb9d;386.87;3.3;UNKNOWN
2016-01-23T09:05:04.000000;2016-01-23T09:05:04.000000;1f445224-e12c-464c-b172-ba21a032155f;386.87;0.6;UNKNOWN
2016-01-23T09:05:05.000000;2016-01-23T09:05:05.000000;6a0e1031-de87-470f-9cdd-4180fffdb2c7;386.84;0.3;UNKNOWN
2016-01-23T09:05:05.000000;2016-01-23T09:05:05.000000;279bf55e-50f2-436f-a273-a74ac18ce4a2;386.81;3.0;UNKNOWN
2016-01-23T09:05:05.000000;2016-01-23T09:05:05.000000;ede077ba-8787-4dae-af1b-06b82693347d;386.81;0.2;UNKNOWN
2016-01-23T09:05:10.000000;2016-01-23T09:05:10.000000;5241f5a4-2654-43f6-834d-44b960398676;386.88;3.4;UNKNOWN
2016-01-23T09:05:10.000000;2016-01-23T09:05:10.000000;b7cc1077-743a-4bcc-bc69-cb0b826ac415;386.89;4.2;UNKNOWN
2016-01-23T09:05:10.000000;2016-01-23T09:05:10.000000;4b67ca02-1ac8-421d-a5e8-73c0403ef33d;386.97;2.4;UNKNOWN
2016-01-23T09:05:10.000000;2016-01-23T09:05:10.000000;330baa61-ef51-45d3-9c5a-866189480806;386.9;4.0;UNKNOWN
2016-01-23T09:05:10.000000;2016-01-23T09:05:10.000000;45d796d0-4381-4b1b-a780-82834da341e1;386.87;0.2;UNKNOWN
2016-01-23T09:05:47.000000;2016-01-23T09:05:47.000000;501e10cc-514a-4cbb-9ddc-a87ae21f2d5b;386.94;0.3544;UNKNOWN
2016-01-23T09:09:31.000000;2016-01-23T09:09:31.000000;976912bb-5d40-4576-9f7e-684a87b9a74e;386.98;0.10336;UNKNOWN
2016-01-23T09:10:16.000000;2016-01-23T09:10:16.000000;6d2f36b5-1811-45a0-8807-89157fee865d;386.98;2.0;UNKNOWN
2016-01-23T09:10:54.000000;2016-01-23T09:10:54.000000;de2f3aee-3c8a-406b-a6de-149e46904c75;386.98;1.19664;UNKNOWN
2016-01-23T09:11:04.000000;2016-01-23T09:11:04.000000;f56c2d28-7b60-4a0b-8447-5a6b7517b42c;386.99;3.7;UNKNOWN
2016-01-23T09:11:07.000000;2016-01-23T09:11:07.000000;77e681d9-c049-4a13-8b27-6ee8fef1be65;387.0;5.0;UNKNOWN
2016-01-23T09:11:07.000000;2016-01-23T09:11:07.000000;b144be8c-771e-4779-86ac-56e75909e075;387.0;2.488713;UNKNOWN
2016-01-23T09:11:11.000000;2016-01-23T09:11:11.000000;53c7d572-9d14-4fb6-b545-c4debf0393c8;387.48;6.4214;UNKNOWN
2016-01-23T09:11:24.000000;2016-01-23T09:11:24.000000;f4d077e7-1921-4b96-a4b6-b1fb42394298;387.5;8.62;UNKNOWN
2016-01-23T09:11:51.000000;2016-01-23T09:11:51.000000;4daa935c-7f8b-4bc5-9c4c-94056f78f757;387.67;0.3;UNKNOWN
2016-01-23T09:11:51.000000;2016-01-23T09:11:51.000000;846b1df0-77f6-4099-9787-4281c19d7654;387.89;2.84;UNKNOWN
2016-01-23T09:11:51.000000;2016-01-23T09:11:51.000000;8f89a1dd-e4d0-483a-9618-9e2af5acdc27;388.03;0.05;UNKNOWN
2016-01-23T09:11:51.000000;2016-01-23T09:11:51.000000;c0f8af7b-c67b-4e72-88e8-85068fa268b8;388.98;19.1981;UNKNOWN
2016-01-23T09:11:51.000000;2016-01-23T09:11:51.000000;931ac24e-82e8-4fe3-a12c-4c98c5dfe957;388.49;18.0;UNKNOWN
2016-01-23T09:11:51.000000;2016-01-23T09:11:51.000000;3a45b4eb-4861-4eee-ac05-945391223699;388.48;12.0;UNKNOWN
2016-01-23T09:11:51.000000;2016-01-23T09:11:51.000000;5d0c03a5-3da0-4d52-b1f2-f41a0da988e7;388.31;0.04;UNKNOWN
2016-01-23T09:11:51.000000;2016-01-23T09:11:51.000000;84a76c38-f8c4-4c53-a03e-4d9ba864fca0;387.68;8.53;UNKNOWN
2016-01-23T09:11:51.000000;2016-01-23T09:11:51.000000;706790d9-01d6-4035-a78b-ebdb17ae89c9;387.9;2.0;UNKNOWN
2016-01-23T09:11:51.000000;2016-01-23T09:11:51.000000;1b73d5ee-27ce-4957-baac-b63c2536d5fb;388.91;0.05;UNKNOWN
2016-01-23T09:11:51.000000;2016-01-23T09:11:51.000000;923b5c74-18ec-47cd-b9a3-1ef14e5aa577;389.15;11.3855;UNKNOWN
2016-01-23T09:11:51.000000;2016-01-23T09:11:51.000000;7b9bfc4d-dd81-4d25-ac45-be21c57c7d6e;389.14;16.9464;UNKNOWN
2016-01-23T09:11:55.000000;2016-01-23T09:11:55.000000;44ab5fae-35e4-4f3d-9900-6a9b77a5623d;389.14;0.123;UNKNOWN
2016-01-23T09:11:55.000000;2016-01-23T09:11:55.000000;8cd7eb96-6b08-4470-839a-79e68d5b7394;389.15;0.827;UNKNOWN
2016-01-23T09:12:06.000000;2016-01-23T09:12:06.000000;afa468c3-b9f7-414f-8ddd-7b6315500bad;389.11;10.0;UNKNOWN
2016-01-23T09:12:08.000000;2016-01-23T09:12:08.000000;c40926bb-edf9-4da0-900a-42a76422f9b6;389.11;9.5;UNKNOWN
2016-01-23T09:12:08.000000;2016-01-23T09:12:08.000000;6e5b3dbe-42a4-4886-8b9c-f5fc3aba8114;389.1;0.5;UNKNOWN
2016-01-23T09:12:08.000000;2016-01-23T09:12:08.000000;885e4b62-d94a-4679-9206-4c303b8ab919;389.11;10.0;UNKNOWN
2016-01-23T09:12:09.000000;2016-01-23T09:12:09.000000;121e466e-b9e5-4752-9061-ebe7bf45ae62;389.11;5.5;UNKNOWN
2016-01-23T09:12:09.000000;2016-01-23T09:12:09.000000;2cfac0c4-4236-4a6b-b537-476232af1b3a;389.1;0.01;UNKNOWN
2016-01-23T09:12:09.000000;2016-01-23T09:12:09.000000;f12e66ec-8850-4a07-a9f1-fe4fe105a216;389.1;0.49;UNKNOWN
2016-01-23T09:12:11.000000;2016-01-23T09:12:11.000000;dcb2c40f-fafa-452e-84f2-6552a28bf43e;389.14;4.0;UNKNOWN
2016-01-23T09:12:13.000000;2016-01-23T09:12:13.000000;c0263e06-fa33-4475-8a36-597cef3cb55b;388.53;0.04;UNKNOWN
2016-01-23T09:12:14.000000;2016-01-23T09:12:14.000000;83c97235-bfa2-4b75-9dc3-48b1eb844791;388.54;0.01;UNKNOWN
2016-01-23T09:12:14.000000;2016-01-23T09:12:14.000000;becec571-8138-4ddb-851c-d39a8bb7ed27;388.54;0.01;UNKNOWN
2016-01-23T09:13:04.000000;2016-01-23T09:13:04.000000;82a0f6be-333b-41b2-b839-6ab7cc1fd553;389.14;0.07;UNKNOWN
2016-01-23T09:13:04.000000;2016-01-23T09:13:04.000000;a2e430f8-5fe0-4d4f-92e6-18c07ccdb2fd;389.37;0.36067;UNKNOWN
2016-01-23T09:13:04.000000;2016-01-23T09:13:04.000000;d508c4f3-2b39-44be-af3c-4dac72beb947;389.25;0.52;UNKNOWN
2016-01-23T09:13:04.000000;2016-01-23T09:13:04.000000;f47b0891-fcdf-491c-9f38-4e012f028acc;388.78;0.3;UNKNOWN
2016-01-23T09:13:04.000000;2016-01-23T09:13:04.000000;146bb5a5-9e37-48fd-83e4-330f3f06ea47;388.48;1.7;UNKNOWN
2016-01-23T09:13:04.000000;2016-01-23T09:13:04.000000;bbe84a2c-0afa-4a82-8584-c666e546a177;389.2;0.03;UNKNOWN
2016-01-23T09:13:32.000000;2016-01-23T09:13:32.000000;b64ca332-d9ef-4d50-b412-f96aca5c5388;389.24;0.0125;UNKNOWN
2016-01-23T09:13:48.000000;2016-01-23T09:13:48.000000;ab512268-8a6a-42c8-a04d-0ecb247f9da1;388.99;0.0125;UNKNOWN
2016-01-23T09:13:57.000000;2016-01-23T09:13:57.000000;b8121d7b-798a-4a48-b559-192b1466560b;388.96;0.0125;UNKNOWN
2016-01-23T09:14:25.000000;2016-01-23T09:14:25.000000;cf777b2f-dad4-4b70-b8c1-56b41d452995;388.97;0.09;UNKNOWN
2016-01-23T09:14:26.000000;2016-01-23T09:14:26.000000;d291c1e2-e5be-446b-88a0-d84f22d8c988;388.97;0.01;UNKNOWN
2016-01-23T09:14:31.000000;2016-01-23T09:14:31.000000;6a8fe54b-3f8c-468a-a56d-88df055221c8;388.97;0.07;UNKNOWN
2016-01-23T09:14:33.000000;2016-01-23T09:14:33.000000;811a1827-8526-4f15-8775-54fee8aeb41f;388.97;0.4875;UNKNOWN
2016-01-23T09:14:34.000000;2016-01-23T09:14:34.000000;c674497f-0c56-46a5-b227-cc16c9acf82a;388.97;0.01;UNKNOWN
2016-01-23T09:14:36.000000;2016-01-23T09:14:36.000000;e4c91498-8463-4289-bbe6-0d1700741c50;388.97;1.0;UNKNOWN
2016-01-23T09:15:11.000000;2016-01-23T09:15:11.000000;d239b824-6dbc-4dfc-bc91-927d26dcd207;388.97;7.8;UNKNOWN
2016-01-23T09:21:46.000000;2016-01-23T09:21:46.000000;ab490652-51b9-4839-b8a8-9cba242cd1df;388.49;0.01;UNKNOWN
2016-01-23T09:22:41.000000;2016-01-23T09:22:41.000000;f1dc625b-31ae-4cf8-a7bb-53ecab794653;388.45;0.065;UNKNOWN
2016-01-23T09:22:46.000000;2016-01-23T09:22:46.000000;b355bd0a-ece3-4b94-8067-b39c096c16b4;387.78;0.765;UNKNOWN
2016-01-23T09:22:46.000000;2016-01-23T09:22:46.000000;1d1e989c-31f5-4bb2-9a08-d2004b42e078;388.45;0.235;UNKNOWN
2016-01-23T09:28:43.000000;2016-01-23T09:28:43.000000;c558c5c5-4e73-426d-8b32-98ef93ceb95f;387.97;0.04489294;UNKNOWN
2016-01-23T09:30:11.000000;2016-01-23T09:30:11.000000;d72b827d-49a7-4cf8-a2a1-ac7ccdc0ab0b;388.09;0.2885;UNKNOWN
2016-01-23T09:30:17.000000;2016-01-23T09:30:17.000000;f759d673-ef65-4c81-b461-19eb98c7fdca;388.09;2.0;UNKNOWN
2016-01-23T09:31:04.000000;2016-01-23T09:31:04.000000;4d93c963-e48d-477d-9e0e-588795532316;387.98;0.1;UNKNOWN
2016-01-23T09:32:03.000000;2016-01-23T09:32:03.000000;a4447b94-8b2c-4f39-a3b8-ab6ac03d8cfa;388.21;1.5527;UNKNOWN
2016-01-23T09:32:08.000000;2016-01-23T09:32:08.000000;24d2d2a8-6ba3-4e04-9c6c-e19503365f16;388.22;0.286943;UNKNOWN
2016-01-23T09:34:05.000000;2016-01-23T09:34:05.000000;030515c9-600e-4c1c-bebb-bf653c4cedc1;388.21;0.04356;UNKNOWN
2016-01-23T09:36:05.000000;2016-01-23T09:36:05.000000;f9682d11-4336-4f77-9215-8d8698f06c00;388.39;0.05496166;UNKNOWN
2016-01-23T09:38:29.000000;2016-01-23T09:38:29.000000;aa9eb6fa-acd8-4068-8250-6f99aa868983;388.39;6.4413;UNKNOWN
2016-01-23T09:38:29.000000;2016-01-23T09:38:29.000000;8d63157c-48b6-4831-bfe1-36460e13a3a3;388.4;8.9987;UNKNOWN
2016-01-23T09:38:29.000000;2016-01-23T09:38:29.000000;bbc51f8f-d1cd-4dcf-9c1b-cece43a08e73;388.36;9.56;UNKNOWN
2016-01-23T09:38:58.000000;2016-01-23T09:38:58.000000;972a8d14-5830-48c1-bc58-460004097aaa;388.04;20.0;UNKNOWN
2016-01-23T09:39:04.000000;2016-01-23T09:39:04.000000;0a54d214-3964-49c7-8029-4d1fc2426001;388.39;20.0;UNKNOWN
2016-01-23T09:39:04.000000;2016-01-23T09:39:04.000000;47979859-3bd3-4f57-8a10-a096f6716d60;388.4;10.0;UNKNOWN
2016-01-23T09:39:44.000000;2016-01-23T09:39:44.000000;0decf157-2843-45f4-8968-1b1dfb9963bb;387.81;16.0;UNKNOWN
2016-01-23T09:43:04.000000;2016-01-23T09:43:04.000000;f8d2eb79-d92a-408a-b017-0249094d55f2;387.95;0.76546234;UNKNOWN
2016-01-23T09:46:05.000000;2016-01-23T09:46:05.000000;3b75ad61-d30c-452b-b8a2-441a5816cc39;388.37;0.7;UNKNOWN
2016-01-23T09:47:04.000000;2016-01-23T09:47:04.000000;13f0c656-dd7f-4858-9a2f-5856c616fe5a;387.93;6.0;UNKNOWN
2016-01-23T09:47:04.000000;2016-01-23T09:47:04.000000;3cc86abe-da5c-402b-93e3-61d3344eac66;387.94;6.412;UNKNOWN
2016-01-23T09:47:04.000000;2016-01-23T09:47:04.000000;919e89cc-cf0c-4b28-9446-1381e505eeb0;387.92;12.0;UNKNOWN
2016-01-23T09:47:04.000000;2016-01-23T09:47:04.000000;aae3a8d4-52e9-4235-ac10-72d95ddca7b5;387.95;4.06;UNKNOWN
2016-01-23T09:47:04.000000;2016-01-23T09:47:04.000000;bba1ae6c-d6f3-41af-8d39-5007bdae67ca;387.91;8.8478;UNKNOWN
2016-01-23T09:48:04.000000;2016-01-23T09:48:04.000000;7ca42c79-142d-4fc5-be97-8faf3ae5e802;387.91;0.115977;UNKNOWN
2016-01-23T09:50:43.000000;2016-01-23T09:50:43.000000;1965f0f3-0118-40d1-8366-786d23673784;388.29;6.3936;UNKNOWN
2016-01-23T09:50:43.000000;2016-01-23T09:50:43.000000;e9526549-2229-456e-91dc-d9db68de588b;388.3;6.6064;UNKNOWN
2016-01-23T09:50:54.000000;2016-01-23T09:50:54.000000;9115cae7-dcf9-4a97-9b01-50d9dede0e7e;388.29;0.5;UNKNOWN
2016-01-23T09:50:54.000000;2016-01-23T09:50:54.000000;5968f7e6-68fc-40e8-b6f8-f64da3738d94;388.3;2.62813766;UNKNOWN
2016-01-23T09:50:54.000000;2016-01-23T09:50:54.000000;28dad008-8683-403a-9d00-bb0bc3d85aba;388.46;1.67186234;UNKNOWN
2016-01-23T09:50:54.000000;2016-01-23T09:50:54.000000;c249eef1-f3f7-461a-ae21-318dd9ba3445;388.45;3.0;UNKNOWN
2016-01-23T09:55:09.000000;2016-01-23T09:55:09.000000;e1bfac07-5af5-4c48-9bba-d4dbb2c89aea;388.46;0.64;UNKNOWN
2016-01-23T09:56:04.000000;2016-01-23T09:56:04.000000;9211fd43-995f-4d02-afc6-5cf55a51a81e;388.38;0.1;UNKNOWN
2016-01-23T09:56:09.000000;2016-01-23T09:56:09.000000;5ec5e42f-aa49-48e5-884f-f83f7e12a542;388.46;1.95;UNKNOWN
2016-01-23T09:57:30.000000;2016-01-23T09:57:30.000000;226d295a-ce04-4291-9271-a40cc2b3b4e8;388.39;47.0;UNKNOWN
2016-01-23T09:57:34.000000;2016-01-23T09:57:34.000000;a221af1b-9cd1-4d60-82f4-fdad31abf363;388.39;0.01473901;UNKNOWN
2016-01-23T09:59:05.000000;2016-01-23T09:59:05.000000;69e4ecef-6fce-45b9-b615-8821ae7f855c;388.42;0.33145404;UNKNOWN
2016-01-23T09:59:59.000000;2016-01-23T09:59:59.000000;40677dd3-dafe-45da-9a60-eff282cb04b0;388.3;6.0;UNKNOWN
2016-01-23T09:59:59.000000;2016-01-23T09:59:59.000000;d89a5c06-dcfe-4161-8f4e-86dfaab900fd;388.18;1.302;UNKNOWN
2016-01-23T09:59:59.000000;2016-01-23T09:59:59.000000;315226c2-2157-49d1-9a12-15122583b222;388.31;3.0;UNKNOWN
2016-01-23T09:59:59.000000;2016-01-23T09:59:59.000000;8a18cce8-aef1-4283-9e11-86f9470aaf93;388.31;0.5;UNKNOWN
2016-01-23T10:01:54.000000;2016-01-23T10:01:54.000000;7fd18735-9868-44c9-8110-1674bcd2cbd1;388.43;0.0125;UNKNOWN
2016-01-23T10:02:59.000000;2016-01-23T10:02:59.000000;0c2c6067-062b-4a59-90cd-6ad7d7e112b5;387.97;0.381924;UNKNOWN
2016-01-23T10:03:33.000000;2016-01-23T10:03:33.000000;60099265-1175-4eaf-af9e-e02a594886c3;388.39;1.0;UNKNOWN
2016-01-23T10:04:22.000000;2016-01-23T10:04:22.000000;6a8b7c06-bc25-4b1e-ba4a-824667e29966;387.8;0.03;UNKNOWN
2016-01-23T10:04:22.000000;2016-01-23T10:04:22.000000;00e6d14f-ebd0-4212-ad39-d8d68ea060a1;387.78;0.5;UNKNOWN
2016-01-23T10:04:22.000000;2016-01-23T10:04:22.000000;d419a322-cf40-4074-a37b-22b170ab6ca8;387.77;0.47;UNKNOWN
2016-01-23T10:04:50.000000;2016-01-23T10:04:50.000000;31f6d9f1-d01a-4b3f-be28-aefa50468618;388.0;1.0;UNKNOWN
2016-01-23T10:05:47.000000;2016-01-23T10:05:47.000000;97c603b9-bf4f-4163-a191-1592d8c1a8f3;387.98;0.52804061;UNKNOWN
2016-01-23T10:06:18.000000;2016-01-23T10:06:18.000000;2f8c8e5c-2d52-4669-bdd0-329297909db5;388.43;0.7256;UNKNOWN
2016-01-23T10:07:27.000000;2016-01-23T10:07:27.000000;dc191e3f-944a-47ca-ad14-767295f385ba;388.37;9.9800882;UNKNOWN
2016-01-23T10:08:05.000000;2016-01-23T10:08:05.000000;120462fc-08d1-488f-9c22-7b3e93ae9a1c;388.43;1.0;UNKNOWN
2016-01-23T10:08:27.000000;2016-01-23T10:08:27.000000;72741dcd-cc0b-4e11-aa46-20d5a5c1466d;388.43;15.5;UNKNOWN
2016-01-23T10:08:37.000000;2016-01-23T10:08:37.000000;11cb6988-76af-417d-9a52-9c715f7a44db;388.46;1.7;UNKNOWN
2016-01-23T10:08:57.000000;2016-01-23T10:08:57.000000;e9988f39-8659-4559-8f6b-ead370fb7914;388.46;0.03813766;UNKNOWN
2016-01-23T10:08:57.000000;2016-01-23T10:08:57.000000;0eb6dc14-02d2-4f6a-a94c-8de8a0db37fe;388.99;0.23686234;UNKNOWN
2016-01-23T10:08:57.000000;2016-01-23T10:08:57.000000;f879bc39-960c-4032-a606-bea3cb70b8f5;388.89;0.025;UNKNOWN
2016-01-23T10:10:00.000000;2016-01-23T10:10:00.000000;fce4fa4a-20ea-464b-84bc-79be5c8bebc3;388.99;0.06313766;UNKNOWN
2016-01-23T10:10:04.000000;2016-01-23T10:10:04.000000;261251f5-c10d-4fc2-be8f-4bbfcb9a893d;389.02;0.48;UNKNOWN
2016-01-23T10:10:15.000000;2016-01-23T10:10:15.000000;d38a9e81-6331-41a6-9352-b440c137f843;389.66;0.5;UNKNOWN
2016-01-23T10:10:15.000000;2016-01-23T10:10:15.000000;37e2e53f-faf4-48c2-96ff-11df1ce8214b;389.67;0.95;UNKNOWN
2016-01-23T10:10:15.000000;2016-01-23T10:10:15.000000;a251cf95-9319-4705-b6b5-56fd8f1ba324;389.67;1.0;UNKNOWN
2016-01-23T10:10:31.000000;2016-01-23T10:10:31.000000;ba0e97f7-dfb0-448e-b76c-2c28af044d8a;389.89;0.025;UNKNOWN
2016-01-23T10:10:31.000000;2016-01-23T10:10:31.000000;a4f24092-8596-41e2-b33f-3179b363d37b;389.99;1.72580625;UNKNOWN
2016-01-23T10:10:31.000000;2016-01-23T10:10:31.000000;5a1eb8e6-1db4-468d-a863-21efb89a3e8d;389.99;0.24919375;UNKNOWN
2016-01-23T10:10:41.000000;2016-01-23T10:10:41.000000;2b79cadd-ac05-4731-931d-049aeb403c30;389.99;0.27419375;UNKNOWN
2016-01-23T10:10:41.000000;2016-01-23T10:10:41.000000;e69eb2d6-3067-48f1-94e4-d720cd21f09a;389.99;0.22580625;UNKNOWN
2016-01-23T10:10:41.000000;2016-01-23T10:10:41.000000;45cbae68-c31f-484c-80d6-fafa727bec1e;389.98;0.5;UNKNOWN
2016-01-23T10:11:05.000000;2016-01-23T10:11:05.000000;04c2e648-a97f-49e6-8e8b-805a62a19058;389.98;0.07493092;UNKNOWN
2016-01-23T10:13:05.000000;2016-01-23T10:13:05.000000;430c5a66-2003-4fbb-ae63-7a3521141095;389.96;1.1260125;UNKNOWN
2016-01-23T10:13:37.000000;2016-01-23T10:13:37.000000;dc155d8b-27c1-48b2-86e9-6eecfad7b396;389.91;0.5;UNKNOWN
2016-01-23T10:13:37.000000;2016-01-23T10:13:37.000000;469a30cb-31a1-4986-8edb-2d2397a7791a;389.9;0.07;UNKNOWN
2016-01-23T10:13:37.000000;2016-01-23T10:13:37.000000;c71c663c-1ee9-4510-a3b0-4e999375f9a5;389.92;0.44;UNKNOWN
2016-01-23T10:15:05.000000;2016-01-23T10:15:05.000000;e756fece-d98c-47b4-92b3-7c20ec6d9ce3;389.01;0.15592683;UNKNOWN
2016-01-23T10:15:06.000000;2016-01-23T10:15:06.000000;e65ab7e5-61a4-4181-8b81-c1cada2da30d;389.01;0.0259909;UNKNOWN
2016-01-23T10:15:21.000000;2016-01-23T10:15:21.000000;0acf24c4-0efe-4026-a241-a0860d508b10;388.83;0.01342544;UNKNOWN
2016-01-23T10:16:25.000000;2016-01-23T10:16:25.000000;60b171b9-e032-4213-afb8-4155bcd9bc08;390.0;0.02;UNKNOWN
2016-01-23T10:16:25.000000;2016-01-23T10:16:25.000000;53d4f8a9-00cb-4630-b436-5c184cbc81a0;390.0;0.06;UNKNOWN
2016-01-23T10:16:25.000000;2016-01-23T10:16:25.000000;45f1b160-8c76-4958-a173-4d5d7c7ed917;390.0;5.0;UNKNOWN
2016-01-23T10:16:25.000000;2016-01-23T10:16:25.000000;f0af061e-0c83-4698-8fd9-3f106f32a042;389.97;18.93;UNKNOWN
2016-01-23T10:16:25.000000;2016-01-23T10:16:25.000000;757ec408-328b-48bb-85df-7b1f58d8314f;390.0;7.15061544;UNKNOWN
2016-01-23T10:16:25.000000;2016-01-23T10:16:25.000000;990dc3be-9621-493e-addf-ce2b9cf82228;390.0;7.62914406;UNKNOWN
2016-01-23T10:16:38.000000;2016-01-23T10:16:38.000000;f4af1839-5537-4d18-9e99-02ad972df3a7;390.0;2.84938456;UNKNOWN
2016-01-23T10:16:41.000000;2016-01-23T10:16:41.000000;c0fa143a-758b-4f14-be6c-3d5152901776;390.34;0.05;UNKNOWN
2016-01-23T10:16:41.000000;2016-01-23T10:16:41.000000;0a2e805e-ac06-4f06-8c14-2713edf20140;390.34;0.05;UNKNOWN
2016-01-23T10:16:49.000000;2016-01-23T10:16:49.000000;5daa9224-71ad-4bc5-a119-caa93cd905af;390.65;0.07676663;UNKNOWN
2016-01-23T10:16:50.000000;2016-01-23T10:16:50.000000;9bafd3f1-c10d-4ab7-ae67-09b89740de57;390.65;1.0;UNKNOWN
2016-01-23T10:16:52.000000;2016-01-23T10:16:52.000000;3ad8630a-424a-45d7-a35d-c644e7231eb7;390.35;2.0;UNKNOWN
2016-01-23T10:17:01.000000;2016-01-23T10:17:01.000000;34b0f18d-d1a4-43a9-8110-e0fbd85fda56;390.35;2.0;UNKNOWN
2016-01-23T10:17:26.000000;2016-01-23T10:17:26.000000;39eda0b2-34c1-477b-be22-d9024bb64029;390.55;0.5;UNKNOWN
2016-01-23T10:17:26.000000;2016-01-23T10:17:26.000000;6ff2bd8f-f3c8-4099-8ad5-fb7798718867;390.55;1.9955;UNKNOWN
2016-01-23T10:17:34.000000;2016-01-23T10:17:34.000000;c72e1f3f-25ef-44e9-9a6f-05e26002ddd2;390.52;1.0;UNKNOWN
2016-01-23T10:17:34.000000;2016-01-23T10:17:34.000000;030300f4-5d62-4dea-aab2-b2cea89a22cd;390.51;0.5;UNKNOWN
2016-01-23T10:18:26.000000;2016-01-23T10:18:26.000000;4092a43f-b12c-4bb1-b320-1cd42166ce63;390.45;0.5;UNKNOWN
2016-01-23T10:18:26.000000;2016-01-23T10:18:26.000000;53bf5a55-f2a6-46cc-b7a0-64650e5cb1b6;390.46;2.3913;UNKNOWN
2016-01-23T10:19:29.000000;2016-01-23T10:19:29.000000;f216e83b-b6ab-4486-9562-09d8641f4054;390.0;0.02222048;UNKNOWN
2016-01-23T10:20:33.000000;2016-01-23T10:20:33.000000;47524c56-fdce-4364-b91e-f8fbbf700889;390.3;0.01473901;UNKNOWN
2016-01-23T10:20:33.000000;2016-01-23T10:20:33.000000;bd4df406-4be8-4ef5-8279-93f8c28f93f7;390.4;0.07;UNKNOWN
2016-01-23T10:20:33.000000;2016-01-23T10:20:33.000000;d45d62e0-f0f7-499b-a7ef-7a173a1a5a78;390.48;0.170265;UNKNOWN
2016-01-23T10:20:33.000000;2016-01-23T10:20:33.000000;890eca91-4da1-46cf-b462-14bc350c3ece;390.49;7.74499599;UNKNOWN
2016-01-23T10:21:05.000000;2016-01-23T10:21:05.000000;efad9e38-9736-4b4f-8127-50dd3fc4842a;390.47;0.01571221;UNKNOWN
2016-01-23T10:21:40.000000;2016-01-23T10:21:40.000000;eb3933b3-5f4b-4464-8a1c-64b8145d20b2;390.49;19.42143921;UNKNOWN
2016-01-23T10:21:40.000000;2016-01-23T10:21:40.000000;4416615b-72e9-4fa3-ac67-1df878496d12;390.47;0.02856079;UNKNOWN
2016-01-23T10:21:59.000000;2016-01-23T10:21:59.000000;9829fff5-6971-4b35-a9ab-38f467851b8d;390.49;2.0097;UNKNOWN
2016-01-23T10:22:05.000000;2016-01-23T10:22:05.000000;822b9011-41bb-4cae-95a3-209da58a0cdd;390.48;0.20226537;UNKNOWN
2016-01-23T10:22:16.000000;2016-01-23T10:22:16.000000;d7ad4830-a449-46db-9b3b-7f6e6baff0af;390.59;2.9;UNKNOWN
2016-01-23T10:22:20.000000;2016-01-23T10:22:20.000000;36d67361-c73a-4683-a11d-d7ad7b16b092;390.79;0.28325842;UNKNOWN
2016-01-23T10:22:37.000000;2016-01-23T10:22:37.000000;01f0414c-b4fe-4f23-812c-bd2aad842586;390.8;1.5;UNKNOWN
2016-01-23T10:22:58.000000;2016-01-23T10:22:58.000000;babeb554-5da7-41a2-8567-661a1e2279f6;390.89;0.025;UNKNOWN
2016-01-23T10:23:08.000000;2016-01-23T10:23:08.000000;3424a820-0e42-4b74-8b54-931abc823318;391.0;0.2;UNKNOWN
2016-01-23T10:23:08.000000;2016-01-23T10:23:08.000000;f730b008-1815-455c-9c7c-f1d9f6102efa;391.18;1.24322;UNKNOWN
2016-01-23T10:23:08.000000;2016-01-23T10:23:08.000000;055384ba-4767-4fa1-989f-66ffa450a843;391.17;0.5;UNKNOWN
2016-01-23T10:23:13.000000;2016-01-23T10:23:13.000000;6ecfe5ac-7b47-42a1-9403-1e74377c2b0a;390.99;1.9002;UNKNOWN
2016-01-23T10:24:17.000000;2016-01-23T10:24:17.000000;f99536f7-6c15-4216-ba96-47dfedd1deb6;390.99;0.07581467;UNKNOWN
2016-01-23T10:24:17.000000;2016-01-23T10:24:17.000000;0ed245f9-3a38-49e0-9d6f-122a53def166;390.99;2.0;UNKNOWN
2016-01-23T10:24:26.000000;2016-01-23T10:24:26.000000;ecb96988-87da-4329-9785-7c6813ee71cd;390.99;2.0;UNKNOWN
2016-01-23T10:24:33.000000;2016-01-23T10:24:33.000000;4f12d339-7ac0-4f63-b624-6b248c1ac2d7;390.99;2.0;UNKNOWN
2016-01-23T10:24:39.000000;2016-01-23T10:24:39.000000;c2106e7b-57ca-4df4-bceb-2b9c025b919a;390.99;2.0;UNKNOWN
2016-01-23T10:24:46.000000;2016-01-23T10:24:46.000000;a987e740-5c76-49a5-a72a-84ea009d2a1f;390.99;2.0;UNKNOWN
2016-01-23T10:26:11.000000;2016-01-23T10:26:11.000000;102a181e-3245-4f7a-b5b7-36b597dedad5;390.55;9.67253281;UNKNOWN
2016-01-23T10:26:11.000000;2016-01-23T10:26:11.000000;b0b82565-4d5b-4a42-b652-4bcedf2a3da0;390.56;1.24;UNKNOWN
2016-01-23T10:26:31.000000;2016-01-23T10:26:31.000000;7611b2a0-9171-4f1b-abbc-082d47ce8c87;390.55;2.0;UNKNOWN
2016-01-23T10:26:45.000000;2016-01-23T10:26:45.000000;dec34e42-2db5-4768-ae33-ceea99572d8e;390.55;2.0;UNKNOWN
2016-01-23T10:27:01.000000;2016-01-23T10:27:01.000000;54580e29-8351-40a8-ba92-b6fe735ff51a;390.55;11.32746719;UNKNOWN
2016-01-23T10:27:05.000000;2016-01-23T10:27:05.000000;05c613e1-c25e-41cf-9db3-688902861394;390.0;0.0257;UNKNOWN
2016-01-23T10:27:21.000000;2016-01-23T10:27:21.000000;202e8e5a-af08-4045-802e-b74a79e3bf34;390.01;0.04808;UNKNOWN
2016-01-23T10:27:21.000000;2016-01-23T10:27:21.000000;54dba7c0-550e-45dd-bdba-6c17cec154e2;390.48;0.13528638;UNKNOWN
2016-01-23T10:27:25.000000;2016-01-23T10:27:25.000000;207a109b-e9a3-48f3-af3b-ffa0ffb3d5e7;390.01;0.023325;UNKNOWN
2016-01-23T10:28:04.000000;2016-01-23T10:28:04.000000;92705dc5-9bf6-499f-bc54-68d77db0c568;390.5;0.87323337;UNKNOWN
2016-01-23T10:28:05.000000;2016-01-23T10:28:05.000000;5af8f100-89c9-4975-b24f-6d1c3e194e17;390.55;0.51394064;UNKNOWN
2016-01-23T10:28:44.000000;2016-01-23T10:28:44.000000;42488346-3e53-45f8-b243-c3b24807aa90;390.54;0.00707226;UNKNOWN
2016-01-23T10:29:19.000000;2016-01-23T10:29:19.000000;46f2d816-699b-4ca4-a659-dd89cd4610a7;390.54;0.63872;UNKNOWN
2016-01-23T10:29:24.000000;2016-01-23T10:29:24.000000;eecfd99f-fc3a-4088-98f2-c7dcd704036e;390.54;0.5;UNKNOWN
2016-01-23T10:29:29.000000;2016-01-23T10:29:29.000000;a7e1a2c0-cf1e-4acf-be32-8054a72f379d;390.54;2.0;UNKNOWN
2016-01-23T10:29:33.000000;2016-01-23T10:29:33.000000;3abe7ba5-7259-47af-8e9a-5df9dc00d721;390.54;2.0;UNKNOWN
2016-01-23T10:29:40.000000;2016-01-23T10:29:40.000000;316ef927-dd8c-4f5b-ae2a-e847dba1e87f;390.54;2.0;UNKNOWN
2016-01-23T10:29:50.000000;2016-01-23T10:29:50.000000;4e79b6a7-1307-4696-81ea-5dc610718dd9;390.54;2.0;UNKNOWN
2016-01-23T10:29:52.000000;2016-01-23T10:29:52.000000;71ef7c29-ed68-4629-ab00-a6d7049d03c8;390.54;2.0;UNKNOWN
2016-01-23T10:29:57.000000;2016-01-23T10:29:57.000000;0855440a-49b8-40ca-8970-cc7d9cff98a6;390.54;0.2059;UNKNOWN
2016-01-23T10:29:59.000000;2016-01-23T10:29:59.000000;fe03ee5d-a150-49be-96fe-356508d5d23c;390.54;12.77507437;UNKNOWN
2016-01-23T10:30:00.000000;2016-01-23T10:30:00.000000;50a4636f-4553-49a8-8020-3542f2a676c6;390.48;2.0;UNKNOWN
2016-01-23T10:30:03.000000;2016-01-23T10:30:03.000000;57d23ddd-19a1-48df-84e9-5665c4e7146e;390.48;2.0;UNKNOWN
2016-01-23T10:35:39.000000;2016-01-23T10:35:39.000000;ca96bed5-7cbd-48a2-bfc6-932ca93725f0;390.46;0.5;UNKNOWN
2016-01-23T10:35:39.000000;2016-01-23T10:35:39.000000;bb32338f-572f-40cf-ba10-884c2e0dd304;390.47;2.71;UNKNOWN
2016-01-23T10:36:37.000000;2016-01-23T10:36:37.000000;661c2995-3309-42b7-925d-c19e2ef4982c;390.36;0.053511;UNKNOWN
2016-01-23T10:36:37.000000;2016-01-23T10:36:37.000000;d703143e-5241-4c6d-a1ec-90757414c38d;390.21;0.034461;UNKNOWN
2016-01-23T10:36:39.000000;2016-01-23T10:36:39.000000;0872faf6-2249-46e6-99c3-adf357935cf7;390.47;0.031726;UNKNOWN
2016-01-23T10:36:41.000000;2016-01-23T10:36:41.000000;dad96998-4ad5-411b-91e4-1afd303cfd30;390.47;0.045789;UNKNOWN
2016-01-23T10:41:12.000000;2016-01-23T10:41:12.000000;7451e3f9-b23e-4733-92bf-a89087cf6eb4;390.53;1.022;UNKNOWN
2016-01-23T10:41:17.000000;2016-01-23T10:41:17.000000;1b88f703-8bc4-4acc-9e03-c90aa1fa43ce;390.53;3.24;UNKNOWN
2016-01-23T10:41:18.000000;2016-01-23T10:41:18.000000;f688fa56-7fd1-459f-b76d-5041451d2351;390.53;3.24;UNKNOWN
2016-01-23T10:41:28.000000;2016-01-23T10:41:28.000000;c3f2b4d7-ec0d-46e1-a62c-7b1181d00fb3;390.53;0.01;UNKNOWN
2016-01-23T10:43:05.000000;2016-01-23T10:43:05.000000;b3b6d3ad-3d48-4c99-832d-7dcea6b73f88;390.51;0.03736938;UNKNOWN
2016-01-23T10:45:55.000000;2016-01-23T10:45:55.000000;b228714c-4f39-48c9-baf2-a633401027df;390.54;0.310938;UNKNOWN
2016-01-23T10:46:26.000000;2016-01-23T10:46:26.000000;154cac65-8876-4c2c-90bf-d8a7b211b0a1;390.55;0.0292;UNKNOWN
2016-01-23T10:46:41.000000;2016-01-23T10:46:41.000000;55b3cddf-8e8a-409d-b42c-37adc801e60c;390.55;0.95685936;UNKNOWN
2016-01-23T10:46:41.000000;2016-01-23T10:46:41.000000;4c67cbc7-5572-4a3a-935b-98b47818b74d;390.55;0.299;UNKNOWN
2016-01-23T10:47:33.000000;2016-01-23T10:47:33.000000;7769255d-ee48-40d0-82c3-07f5d0cee802;390.58;1.14;UNKNOWN
2016-01-23T10:47:41.000000;2016-01-23T10:47:41.000000;e47d9809-4cb1-489f-93df-156eb884025c;390.57;5.0;UNKNOWN
2016-01-23T10:49:35.000000;2016-01-23T10:49:35.000000;646f71f4-42e6-4170-9a46-c636f9471400;390.56;4.091;UNKNOWN
2016-01-23T10:49:45.000000;2016-01-23T10:49:45.000000;bbdd389f-293e-4bde-a4bc-493bf8387d71;390.59;1.1;UNKNOWN
2016-01-23T10:49:53.000000;2016-01-23T10:49:53.000000;9b852849-4dd2-4c58-9d77-d19e07783f6d;390.56;0.056989;UNKNOWN
2016-01-23T10:53:43.000000;2016-01-23T10:53:43.000000;842b4a48-358e-4686-b8fd-74ac94b12df9;390.56;0.06;UNKNOWN
2016-01-23T10:55:30.000000;2016-01-23T10:55:30.000000;e87cdd84-bee9-4663-98b7-2c4b32ef7b96;390.55;24.04414064;UNKNOWN
2016-01-23T10:55:30.000000;2016-01-23T10:55:30.000000;ff3048d3-a3f4-4618-b3ac-c70eb2a23664;390.47;15.95585936;UNKNOWN
2016-01-23T10:55:51.000000;2016-01-23T10:55:51.000000;a76853b6-79b7-4b08-927d-3fac969d62d6;390.51;1.0;UNKNOWN
2016-01-23T10:56:57.000000;2016-01-23T10:56:57.000000;02d9ee36-873a-4378-b084-8ac536deee45;390.49;0.5;UNKNOWN
2016-01-23T10:57:01.000000;2016-01-23T10:57:01.000000;a5f1d4ef-dd26-40e5-b1f3-aed4b5eff22e;390.47;8.0;UNKNOWN
2016-01-23T10:57:45.000000;2016-01-23T10:57:45.000000;1e1ac6a9-5d23-4a64-bb8a-93d96fb364c8;390.47;0.87865364;UNKNOWN
2016-01-23T10:57:45.000000;2016-01-23T10:57:45.000000;bc5073a3-0f90-40b3-b64d-d16b9cb35230;390.0;0.02207952;UNKNOWN
2016-01-23T10:58:33.000000;2016-01-23T10:58:33.000000;7ba216e8-4e73-4130-9dc8-78310492373b;389.49;4.0;UNKNOWN
2016-01-23T10:59:18.000000;2016-01-23T10:59:18.000000;b2544efe-e350-4dc2-91bd-52af3ace12e3;389.04;6.3262;UNKNOWN
2016-01-23T10:59:18.000000;2016-01-23T10:59:18.000000;3f9f6620-571a-4553-bf93-5fb1ef25a623;389.02;4.6738;UNKNOWN
2016-01-23T11:00:29.000000;2016-01-23T11:00:29.000000;ac56a8a1-9225-4de9-9c09-508aeed01a2f;389.03;0.5017;UNKNOWN
2016-01-23T11:00:32.000000;2016-01-23T11:00:32.000000;8f3b9f36-32bd-44af-8160-cc521ad3447a;389.0;0.03;UNKNOWN
2016-01-23T11:00:32.000000;2016-01-23T11:00:32.000000;44ccc9c3-342e-4166-9403-1c3e5e1833ab;388.8;0.9734;UNKNOWN
2016-01-23T11:01:17.000000;2016-01-23T11:01:17.000000;5019573c-88b4-4b3f-b12c-610e54a0bbdb;388.98;5.0;UNKNOWN
2016-01-23T11:01:40.000000;2016-01-23T11:01:40.000000;d966ee1d-8d5d-448c-802a-a62efac068d2;389.64;1.0;UNKNOWN
2016-01-23T11:02:05.000000;2016-01-23T11:02:05.000000;f4f9986e-4e24-41d7-b7ba-bab49841527d;389.99;0.0379;UNKNOWN
2016-01-23T11:03:04.000000;2016-01-23T11:03:04.000000;b608684e-672b-4064-91ce-72402f97b897;389.75;0.02379;UNKNOWN
2016-01-23T11:03:47.000000;2016-01-23T11:03:47.000000;ed7a46b8-0e23-4e13-b637-e0f275e08d11;389.56;1.0;UNKNOWN
2016-01-23T11:03:59.000000;2016-01-23T11:03:59.000000;98cee0b5-4fe4-4c82-bc1c-3d479de7abc5;389.62;0.3016859;UNKNOWN
2016-01-23T11:06:59.000000;2016-01-23T11:06:59.000000;eb7b9db1-6c19-468a-a47c-2687aaeb1da2;389.97;1.0;UNKNOWN
2016-01-23T11:07:31.000000;2016-01-23T11:07:31.000000;1e11c430-2b3b-4a41-b75e-ab3fde68a615;389.98;1.0;UNKNOWN
2016-01-23T11:07:35.000000;2016-01-23T11:07:35.000000;4b53014e-94c9-4a35-9d62-f2af1508e243;389.8;2.0;UNKNOWN
2016-01-23T11:07:42.000000;2016-01-23T11:07:42.000000;4b64d1a0-8e64-4f98-a3d2-fda3d5fa49cb;389.81;2.0;UNKNOWN
2016-01-23T11:07:45.000000;2016-01-23T11:07:45.000000;6950d38a-f492-44d9-9115-b50c43f3ccd5;389.82;0.5;UNKNOWN
2016-01-23T11:07:45.000000;2016-01-23T11:07:45.000000;ce4f1654-897d-4236-80f4-1c5adda038ab;389.82;0.92147938;UNKNOWN
2016-01-23T11:08:05.000000;2016-01-23T11:08:05.000000;4be3072b-b648-4003-875e-42bb4ba953c0;389.85;0.01257911;UNKNOWN
2016-01-23T11:09:02.000000;2016-01-23T11:09:02.000000;ccec9f2c-0bab-4c0e-968c-5b7845406062;389.98;3.0;UNKNOWN
2016-01-23T11:09:02.000000;2016-01-23T11:09:02.000000;13e1f7e4-c563-401c-a14b-5b5fffa7d0e5;389.97;2.0;UNKNOWN
2016-01-23T11:09:02.000000;2016-01-23T11:09:02.000000;aa13296e-90bd-4d54-9016-b28cdf0ce574;390.0;5.5;UNKNOWN
2016-01-23T11:09:02.000000;2016-01-23T11:09:02.000000;89ee9e04-f748-4c3f-abb4-2f7086799ad7;389.99;2.0;UNKNOWN
2016-01-23T11:09:06.000000;2016-01-23T11:09:06.000000;3f3d1c1e-d758-4bfd-89f6-5e5b0a3cf00a;390.0;12.5;UNKNOWN
2016-01-23T11:09:08.000000;2016-01-23T11:09:08.000000;ddaf17a3-5c5c-4f54-b231-3f50cd60340c;390.0;12.5;UNKNOWN
2016-01-23T11:09:12.000000;2016-01-23T11:09:12.000000;97c8d275-73fa-42f1-b86d-a41671d88b11;390.6;1.955;UNKNOWN
2016-01-23T11:09:12.000000;2016-01-23T11:09:12.000000;f32597cb-b8af-42b2-9e79-ea59bfc9cc87;390.0;9.5;UNKNOWN
2016-01-23T11:09:12.000000;2016-01-23T11:09:12.000000;2a07c62a-a193-4d1a-84ec-5e6301e8d7a4;390.58;1.02;UNKNOWN
2016-01-23T11:09:12.000000;2016-01-23T11:09:12.000000;65381448-6439-40f1-a883-3c9cbff663b4;390.53;0.025;UNKNOWN
2016-01-23T11:09:17.000000;2016-01-23T11:09:17.000000;9291f3aa-25da-4b75-9ba5-04f0b3b7ca98;389.87;4.37;UNKNOWN
2016-01-23T11:09:17.000000;2016-01-23T11:09:17.000000;a4f8c30c-2201-4eb7-a7b9-9bf75f4b475a;389.86;17.3351;UNKNOWN
2016-01-23T11:09:17.000000;2016-01-23T11:09:17.000000;6da233e7-9ca6-4a0f-acc3-9e9885f474d7;389.87;1.02;UNKNOWN
2016-01-23T11:09:17.000000;2016-01-23T11:09:17.000000;17ee00ea-f326-489e-bc42-796acddaa603;389.87;27.6893;UNKNOWN
2016-01-23T11:09:17.000000;2016-01-23T11:09:17.000000;ad8396fd-d382-4c8a-b6b4-8445cd47dafa;389.88;6.3649;UNKNOWN
2016-01-23T11:10:04.000000;2016-01-23T11:10:04.000000;ec43cfd8-5608-4750-9079-ae818061b7ff;389.8;4.0;UNKNOWN
2016-01-23T11:10:27.000000;2016-01-23T11:10:27.000000;d9a9cc68-9ed7-4485-905f-6c19f9ca1f84;389.74;2.0;UNKNOWN
2016-01-23T11:10:29.000000;2016-01-23T11:10:29.000000;61e0c22c-8b7f-4758-9291-88bf7608e766;389.75;2.0;UNKNOWN
2016-01-23T11:11:05.000000;2016-01-23T11:11:05.000000;20ccecfb-6915-4edc-be64-e9dd27f6a397;389.8;0.37395172;UNKNOWN
2016-01-23T11:11:06.000000;2016-01-23T11:11:06.000000;80a307f7-c817-49e9-91af-ba97479697db;389.8;0.22441299;UNKNOWN
2016-01-23T11:12:01.000000;2016-01-23T11:12:01.000000;ae0aca29-6d46-4782-b4df-e15e21a7b757;389.52;0.92066584;UNKNOWN
2016-01-23T11:12:01.000000;2016-01-23T11:12:01.000000;42b64327-c1c0-470b-81c8-c8827cc88032;389.52;0.5;UNKNOWN
2016-01-23T11:14:31.000000;2016-01-23T11:14:31.000000;b930ecb6-baae-41d7-becf-f10ba0a4660b;389.51;1.10206637;UNKNOWN
2016-01-23T11:15:02.000000;2016-01-23T11:15:02.000000;21e4401d-d75a-4bd7-b48c-5edaf28f62d9;389.62;0.6;UNKNOWN
2016-01-23T11:16:05.000000;2016-01-23T11:16:05.000000;d507d52e-85bf-4f41-bb76-04287cacf6c4;389.5;0.076693;UNKNOWN
2016-01-23T11:16:59.000000;2016-01-23T11:16:59.000000;e1643eef-1fe3-4dcd-b75f-2b97b37eff3a;389.51;0.6;UNKNOWN
2016-01-23T11:19:30.000000;2016-01-23T11:19:30.000000;2379b0b8-a708-4b68-a095-122c944fc3f5;389.51;0.02;UNKNOWN
2016-01-23T11:21:05.000000;2016-01-23T11:21:05.000000;8951904c-5a73-4744-b466-7ca9c61cf516;389.5;0.05;UNKNOWN
2016-01-23T11:30:39.000000;2016-01-23T11:30:39.000000;5073215f-55fb-4625-a087-bbaeba86d0c8;389.55;0.3;UNKNOWN
2016-01-23T11:32:33.000000;2016-01-23T11:32:33.000000;41963fcf-c6fe-4259-9489-9ffa2ba7879f;389.7;3.0;UNKNOWN
2016-01-23T11:32:33.000000;2016-01-23T11:32:33.000000;b15607d7-a6f4-4188-af01-e160ec47e327;389.7;0.5;UNKNOWN
2016-01-23T11:32:33.000000;2016-01-23T11:32:33.000000;7711b876-49c6-41ba-8f15-8138d9ab55d4;389.69;6.3777;UNKNOWN
2016-01-23T11:32:42.000000;2016-01-23T11:32:42.000000;18c5a3cf-9b75-40d8-8e1d-34f09a7e952e;389.63;0.08262248;UNKNOWN
2016-01-23T11:32:55.000000;2016-01-23T11:32:55.000000;ee65ccdb-2ca8-4d5e-a465-3c34642e8fa2;389.64;0.5;UNKNOWN
2016-01-23T11:32:55.000000;2016-01-23T11:32:55.000000;cd2d43fb-1316-4f6e-bef3-a0f95f16cc88;389.64;22.2109;UNKNOWN
2016-01-23T11:32:55.000000;2016-01-23T11:32:55.000000;701eeb69-8c3e-4a50-8829-a2ab23e11125;389.64;3.0;UNKNOWN
2016-01-23T11:32:55.000000;2016-01-23T11:32:55.000000;5b107a67-aec3-4543-bbb0-e07df17ec883;389.64;6.4106;UNKNOWN
2016-01-23T11:32:55.000000;2016-01-23T11:32:55.000000;20123b20-7c94-47df-b657-546b4adf6264;389.64;6.0;UNKNOWN
2016-01-23T11:33:02.000000;2016-01-23T11:33:02.000000;01e00d36-512a-457a-9a9f-4ebecde75975;389.64;0.1;UNKNOWN
2016-01-23T11:33:12.000000;2016-01-23T11:33:12.000000;6bb11d1b-ca27-4367-b241-d396cf04551f;389.64;7.0;UNKNOWN
2016-01-23T11:33:19.000000;2016-01-23T11:33:19.000000;d92d7ffe-71e6-4f57-8f38-da3548cbb3e5;389.64;0.4;UNKNOWN
2016-01-23T11:33:25.000000;2016-01-23T11:33:25.000000;0144ab45-9880-48bf-9986-73068203210f;389.64;20.0;UNKNOWN
2016-01-23T11:33:31.000000;2016-01-23T11:33:31.000000;a49c0135-971f-4521-a31f-01c4fe440e3f;389.64;15.3;UNKNOWN
2016-01-23T11:33:37.000000;2016-01-23T11:33:37.000000;556399de-d66d-413f-8c99-22e1d5acce90;389.8;0.5215;UNKNOWN
2016-01-23T11:33:37.000000;2016-01-23T11:33:37.000000;43e23952-98ea-470b-8e4b-3de53940b281;389.64;0.0785;UNKNOWN
2016-01-23T11:33:44.000000;2016-01-23T11:33:44.000000;de4ffc71-0d40-460c-a47d-fcbb8b5b8af0;389.8;4.7;UNKNOWN
2016-01-23T11:33:45.000000;2016-01-23T11:33:45.000000;d6d1b526-bf20-4bf2-9f79-57f76c3fae43;389.8;2.6148;UNKNOWN
2016-01-23T11:33:50.000000;2016-01-23T11:33:50.000000;c7d2b031-90fe-4178-90b7-08325c88ea5d;389.8;8.3;UNKNOWN
2016-01-23T11:33:54.000000;2016-01-23T11:33:54.000000;110cfc76-a276-4aad-8fb0-0f1e68f40ee9;389.8;12.2425;UNKNOWN
2016-01-23T11:33:57.000000;2016-01-23T11:33:57.000000;08ad1f1f-0440-429a-af1e-146498034cd3;389.8;1.9;UNKNOWN
2016-01-23T11:34:00.000000;2016-01-23T11:34:00.000000;5b44477d-81d8-4168-9306-86a10992439b;389.75;0.031994;UNKNOWN
2016-01-23T11:34:11.000000;2016-01-23T11:34:11.000000;2df48464-41dc-4ed9-aa98-e979cc6fac2a;389.8;0.1;UNKNOWN
2016-01-23T11:34:23.000000;2016-01-23T11:34:23.000000;948f0a3c-e5d2-4ebf-a8a8-8fa3aa82804e;389.7;28.4729;UNKNOWN
2016-01-23T11:34:23.000000;2016-01-23T11:34:23.000000;90570138-7826-4a6b-a36f-8a9f539f61f1;389.7;3.0;UNKNOWN
2016-01-23T11:34:23.000000;2016-01-23T11:34:23.000000;b309c783-fde5-48b3-a2ff-4d9420292285;389.7;0.5;UNKNOWN
2016-01-23T11:34:24.000000;2016-01-23T11:34:24.000000;b633afdd-3eee-40fb-83c5-c8de678c6414;389.7;6.3464;UNKNOWN
2016-01-23T11:34:28.000000;2016-01-23T11:34:28.000000;7c8838ef-8ec9-4783-ae45-76a50dcb8fab;389.7;4.0;UNKNOWN
2016-01-23T11:36:31.000000;2016-01-23T11:36:31.000000;e55a036b-9c9a-4e8b-805a-4602e2a4824e;389.7;2.3;UNKNOWN
2016-01-23T11:36:38.000000;2016-01-23T11:36:38.000000;fb7b52ad-6f22-4f7a-8f49-e5558708da56;389.7;11.5;UNKNOWN
2016-01-23T11:36:44.000000;2016-01-23T11:36:44.000000;c1623cea-eb6e-408e-a3d7-925ad70765ab;389.7;5.0;UNKNOWN
2016-01-23T11:36:50.000000;2016-01-23T11:36:50.000000;c0d28a8f-79f0-4d3f-b48f-4069c68bfedb;389.7;0.28;UNKNOWN
2016-01-23T11:36:50.000000;2016-01-23T11:36:50.000000;9b152e64-60fd-4419-bde4-13cf851b67cc;389.7;1.5;UNKNOWN
2016-01-23T11:36:56.000000;2016-01-23T11:36:56.000000;a0848180-8298-40ad-b394-9db8abca933f;389.69;0.1;UNKNOWN
2016-01-23T11:37:33.000000;2016-01-23T11:37:33.000000;219de54c-c591-42f3-a629-77747eb483bd;389.69;0.2;UNKNOWN
2016-01-23T11:37:35.000000;2016-01-23T11:37:35.000000;3d30b49f-19c5-460c-a4dc-44a78f34696c;389.7;28.1007;UNKNOWN
2016-01-23T11:38:00.000000;2016-01-23T11:38:00.000000;6cd50801-2102-4c1a-9bc0-f1beedd5164f;389.8;5.0;UNKNOWN
2016-01-23T11:38:01.000000;2016-01-23T11:38:01.000000;a9fc4a0a-c2fb-4364-a7d7-41d62a3d454b;389.8;1.8902;UNKNOWN
2016-01-23T11:38:05.000000;2016-01-23T11:38:05.000000;9327cd73-7870-48c0-a728-081ceb57fa67;389.8;1.8902;UNKNOWN
2016-01-23T11:38:08.000000;2016-01-23T11:38:08.000000;aad02d91-1bf2-49df-9a66-b13553ea67ec;389.8;1.8902;UNKNOWN
2016-01-23T11:38:13.000000;2016-01-23T11:38:13.000000;22d1784f-0306-497c-8842-63baa20b5f5f;389.8;40.0;UNKNOWN
2016-01-23T11:38:14.000000;2016-01-23T11:38:14.000000;558defce-236a-4778-a039-7f84ea1b712c;389.79;4.5;UNKNOWN
2016-01-23T11:38:19.000000;2016-01-23T11:38:19.000000;2dd1a8ea-fe67-48ab-abad-a0efbb3dff0b;389.8;1.8902;UNKNOWN
2016-01-23T11:38:21.000000;2016-01-23T11:38:21.000000;b7a15d30-7c55-44fd-b9ab-1a66df3471f8;389.8;1.8902;UNKNOWN
2016-01-23T11:38:24.000000;2016-01-23T11:38:24.000000;48c1ccd8-7c8a-4e3f-838e-fcfe3bc5db78;389.8;1.8902;UNKNOWN
2016-01-23T11:38:26.000000;2016-01-23T11:38:26.000000;6ce26cd4-8a22-4864-a6f8-927110b9aa7d;389.8;1.8902;UNKNOWN
2016-01-23T11:38:28.000000;2016-01-23T11:38:28.000000;41b4637f-7337-4fef-8a54-dd7deb003c09;389.8;23.31858029;UNKNOWN
2016-01-23T11:38:29.000000;2016-01-23T11:38:29.000000;0c20a3e3-972a-45f2-8bbe-5d99401ff9c3;389.81;0.1;UNKNOWN
2016-01-23T11:38:29.000000;2016-01-23T11:38:29.000000;3d13f100-bf4a-41a0-a4a8-226844f7ced9;389.85;1.8902;UNKNOWN
2016-01-23T11:38:37.000000;2016-01-23T11:38:37.000000;98536f1c-7dc7-4c6e-8d6e-16f6459b1603;390.6;0.05;UNKNOWN
2016-01-23T11:38:37.000000;2016-01-23T11:38:37.000000;3ab93393-6970-4da3-9543-aeecc7346788;391.0;0.1;UNKNOWN
2016-01-23T11:38:37.000000;2016-01-23T11:38:37.000000;589ce431-0349-464b-9e63-d8bce84b50f2;390.6;3.045;UNKNOWN
2016-01-23T11:38:37.000000;2016-01-23T11:38:37.000000;421ee6c7-0702-48e0-a086-28a5f970366f;391.0;6.805;UNKNOWN
2016-01-23T11:38:43.000000;2016-01-23T11:38:43.000000;d4c3abda-dc8e-431e-a16b-b4eea8e99f97;391.0;10.0;UNKNOWN
2016-01-23T11:39:57.000000;2016-01-23T11:39:57.000000;99b3a766-38b3-41fd-85a8-0d87f0d1d6aa;390.98;0.5;UNKNOWN
2016-01-23T11:39:57.000000;2016-01-23T11:39:57.000000;036d19b2-b3fb-4dc8-9050-ec68c1323c80;390.98;6.5;UNKNOWN
2016-01-23T11:40:57.000000;2016-01-23T11:40:57.000000;ec631fae-84e9-42d7-bf05-5ef7e9f11773;390.0;0.03;UNKNOWN
2016-01-23T11:41:19.000000;2016-01-23T11:41:19.000000;d42b8f58-a106-4e74-b3ff-787a8145c855;389.84;0.3;UNKNOWN
2016-01-23T11:42:52.000000;2016-01-23T11:42:52.000000;bac9ed4a-39ec-4584-a2bf-3956ee81a4de;389.54;18.9182;UNKNOWN
2016-01-23T11:42:53.000000;2016-01-23T11:42:53.000000;adbc5a79-9f38-4041-aeae-e37a65c996d2;389.54;6.3604;UNKNOWN
2016-01-23T11:43:04.000000;2016-01-23T11:43:04.000000;3a5f00e5-7e6a-48d1-83d5-84cba408d0a7;389.54;6.04390051;UNKNOWN
2016-01-23T11:43:04.000000;2016-01-23T11:43:04.000000;3d5fa2a3-2f07-406e-878c-371fc5d3a88c;389.54;0.5;UNKNOWN
2016-01-23T11:43:49.000000;2016-01-23T11:43:49.000000;d7669a80-950b-4b35-96f5-d0c9c62bc220;389.5;1.822307;UNKNOWN
2016-01-23T11:44:33.000000;2016-01-23T11:44:33.000000;648deb33-6843-40ae-94a9-dc85963f7f9a;389.49;0.025;UNKNOWN
2016-01-23T11:44:33.000000;2016-01-23T11:44:33.000000;583ef316-5ee4-45b6-a5fe-b0d2d5bdcead;389.49;0.745;UNKNOWN
2016-01-23T11:45:20.000000;2016-01-23T11:45:20.000000;06c253d6-ede0-49ab-bfe2-d263ca94d91d;389.22;6.3449;UNKNOWN
2016-01-23T11:45:20.000000;2016-01-23T11:45:20.000000;148f99bc-33a7-42bc-b9ab-ac76b020355f;389.22;19.1694;UNKNOWN
2016-01-23T11:45:30.000000;2016-01-23T11:45:30.000000;acaf1f5a-0f21-4eba-b6be-233e5e6dbdc3;389.21;9.377;UNKNOWN
2016-01-23T11:45:53.000000;2016-01-23T11:45:53.000000;661f2c19-3d13-4e0e-87c5-fb7f3764db12;389.2;0.03;UNKNOWN
2016-01-23T11:46:31.000000;2016-01-23T11:46:31.000000;5e9ecca2-8c67-483e-befc-6745d422e2c1;389.04;0.0133;UNKNOWN
2016-01-23T11:46:50.000000;2016-01-23T11:46:50.000000;25f3b3e4-f31d-4534-962b-ddeb91aca831;388.82;0.07;UNKNOWN
2016-01-23T11:46:50.000000;2016-01-23T11:46:50.000000;d1bc869e-aad4-429c-8094-32f56c3f7ab0;388.82;0.02;UNKNOWN
2016-01-23T11:47:05.000000;2016-01-23T11:47:05.000000;a7a51891-fa99-4cf9-9fbd-3499007edbf2;388.84;1.71283366;UNKNOWN
2016-01-23T11:47:43.000000;2016-01-23T11:47:43.000000;9ef655b2-649c-400f-a4aa-edd6e010a14e;388.67;0.07;UNKNOWN
2016-01-23T11:48:05.000000;2016-01-23T11:48:05.000000;c5a6436b-9634-4859-bca5-c1b194a08217;388.6;0.3;UNKNOWN
2016-01-23T11:48:22.000000;2016-01-23T11:48:22.000000;9fecb383-8681-450d-896f-c4e31eaef009;388.59;10.0;UNKNOWN
2016-01-23T11:49:12.000000;2016-01-23T11:49:12.000000;5b37bc9b-cff6-451b-831e-315a68f7b2d7;388.59;0.3070926;UNKNOWN
2016-01-23T11:49:22.000000;2016-01-23T11:49:22.000000;447247bf-d181-4ad9-b6f0-ed673c4198f5;388.59;1.9;UNKNOWN
2016-01-23T11:49:25.000000;2016-01-23T11:49:25.000000;7d766cf8-f4a8-4be0-84eb-deafa37eb493;388.53;0.05;UNKNOWN
2016-01-23T11:49:25.000000;2016-01-23T11:49:25.000000;6dd1cedb-6b78-4926-9a65-b83515571f80;388.59;5.5052074;UNKNOWN
2016-01-23T11:49:25.000000;2016-01-23T11:49:25.000000;2ffc7a2a-0f5d-4767-982f-8c51a49b45f8;388.5;0.07;UNKNOWN
2016-01-23T11:49:25.000000;2016-01-23T11:49:25.000000;784f61fe-8ce7-4405-abfe-92b6a458ceb9;388.5;0.07;UNKNOWN
2016-01-23T11:49:44.000000;2016-01-23T11:49:44.000000;be8381cf-961e-4b8a-a5d7-8564cfae07aa;388.41;0.1;UNKNOWN
2016-01-23T11:50:02.000000;2016-01-23T11:50:02.000000;128c4161-ef22-4098-90f2-c329a50273b0;388.41;0.4;UNKNOWN
2016-01-23T11:50:03.000000;2016-01-23T11:50:03.000000;a7402955-5453-4326-b777-6e0f1dc20041;388.41;0.01;UNKNOWN
2016-01-23T11:50:25.000000;2016-01-23T11:50:25.000000;ea560146-de3c-4441-88a3-a6d65cc50c9b;388.41;0.01;UNKNOWN
2016-01-23T11:51:04.000000;2016-01-23T11:51:04.000000;8d680967-ec0a-4cae-a759-be7e32827786;388.41;0.03981981;UNKNOWN
2016-01-23T11:51:10.000000;2016-01-23T11:51:10.000000;747c7827-9ac6-4e0f-a21b-00dc9c6b3d4a;388.41;0.01;UNKNOWN
2016-01-23T11:51:33.000000;2016-01-23T11:51:33.000000;f6524208-dc69-41e0-a165-beee3561e228;388.41;0.03;UNKNOWN
2016-01-23T11:51:33.000000;2016-01-23T11:51:33.000000;1580201a-f56d-47b9-9c00-e576637c15b2;388.4;0.03;UNKNOWN
2016-01-23T11:52:24.000000;2016-01-23T11:52:24.000000;a9bd013e-1bda-45c6-85d6-539bec8cd153;388.39;0.01;UNKNOWN
2016-01-23T11:52:49.000000;2016-01-23T11:52:49.000000;0e4fa2de-3652-41f0-a8fc-49f6818d2412;388.98;12.0;UNKNOWN
2016-01-23T11:52:49.000000;2016-01-23T11:52:49.000000;1f4c3af7-12de-4c35-b4e7-1c70e5f2d2e9;388.99;1.5;UNKNOWN
2016-01-23T11:52:49.000000;2016-01-23T11:52:49.000000;da86cd3f-506e-4159-b491-9af2d40e011a;388.42;1.75918075;UNKNOWN
2016-01-23T11:52:49.000000;2016-01-23T11:52:49.000000;26a2cb7b-ff97-490f-8515-d7a4ad4a37b1;389.0;14.70155241;UNKNOWN
2016-01-23T11:52:49.000000;2016-01-23T11:52:49.000000;d346469b-0004-4145-9a3f-c9dfe8ebf283;388.4;9.94;UNKNOWN
2016-01-23T11:52:49.000000;2016-01-23T11:52:49.000000;2b0a7789-895b-49c0-b5c3-066c1f50c24c;388.98;1.0;UNKNOWN
2016-01-23T11:53:04.000000;2016-01-23T11:53:04.000000;8d5fefc5-d773-46eb-bc4e-2c4229924d70;390.01;0.1;UNKNOWN
2016-01-23T11:53:05.000000;2016-01-23T11:53:05.000000;f1f2d010-2419-4c06-85a3-a9f4df8be161;390.02;0.1;UNKNOWN
2016-01-23T11:53:28.000000;2016-01-23T11:53:28.000000;10d2cd47-908e-46e2-b481-fd9945970262;389.4;0.03;UNKNOWN
2016-01-23T11:53:43.000000;2016-01-23T11:53:43.000000;069ee80e-bcd2-4439-8dd5-d50a7ec09a17;389.2;0.03;UNKNOWN
2016-01-23T11:54:00.000000;2016-01-23T11:54:00.000000;b533b900-d74f-4b70-aaa8-83140fc29213;389.03;3.0;UNKNOWN
2016-01-23T11:54:00.000000;2016-01-23T11:54:00.000000;c9b7e4b3-8aed-4797-88d7-cd83e247aa5c;389.04;0.5;UNKNOWN
2016-01-23T11:54:00.000000;2016-01-23T11:54:00.000000;0c43c1ce-4388-42fc-9580-6cd8249a7251;389.02;20.2261;UNKNOWN
2016-01-23T11:54:00.000000;2016-01-23T11:54:00.000000;aaf8edd0-3687-406f-84a3-c6d6e478e4d8;389.03;6.3741;UNKNOWN
2016-01-23T11:54:00.000000;2016-01-23T11:54:00.000000;21cf16ae-2499-4149-9dd9-aac17963f835;389.03;29.8773;UNKNOWN
2016-01-23T11:54:02.000000;2016-01-23T11:54:02.000000;0d3a912d-bdc5-4563-9b07-3b06e3256a90;388.9;12.5;UNKNOWN
2016-01-23T11:54:30.000000;2016-01-23T11:54:30.000000;9920da81-cfab-40af-b699-088dacd7a183;388.56;4.4;UNKNOWN
2016-01-23T11:54:30.000000;2016-01-23T11:54:30.000000;21827bbf-f2f1-46df-aae4-5822e11849a9;388.57;3.0;UNKNOWN
2016-01-23T11:54:30.000000;2016-01-23T11:54:30.000000;f8e22a54-1723-4064-afcc-0aa264442c72;388.82;0.1;UNKNOWN
2016-01-23T11:54:30.000000;2016-01-23T11:54:30.000000;a6827c90-d7c1-4e98-919a-bb646757268d;388.82;2.5;UNKNOWN
2016-01-23T11:54:53.000000;2016-01-23T11:54:53.000000;bf3d6a1a-6e61-4e65-b0c0-c4b08eb25296;388.18;0.5;UNKNOWN
2016-01-23T11:54:53.000000;2016-01-23T11:54:53.000000;a77ffe8b-11f1-441f-90da-b57adfb2c711;388.18;0.4;UNKNOWN
2016-01-23T11:54:53.000000;2016-01-23T11:54:53.000000;3f9a4696-2a01-4c85-a47c-2a5b2083d380;388.4;0.03;UNKNOWN
2016-01-23T11:54:53.000000;2016-01-23T11:54:53.000000;5c5d7e20-159e-4c86-a686-0ebe6af3b234;388.18;0.07;UNKNOWN
2016-01-23T11:55:08.000000;2016-01-23T11:55:08.000000;2a32bb69-5ec4-4556-b8c1-c83ff02c6fe8;388.18;0.01;UNKNOWN
2016-01-23T11:55:25.000000;2016-01-23T11:55:25.000000;fb498142-f92d-4ad6-a752-bbb8039bd3d9;388.03;0.01;UNKNOWN
2016-01-23T11:55:38.000000;2016-01-23T11:55:38.000000;f64c34cf-5c7a-45ec-a68a-3e7bda9c555d;388.08;0.01;UNKNOWN
2016-01-23T11:55:39.000000;2016-01-23T11:55:39.000000;630de087-f740-498f-a2d4-55c5566a3592;388.08;0.02;UNKNOWN
2016-01-23T11:56:03.000000;2016-01-23T11:56:03.000000;d44e0457-d42f-4d2f-9b42-0bc4627cce3b;388.82;0.1;UNKNOWN
2016-01-23T11:56:23.000000;2016-01-23T11:56:23.000000;6a1ae809-9f94-468b-b289-1ab1bdb10139;388.83;0.02;UNKNOWN
2016-01-23T11:58:04.000000;2016-01-23T11:58:04.000000;c4446445-4616-4b4d-8f7c-96be195edfc3;389.04;0.595;UNKNOWN
2016-01-23T11:58:04.000000;2016-01-23T11:58:04.000000;36e06308-0410-44cb-8257-59a6757e9c08;389.04;0.5;UNKNOWN
2016-01-23T11:58:04.000000;2016-01-23T11:58:04.000000;37e00db9-64aa-4749-84bd-e8cb3168f6af;388.83;0.005;UNKNOWN
2016-01-23T12:07:58.000000;2016-01-23T12:07:58.000000;27c3f289-0d16-4f78-b442-4b073e47782d;389.56;0.65;UNKNOWN
2016-01-23T12:08:06.000000;2016-01-23T12:08:06.000000;a38ffc23-3a66-4caa-bbb6-e7ce1f1505c5;389.04;0.5;UNKNOWN
2016-01-23T12:08:06.000000;2016-01-23T12:08:06.000000;545ad078-f970-4651-a881-5c6bd73ca98d;389.04;0.19318083;UNKNOWN
2016-01-23T12:10:13.000000;2016-01-23T12:10:13.000000;b3fad444-b9b3-4416-8fb2-77c8833a0633;389.99;1.38945234;UNKNOWN
2016-01-23T12:10:14.000000;2016-01-23T12:10:14.000000;26e7bf4a-ddca-4c65-b712-0e76b17de032;389.99;0.07;UNKNOWN
2016-01-23T12:10:35.000000;2016-01-23T12:10:35.000000;e3df121d-8d10-4e00-ae52-f16ec99b009f;390.0;0.02;UNKNOWN
2016-01-23T12:11:05.000000;2016-01-23T12:11:05.000000;0999888c-e0fa-4a7e-84cd-311220411b19;389.99;0.49054766;UNKNOWN
2016-01-23T12:11:05.000000;2016-01-23T12:11:05.000000;c3a04859-0eda-4217-9b26-f81718c62e7f;389.99;1.50545234;UNKNOWN
2016-01-23T12:11:34.000000;2016-01-23T12:11:34.000000;852dab72-dc78-4ec3-b008-e5d28c675cbd;389.99;7.15454766;UNKNOWN
2016-01-23T12:11:52.000000;2016-01-23T12:11:52.000000;dad1fba4-bd2c-4bee-a465-b8b0cd7e529a;389.41;0.5;UNKNOWN
2016-01-23T12:12:32.000000;2016-01-23T12:12:32.000000;67e00b62-ca6b-4d4f-bb08-39ff4bba9655;389.41;0.2703;UNKNOWN
2016-01-23T12:13:04.000000;2016-01-23T12:13:04.000000;0de8ba31-06c8-4b3b-bc4e-67fa8f9cac0a;389.31;0.26647062;UNKNOWN
2016-01-23T12:13:37.000000;2016-01-23T12:13:37.000000;f1237c24-7582-445d-a6b7-481c22169264;389.3;0.07;UNKNOWN
2016-01-23T12:14:09.000000;2016-01-23T12:14:09.000000;c8698f0c-a75f-45dd-9971-5936c7196905;388.8;1.1006;UNKNOWN
2016-01-23T12:14:09.000000;2016-01-23T12:14:09.000000;3ca81b5b-9b79-41df-a61c-2b973d738a3d;389.2;0.03;UNKNOWN
2016-01-23T12:18:06.000000;2016-01-23T12:18:06.000000;506fa988-8ff6-4c26-82a0-3173b9c97d38;388.61;0.057988;UNKNOWN
2016-01-23T12:18:22.000000;2016-01-23T12:18:22.000000;ac1f38b7-2abb-4f5c-a24c-40d5f2daf06e;389.68;12.0;UNKNOWN
2016-01-23T12:18:22.000000;2016-01-23T12:18:22.000000;6d895120-0bef-40b1-b4f7-aa03b12c73ce;389.69;12.7469;UNKNOWN
2016-01-23T12:18:22.000000;2016-01-23T12:18:22.000000;ab3701e9-6a58-4b7f-89e7-6156b6d5cae5;389.39;0.5;UNKNOWN
2016-01-23T12:18:22.000000;2016-01-23T12:18:22.000000;960e89f6-134b-4b8f-aba4-9ccd075c2615;389.55;11.76;UNKNOWN
2016-01-23T12:18:22.000000;2016-01-23T12:18:22.000000;c219342e-ca24-43f2-abdf-e89ec8e29970;389.67;18.9931;UNKNOWN
2016-01-23T12:18:22.000000;2016-01-23T12:18:22.000000;702f35cb-20d0-43e9-b69f-fe21f40adbba;389.54;6.0;UNKNOWN
2016-01-23T12:18:22.000000;2016-01-23T12:18:22.000000;de84e14f-884b-44d5-8321-b43018d1a58c;389.4;3.0;UNKNOWN
2016-01-23T12:18:54.000000;2016-01-23T12:18:54.000000;afc6984c-6c43-4676-b50b-d8576f2abfe1;389.32;6.3574;UNKNOWN
2016-01-23T12:18:54.000000;2016-01-23T12:18:54.000000;c3a8a3cf-ff05-4f86-9b1a-2e5dcd4bb857;389.33;0.21;UNKNOWN
2016-01-23T12:22:27.000000;2016-01-23T12:22:27.000000;a99a386d-f6ae-4422-8216-6e1713122863;388.84;0.5;UNKNOWN
2016-01-23T12:22:27.000000;2016-01-23T12:22:27.000000;12d06770-24f4-4b9a-a300-daf62b4e8450;389.0;0.03;UNKNOWN
2016-01-23T12:22:27.000000;2016-01-23T12:22:27.000000;080937c7-6bd7-41c8-9ffa-e90d88e871d6;388.84;1.272988;UNKNOWN
2016-01-23T12:22:42.000000;2016-01-23T12:22:42.000000;f39ec378-2853-487a-b7e5-b08e410bfde8;388.62;0.05;UNKNOWN
2016-01-23T12:23:26.000000;2016-01-23T12:23:26.000000;764f658e-02f5-4f13-831f-3fd4d3b04742;388.61;0.07;UNKNOWN
2016-01-23T12:24:16.000000;2016-01-23T12:24:16.000000;436a08c0-b5a6-4aec-9afd-d85a5cefd046;388.89;4.62262223;UNKNOWN
2016-01-23T12:28:52.000000;2016-01-23T12:28:52.000000;6e4ac70f-e0eb-46a4-8903-2e9e75de528a;388.89;0.04;UNKNOWN
2016-01-23T12:29:03.000000;2016-01-23T12:29:03.000000;fefbcd11-77b0-4c5f-99d3-92504cb4310d;388.83;0.11585659;UNKNOWN
2016-01-23T12:30:49.000000;2016-01-23T12:30:49.000000;151e6eac-f62e-4857-a2b9-f306f0e11dd7;388.99;1.0;UNKNOWN
2016-01-23T12:31:04.000000;2016-01-23T12:31:04.000000;18593959-2f3f-4d06-8d00-71ec82825672;388.99;0.05;UNKNOWN
2016-01-23T12:31:06.000000;2016-01-23T12:31:06.000000;0fc39667-e7b1-45bc-9e7a-a2c2d3195b3e;388.99;2.62047513;UNKNOWN
2016-01-23T12:31:28.000000;2016-01-23T12:31:28.000000;a316bf10-e671-42eb-9273-5ad9cf9158fa;388.99;5.0;UNKNOWN
2016-01-23T12:31:53.000000;2016-01-23T12:31:53.000000;6bc5672f-26cc-4f90-97b0-c858b64a1d2a;388.99;1.01;UNKNOWN
2016-01-23T12:33:39.000000;2016-01-23T12:33:39.000000;18eadb34-9cd2-45b6-8e2e-990322ddf83d;388.8;0.025;UNKNOWN
2016-01-23T12:33:39.000000;2016-01-23T12:33:39.000000;5ba340ea-5cc1-4f07-b205-ea22f63b1331;388.59;0.075;UNKNOWN
2016-01-23T12:34:54.000000;2016-01-23T12:34:54.000000;dc2a224c-3093-4221-9a0a-86ef6df16831;388.01;6.4319;UNKNOWN
2016-01-23T12:34:54.000000;2016-01-23T12:34:54.000000;c3b1a3a3-e4cc-422c-965b-f57682c2f391;388.0;2.0;UNKNOWN
2016-01-23T12:34:54.000000;2016-01-23T12:34:54.000000;b2e79a25-dff9-460e-859d-57422746a892;388.4;0.03;UNKNOWN
2016-01-23T12:34:59.000000;2016-01-23T12:34:59.000000;332702bf-2db8-4f1e-9ca5-bdc86ac089f1;387.79;12.0;UNKNOWN
2016-01-23T12:34:59.000000;2016-01-23T12:34:59.000000;f78f942e-5d59-42ba-a4b3-d872050584eb;387.76;5.87128945;UNKNOWN
2016-01-23T12:35:01.000000;2016-01-23T12:35:01.000000;4b9cc8cc-3f83-40b5-b7ac-e9c80384ba9a;387.74;7.0;UNKNOWN
2016-01-23T12:35:07.000000;2016-01-23T12:35:07.000000;01c8a944-a037-4993-b71e-9b39319397d1;387.74;5.0;UNKNOWN
2016-01-23T12:35:28.000000;2016-01-23T12:35:28.000000;52201faa-8baa-4dc0-8a99-2290a98fd409;387.14;6.3494;UNKNOWN
2016-01-23T12:35:28.000000;2016-01-23T12:35:28.000000;55b44247-baeb-4653-840c-a4ba721eb08f;387.14;21.05911;UNKNOWN
2016-01-23T12:35:28.000000;2016-01-23T12:35:28.000000;a4529704-891f-4955-9fbe-2ad4db63cb19;387.69;0.06709;UNKNOWN
2016-01-23T12:35:28.000000;2016-01-23T12:35:28.000000;87ed3b33-297e-43cd-a518-ae298ef90ab4;387.5;0.0125;UNKNOWN
2016-01-23T12:35:28.000000;2016-01-23T12:35:28.000000;aed9bb63-3cbf-485c-af04-05cc093b8b9b;387.69;0.05;UNKNOWN
2016-01-23T12:35:45.000000;2016-01-23T12:35:45.000000;39907092-feb0-48fc-9c38-2def2f36db19;386.7;0.7;UNKNOWN
2016-01-23T12:35:48.000000;2016-01-23T12:35:48.000000;04ff2254-9c1a-4dc2-94f8-b9b1cd4f3599;387.5;0.286;UNKNOWN
2016-01-23T12:36:02.000000;2016-01-23T12:36:02.000000;a326e9f3-a4b8-4ac1-9945-f086bc016a92;386.67;9.815;UNKNOWN
2016-01-23T12:36:02.000000;2016-01-23T12:36:02.000000;437d657e-883d-492d-8bbf-c401e05bdd96;386.55;0.5;UNKNOWN
2016-01-23T12:36:02.000000;2016-01-23T12:36:02.000000;b13a88a6-f190-4759-a002-8c02eec6551c;386.54;11.26006;UNKNOWN
2016-01-23T12:36:02.000000;2016-01-23T12:36:02.000000;e2a7c168-613e-4e00-a36e-c57d92445b7b;386.96;0.56094;UNKNOWN
2016-01-23T12:36:02.000000;2016-01-23T12:36:02.000000;6b058298-4e11-4a68-89c0-b1d6c8e6bcd3;386.68;9.448;UNKNOWN
2016-01-23T12:36:02.000000;2016-01-23T12:36:02.000000;efd8efbd-8878-4f4e-a389-6b0239650057;386.69;6.416;UNKNOWN
2016-01-23T12:36:05.000000;2016-01-23T12:36:05.000000;a86cad4f-ae5c-466a-8ab5-1c3ca52f9c45;386.17;0.844;UNKNOWN
2016-01-23T12:36:06.000000;2016-01-23T12:36:06.000000;95063006-ab36-49e6-9dce-d9fcf4d60dd9;387.27;0.07508923;UNKNOWN
2016-01-23T12:36:08.000000;2016-01-23T12:36:08.000000;a18ee2b0-840f-46eb-9ce6-c19841645143;387.27;0.42491077;UNKNOWN
2016-01-23T12:36:08.000000;2016-01-23T12:36:08.000000;1e6bdec9-a153-4371-8bc4-d31b90157688;387.27;0.57508923;UNKNOWN
2016-01-23T12:36:09.000000;2016-01-23T12:36:09.000000;bc851de9-9cc5-492a-bba0-04e368d2b560;386.32;1.13;UNKNOWN
2016-01-23T12:36:09.000000;2016-01-23T12:36:09.000000;e08fe069-fb27-46c0-84d3-26564ff07c1d;387.27;1.0;UNKNOWN
2016-01-23T12:36:09.000000;2016-01-23T12:36:09.000000;827bbeef-0ada-4f0f-bdcd-09ac374c1d5d;386.31;16.58282142;UNKNOWN
2016-01-23T12:36:09.000000;2016-01-23T12:36:09.000000;adeb48f2-d82c-45a2-99da-2c9dce4c4b33;386.32;0.5;UNKNOWN
2016-01-23T12:36:10.000000;2016-01-23T12:36:10.000000;f4b13520-5924-4329-9ed5-c32a4d60450a;387.26;0.026;UNKNOWN
2016-01-23T12:36:14.000000;2016-01-23T12:36:14.000000;a8c16f95-ba45-46d3-b631-190567b06c43;387.24;0.23;UNKNOWN
2016-01-23T12:37:17.000000;2016-01-23T12:37:17.000000;6db9d706-9765-4e98-8620-e9b9e6b6235b;386.41;0.3167088;UNKNOWN
2016-01-23T12:37:17.000000;2016-01-23T12:37:17.000000;83031501-7067-483f-be01-92032dcf5d9c;386.44;0.40744;UNKNOWN
2016-01-23T12:37:28.000000;2016-01-23T12:37:28.000000;28f4c0da-4358-478b-bf2f-4636262e6761;386.61;1.0;UNKNOWN
2016-01-23T12:37:30.000000;2016-01-23T12:37:30.000000;b30f7309-ec74-41df-8483-538af4ac20ab;386.03;0.05;UNKNOWN
2016-01-23T12:37:30.000000;2016-01-23T12:37:30.000000;4fb8b4d8-c784-4a66-af9d-31d841b40231;386.13;0.25143328;UNKNOWN
2016-01-23T12:37:30.000000;2016-01-23T12:37:30.000000;58a59208-baf7-4508-9fa9-7cab9b1ff0d7;386.4;0.1;UNKNOWN
2016-01-23T12:37:30.000000;2016-01-23T12:37:30.000000;4a5e0961-a891-496d-b56b-57510c8d912a;385.93;0.05526672;UNKNOWN
2016-01-23T12:37:30.000000;2016-01-23T12:37:30.000000;28198bec-2feb-4f30-9be4-58a120f07587;386.41;0.21;UNKNOWN
2016-01-23T12:37:30.000000;2016-01-23T12:37:30.000000;d4816510-b45f-44b2-bd1a-fb729272e37d;386.41;0.1833;UNKNOWN
2016-01-23T12:37:34.000000;2016-01-23T12:37:34.000000;54a1e9e2-fbb9-4e0a-ae91-76751788c7d9;385.43;5.68;UNKNOWN
2016-01-23T12:37:34.000000;2016-01-23T12:37:34.000000;4676c3e1-da35-4790-8a9e-2fad3a5f486b;385.44;10.0;UNKNOWN
2016-01-23T12:37:34.000000;2016-01-23T12:37:34.000000;a5e1a2ff-894f-4cd1-92ea-35a6bbe23cc6;385.25;14.174;UNKNOWN
2016-01-23T12:37:34.000000;2016-01-23T12:37:34.000000;9bdcf6d6-a43d-4087-a9d4-ce00856a4a42;385.89;0.146;UNKNOWN
2016-01-23T12:38:02.000000;2016-01-23T12:38:02.000000;76415ad2-1283-4f76-b35e-7d07b9b391b9;385.96;1.9002;UNKNOWN
2016-01-23T12:38:05.000000;2016-01-23T12:38:05.000000;3fbdad6e-afb9-42ad-99a7-6f826d7a22d7;385.7;1.68197;UNKNOWN
2016-01-23T12:38:05.000000;2016-01-23T12:38:05.000000;6dc33997-87f9-40e0-9638-f09e7b443671;385.72;0.25;UNKNOWN
2016-01-23T12:38:05.000000;2016-01-23T12:38:05.000000;3fc94e26-524a-4a3b-93af-28b10bff20a5;385.72;0.01;UNKNOWN
2016-01-23T12:38:26.000000;2016-01-23T12:38:26.000000;59654e57-ea14-407f-8b66-e9d4b7fcd27b;385.72;1.0;UNKNOWN
2016-01-23T12:38:26.000000;2016-01-23T12:38:26.000000;fc984f31-c4ba-452e-aa3d-aa06ec14c8cf;386.0;14.0;UNKNOWN
2016-01-23T12:38:26.000000;2016-01-23T12:38:26.000000;3e25ca90-d697-4fb7-991b-4ba605cf3d03;386.0;5.0;UNKNOWN
2016-01-23T12:38:38.000000;2016-01-23T12:38:38.000000;c58073b0-9b7d-45a8-af03-8affd0447149;386.42;0.05526672;UNKNOWN
2016-01-23T12:38:38.000000;2016-01-23T12:38:38.000000;739df6c4-55ba-4d53-b0c1-9e1e9270914c;386.44;4.35673328;UNKNOWN
2016-01-23T12:39:26.000000;2016-01-23T12:39:26.000000;c1046e0a-5e4c-4f17-8cdc-1c1a3dc59ed6;386.51;0.3;UNKNOWN
2016-01-23T12:40:44.000000;2016-01-23T12:40:44.000000;670c0985-d4a1-462a-ad8e-9c98c41c4165;386.43;1.38;UNKNOWN
2016-01-23T12:41:05.000000;2016-01-23T12:41:05.000000;21c60238-781e-4b95-bb8d-9d107da9f7b5;386.49;0.11;UNKNOWN
2016-01-23T12:41:39.000000;2016-01-23T12:41:39.000000;871c7385-f151-4a15-959a-4015f6f10238;386.01;0.5;UNKNOWN
2016-01-23T12:41:39.000000;2016-01-23T12:41:39.000000;cc4a09fc-b192-4da6-94b2-6b2471d0526d;386.42;1.0;UNKNOWN
2016-01-23T12:41:39.000000;2016-01-23T12:41:39.000000;3a98ed53-0528-454e-bcca-78314c6ab178;386.0;2.0284;UNKNOWN
2016-01-23T12:41:39.000000;2016-01-23T12:41:39.000000;9a09c516-a85e-4eab-8629-126461c0d73b;386.01;6.4716;UNKNOWN
2016-01-23T12:41:55.000000;2016-01-23T12:41:55.000000;b8e5d8a6-b2b3-44a1-b12c-405299dcb4de;386.0;2.0056806;UNKNOWN
2016-01-23T12:41:57.000000;2016-01-23T12:41:57.000000;d34ab4f7-4e19-4f20-a23b-5d88427bc2ef;386.0;0.9659194;UNKNOWN
2016-01-23T12:42:12.000000;2016-01-23T12:42:12.000000;43b85037-2590-4348-a725-5b05cd1be188;385.72;1.0;UNKNOWN
2016-01-23T12:42:12.000000;2016-01-23T12:42:12.000000;0e601313-1416-463f-b3b3-4ebaedb85249;385.23;9.0;UNKNOWN
2016-01-23T12:42:17.000000;2016-01-23T12:42:17.000000;dd7f3e4c-73e3-4cea-8680-871edd398d2b;385.25;2.6;UNKNOWN
2016-01-23T12:42:23.000000;2016-01-23T12:42:23.000000;dd015a0e-dcf2-4b93-8863-76c411e72c02;385.25;1.33;UNKNOWN
2016-01-23T12:42:27.000000;2016-01-23T12:42:27.000000;d4991e54-b1b3-45b8-b598-e59e72fd3b4b;385.6;7.71803;UNKNOWN
2016-01-23T12:42:53.000000;2016-01-23T12:42:53.000000;467e1415-4053-4434-8145-d014581079b5;385.72;0.02592;UNKNOWN
2016-01-23T12:43:02.000000;2016-01-23T12:43:02.000000;bae51fab-982e-45c0-8ed1-051f46d33d05;385.73;13.57092;UNKNOWN
2016-01-23T12:43:02.000000;2016-01-23T12:43:02.000000;3da3c9db-1dc8-42c8-88d7-a46fbc5e7b13;385.72;6.42908;UNKNOWN
2016-01-23T12:43:03.000000;2016-01-23T12:43:03.000000;477ab080-4ad8-41dc-a1c9-4b8f00241477;385.79;0.05;UNKNOWN
2016-01-23T12:43:08.000000;2016-01-23T12:43:08.000000;c2c3517d-4c78-4c6c-bb72-a04e95a02436;385.98;0.0936919;UNKNOWN
2016-01-23T12:43:09.000000;2016-01-23T12:43:09.000000;ed3169ba-0eb7-46d6-93bc-b7c7e069f73f;385.98;0.0936919;UNKNOWN
2016-01-23T12:43:13.000000;2016-01-23T12:43:13.000000;36ef059a-644b-4c89-9359-ce4b59240cde;385.99;0.09369675;UNKNOWN
2016-01-23T12:43:14.000000;2016-01-23T12:43:14.000000;4f1156fc-0648-46f4-933e-5f850a3f7b15;386.0;0.09369675;UNKNOWN
2016-01-23T12:43:14.000000;2016-01-23T12:43:14.000000;3e49d832-ee7e-4bd3-8f59-8fb9dfaa4d31;386.0;0.09369675;UNKNOWN
2016-01-23T12:43:20.000000;2016-01-23T12:43:20.000000;1d22e95a-82a1-467e-8388-16885508bdfe;385.33;2.6121852;UNKNOWN
2016-01-23T12:43:47.000000;2016-01-23T12:43:47.000000;b552c81f-0c6e-4eb2-86a4-a37071b507ab;385.92;3.87;UNKNOWN
2016-01-23T12:43:50.000000;2016-01-23T12:43:50.000000;65e8aba6-b0fe-4fca-b7b2-dd57ecbb1b21;385.91;0.09370889;UNKNOWN
2016-01-23T12:43:51.000000;2016-01-23T12:43:51.000000;24785a01-692d-428a-812d-cfb65b704e70;385.99;0.09368947;UNKNOWN
2016-01-23T12:43:53.000000;2016-01-23T12:43:53.000000;079bd92b-375b-4908-a455-86d869f9831e;386.0;0.09368947;UNKNOWN
2016-01-23T12:43:53.000000;2016-01-23T12:43:53.000000;47284c10-93d6-4e86-8a89-11bae92937d4;386.0;0.09371132;UNKNOWN
2016-01-23T12:43:54.000000;2016-01-23T12:43:54.000000;67db8a22-fcbd-4674-9378-995aa6d6936c;386.0;0.09368947;UNKNOWN
2016-01-23T12:43:55.000000;2016-01-23T12:43:55.000000;5abeb71d-2984-4a29-bc33-19d38055745f;386.0;0.07147456;UNKNOWN
2016-01-23T12:43:56.000000;2016-01-23T12:43:56.000000;fc2279e5-5ea7-45ee-a3c5-ca98e91566ff;386.0;0.02221491;UNKNOWN
2016-01-23T12:43:56.000000;2016-01-23T12:43:56.000000;44e4a971-6ed0-4f19-af42-366161c9151f;386.0;0.02221491;UNKNOWN
2016-01-23T12:43:56.000000;2016-01-23T12:43:56.000000;3681ec50-e54a-4890-81b9-042770d3ee85;386.0;0.07111979;UNKNOWN
2016-01-23T12:44:03.000000;2016-01-23T12:44:03.000000;d17652f3-a7be-43b7-afac-f1a58e031e5f;385.98;0.849;UNKNOWN
2016-01-23T12:44:14.000000;2016-01-23T12:44:14.000000;7faad619-9158-4dac-862d-dac9ddecc10a;385.82;0.09369675;UNKNOWN
2016-01-23T12:44:15.000000;2016-01-23T12:44:15.000000;f681cb5f-9d22-4698-aa8c-3f5749dffae4;385.82;0.09368704;UNKNOWN
2016-01-23T12:44:15.000000;2016-01-23T12:44:15.000000;0f4d4e5a-07d2-438f-8507-bed0e50f9a32;385.81;0.09370161;UNKNOWN
2016-01-23T12:44:15.000000;2016-01-23T12:44:15.000000;55a1af63-2886-4bde-8082-14b4e233d226;385.81;0.09369675;UNKNOWN
2016-01-23T12:44:16.000000;2016-01-23T12:44:16.000000;2c56a783-9d6c-41b3-b759-6ec2f0ae61f7;385.8;0.09370161;UNKNOWN
2016-01-23T12:44:17.000000;2016-01-23T12:44:17.000000;e4797c65-d8ef-4cca-bf71-5e0b940273e5;385.8;0.09373318;UNKNOWN
2016-01-23T12:44:17.000000;2016-01-23T12:44:17.000000;2ae9bcd8-532d-4412-9f68-846e4a693d94;385.8;0.09370161;UNKNOWN
2016-01-23T12:44:18.000000;2016-01-23T12:44:18.000000;345bddec-d0b8-4961-b6dc-927c543d2657;385.8;0.09373318;UNKNOWN
2016-01-23T12:44:22.000000;2016-01-23T12:44:22.000000;9ffa77b0-6e0f-44f6-86a1-05aed8c06de9;386.01;0.05728723;UNKNOWN
2016-01-23T12:44:23.000000;2016-01-23T12:44:23.000000;e6141fa5-127d-41ae-8246-ac17baca268c;385.93;0.09370161;UNKNOWN
2016-01-23T12:44:23.000000;2016-01-23T12:44:23.000000;e084e70f-6d6e-485a-a19b-701bd601fd39;385.93;0.05728723;UNKNOWN
2016-01-23T12:45:12.000000;2016-01-23T12:45:12.000000;c7962988-8989-4b0b-99e6-5131b2c0e3d2;385.34;0.1666;UNKNOWN
2016-01-23T12:45:42.000000;2016-01-23T12:45:42.000000;eb3b1f13-d951-4a97-b10c-7d700e606180;385.3;10.0;UNKNOWN
2016-01-23T12:45:47.000000;2016-01-23T12:45:47.000000;851c403d-a7ea-4cfc-99f4-1dcaad565ecc;385.3;2.0;UNKNOWN
2016-01-23T12:46:05.000000;2016-01-23T12:46:05.000000;aabf47d6-e5e6-41f8-96cd-c435dfe6b6de;385.3;2.25452201;UNKNOWN
2016-01-23T12:46:33.000000;2016-01-23T12:46:33.000000;95d50c2a-1580-4f3b-873e-068d8be0c399;385.3;1.5;UNKNOWN
2016-01-23T12:47:00.000000;2016-01-23T12:47:00.000000;2a7a80cd-6219-4c06-8fe6-b2825c61ba81;385.3;1.5;UNKNOWN
2016-01-23T12:47:10.000000;2016-01-23T12:47:10.000000;dfcfce10-7c10-440b-8614-29bde965efe0;385.3;1.22452201;UNKNOWN
2016-01-23T12:47:10.000000;2016-01-23T12:47:10.000000;045c404b-126a-4ed5-aa0e-6855f76a79c8;385.3;0.27547799;UNKNOWN
2016-01-23T12:47:55.000000;2016-01-23T12:47:55.000000;aa3e6782-52c2-497a-8614-91b3dc2aa6f3;385.23;1.33;UNKNOWN
2016-01-23T12:47:59.000000;2016-01-23T12:47:59.000000;2f44fa35-b5eb-44f8-a4cf-c9de2f5f4ecc;385.23;3.99;UNKNOWN
2016-01-23T12:47:59.000000;2016-01-23T12:47:59.000000;9446e6d9-5242-4499-954c-174921d25e01;385.11;0.91;UNKNOWN
2016-01-23T12:47:59.000000;2016-01-23T12:47:59.000000;876d3209-9218-4439-b358-9632b7d6188f;385.17;0.05;UNKNOWN
2016-01-23T12:47:59.000000;2016-01-23T12:47:59.000000;5448703e-5367-480e-9ac2-47ecfb7a67cd;385.19;0.05;UNKNOWN
2016-01-23T12:48:04.000000;2016-01-23T12:48:04.000000;c9f9ce3a-84c2-4754-9da6-be3a04c23b8b;385.27;6.19;UNKNOWN
2016-01-23T12:48:04.000000;2016-01-23T12:48:04.000000;5ab2a413-7a89-4234-bafe-8ab9453c83a6;385.28;1.37223149;UNKNOWN
2016-01-23T12:48:07.000000;2016-01-23T12:48:07.000000;1f3100f7-43bc-4ca0-bed7-714f6466da60;385.0;0.01;UNKNOWN
2016-01-23T12:48:07.000000;2016-01-23T12:48:07.000000;14de9a24-0d90-4afc-a727-6587a67029d8;384.88;0.0133;UNKNOWN
2016-01-23T12:48:07.000000;2016-01-23T12:48:07.000000;17db7787-ce4a-438b-ac57-c669257c104b;385.0;0.1;UNKNOWN
2016-01-23T12:48:07.000000;2016-01-23T12:48:07.000000;a53cf793-88e8-4786-8097-5b18f2f561ec;384.82;0.740451;UNKNOWN
2016-01-23T12:48:07.000000;2016-01-23T12:48:07.000000;e37d2ff6-74b0-4e7f-9ced-fc1f28c06116;385.0;5.0;UNKNOWN
2016-01-23T12:48:07.000000;2016-01-23T12:48:07.000000;b104fd8a-9f64-46bc-93bc-20703be81412;385.1;2.5;UNKNOWN
2016-01-23T12:48:07.000000;2016-01-23T12:48:07.000000;2fda4e23-6ae2-4328-9187-f057a5868078;385.11;5.5329;UNKNOWN
2016-01-23T12:48:11.000000;2016-01-23T12:48:11.000000;242c6e18-1806-4ff0-8627-0516eccb879b;384.82;0.76179513;UNKNOWN
2016-01-23T12:48:11.000000;2016-01-23T12:48:11.000000;fe2ac832-3da4-429e-9f55-5f3efc5d7f35;384.46;0.27820487;UNKNOWN
2016-01-23T12:48:11.000000;2016-01-23T12:48:11.000000;1211c309-754e-4ea9-a5da-cc5d2ecfc185;384.69;0.5098;UNKNOWN
2016-01-23T12:48:11.000000;2016-01-23T12:48:11.000000;fb7a9d52-c480-4939-bd16-15fe9f3e5725;384.82;1.46317583;UNKNOWN
2016-01-23T12:48:11.000000;2016-01-23T12:48:11.000000;6bf2620e-d8a3-4e40-a79e-7637bbacb5e8;384.72;35.0;UNKNOWN
2016-01-23T12:48:11.000000;2016-01-23T12:48:11.000000;d97833d7-e91d-4731-b030-f4785c36a6ce;384.82;1.5;UNKNOWN
2016-01-23T12:48:11.000000;2016-01-23T12:48:11.000000;210754d8-1acd-48f4-b0df-9dd58afc7443;384.8;0.02;UNKNOWN
2016-01-23T12:48:11.000000;2016-01-23T12:48:11.000000;8ca76295-31fd-4bcd-a5cd-62d097436aee;384.46;8.0;UNKNOWN
2016-01-23T12:48:11.000000;2016-01-23T12:48:11.000000;002abd19-ab22-4e64-a1c2-fe760e8aa124;384.82;3.0;UNKNOWN
2016-01-23T12:48:13.000000;2016-01-23T12:48:13.000000;69a3a48f-a349-4a31-b253-670ada2d3f28;384.2;2.96;UNKNOWN
2016-01-23T12:48:13.000000;2016-01-23T12:48:13.000000;c9b9646d-2451-4528-87ed-37dc51c097fd;384.17;0.0837;UNKNOWN
2016-01-23T12:48:13.000000;2016-01-23T12:48:13.000000;de114bdb-df6b-4c4f-88f9-c4680d3aa369;384.26;0.15;UNKNOWN
2016-01-23T12:48:13.000000;2016-01-23T12:48:13.000000;ad8d710a-6bd9-42f5-ac98-98b2810582a9;384.12;5.14034825;UNKNOWN
2016-01-23T12:48:13.000000;2016-01-23T12:48:13.000000;af609b2d-98e9-4284-b47a-421209234190;384.17;0.5;UNKNOWN
2016-01-23T12:48:13.000000;2016-01-23T12:48:13.000000;b32dcccb-fea8-4d3d-ab82-00c4a73f807d;384.33;0.78635548;UNKNOWN
2016-01-23T12:48:13.000000;2016-01-23T12:48:13.000000;4d1b4795-42de-488c-a942-74cd8ec87785;384.2;0.02;UNKNOWN
2016-01-23T12:48:13.000000;2016-01-23T12:48:13.000000;38a78108-20ee-4a8a-9886-0ae74cb8878f;384.26;0.35959627;UNKNOWN
2016-01-23T12:48:16.000000;2016-01-23T12:48:16.000000;f1905a52-576c-45c8-a422-919a841f5fd7;384.12;0.25;UNKNOWN
2016-01-23T12:48:19.000000;2016-01-23T12:48:19.000000;b49d5e24-0676-4af3-b256-6742761f2fbb;384.12;3.0;UNKNOWN
2016-01-23T12:48:21.000000;2016-01-23T12:48:21.000000;8bf2ef60-e27a-4789-a964-1254b25e17b5;384.12;1.9;UNKNOWN
2016-01-23T12:48:27.000000;2016-01-23T12:48:27.000000;af20e518-d7af-492c-9420-95b66456ff7e;383.8;0.02;UNKNOWN
2016-01-23T12:48:27.000000;2016-01-23T12:48:27.000000;90276c10-a3b8-4d2a-865e-d77c28c0ae6c;383.9;16.0;UNKNOWN
2016-01-23T12:48:27.000000;2016-01-23T12:48:27.000000;2448a8b6-4053-41fd-a79a-0c5769649d9a;384.0;0.01;UNKNOWN
2016-01-23T12:48:27.000000;2016-01-23T12:48:27.000000;e60c7ab4-bed3-4041-98a7-84bfbf2f3596;384.0;4.98;UNKNOWN
2016-01-23T12:48:27.000000;2016-01-23T12:48:27.000000;fa570392-8a5b-4495-bb58-70314b2ed9c4;383.88;0.05;UNKNOWN
2016-01-23T12:48:27.000000;2016-01-23T12:48:27.000000;21517787-04b4-4738-af7f-014c9ac3a52d;384.0;0.02;UNKNOWN
2016-01-23T12:48:27.000000;2016-01-23T12:48:27.000000;7e80ff75-20e1-45df-98cd-4a0fd967641f;383.68;0.625;UNKNOWN
2016-01-23T12:48:27.000000;2016-01-23T12:48:27.000000;f11f794d-833f-416a-ab53-08176ee3c1ce;384.0;0.01;UNKNOWN
2016-01-23T12:48:27.000000;2016-01-23T12:48:27.000000;697462ae-c3ed-45de-8eef-a8419651f92d;384.85;1.0;UNKNOWN
2016-01-23T12:48:27.000000;2016-01-23T12:48:27.000000;1ec56f26-7342-4a8c-8a18-da29b79e5f65;383.68;3.91;UNKNOWN
2016-01-23T12:48:28.000000;2016-01-23T12:48:28.000000;22cc0a7a-00b5-44da-917c-ecfae8446ce0;383.91;4.0;UNKNOWN
2016-01-23T12:48:34.000000;2016-01-23T12:48:34.000000;fcd67144-b26d-4956-9699-217321efc840;383.0;0.01;UNKNOWN
2016-01-23T12:48:34.000000;2016-01-23T12:48:34.000000;c24ae853-36b9-4cc6-a5a2-9d137f587799;383.7;1.30780814;UNKNOWN
2016-01-23T12:48:34.000000;2016-01-23T12:48:34.000000;eef99aa6-3971-4cbb-9392-1a223b49626d;383.1;0.01;UNKNOWN
2016-01-23T12:48:34.000000;2016-01-23T12:48:34.000000;82ebe546-0537-49a2-88ec-1dbe8cd1f28b;383.0;1.0;UNKNOWN
2016-01-23T12:48:34.000000;2016-01-23T12:48:34.000000;9aab193f-66ea-4fbf-b218-a51074c75d86;383.5;0.0513;UNKNOWN
2016-01-23T12:48:34.000000;2016-01-23T12:48:34.000000;ddee3915-a938-4f6a-9559-ac8a310f9922;383.0;23.0;UNKNOWN
2016-01-23T12:48:34.000000;2016-01-23T12:48:34.000000;dbbc6205-eca5-47ad-abaf-725cbdede403;383.04;20.3101;UNKNOWN
2016-01-23T12:48:34.000000;2016-01-23T12:48:34.000000;7b01c372-26a4-428d-b605-aad7ed90de88;383.36;4.0;UNKNOWN
2016-01-23T12:48:34.000000;2016-01-23T12:48:34.000000;dab86a57-2266-490c-a31d-92c1bcc9ef02;383.7;0.21;UNKNOWN
2016-01-23T12:48:34.000000;2016-01-23T12:48:34.000000;6a401e60-8c66-4226-ab8a-78272ec43c9d;383.23;18.6995;UNKNOWN
2016-01-23T12:48:34.000000;2016-01-23T12:48:34.000000;e7297c7d-b0e1-4447-908e-6e6350c0f5f1;383.7;18.68219186;UNKNOWN
2016-01-23T12:48:34.000000;2016-01-23T12:48:34.000000;23db0194-a326-44db-b230-6ef73d8d257d;383.2;0.02;UNKNOWN
2016-01-23T12:48:34.000000;2016-01-23T12:48:34.000000;be979691-6917-4547-a869-0322f9663937;383.0;2.5022;UNKNOWN
2016-01-23T12:48:34.000000;2016-01-23T12:48:34.000000;a89afb1f-3d2d-4ee9-938c-3f3f6147a535;383.69;0.146;UNKNOWN
2016-01-23T12:48:34.000000;2016-01-23T12:48:34.000000;5f442b26-7c00-48fb-8084-cc8d53326a02;383.69;0.094;UNKNOWN
2016-01-23T12:48:34.000000;2016-01-23T12:48:34.000000;31ca032e-57cf-4334-abd7-65157742315a;383.0;1.0;UNKNOWN
2016-01-23T12:48:34.000000;2016-01-23T12:48:34.000000;62c0f7fb-f5a3-4fe4-b69f-7713cf73a0ea;383.53;0.05;UNKNOWN
2016-01-23T12:48:34.000000;2016-01-23T12:48:34.000000;a0399b77-454b-4370-aaf4-31a92acc0932;383.0;5.92519438;UNKNOWN
2016-01-23T12:48:35.000000;2016-01-23T12:48:35.000000;301b8a8f-f9d0-4e27-85b4-cb38297e4cd8;383.01;4.38;UNKNOWN
2016-01-23T12:48:40.000000;2016-01-23T12:48:40.000000;558b475b-7fa4-4a65-a54e-f315bba169d1;383.01;5.03609894;UNKNOWN
2016-01-23T12:48:41.000000;2016-01-23T12:48:41.000000;c974c161-5fb2-4a54-b2e0-f0d58576337b;383.01;3.5;UNKNOWN
2016-01-23T12:48:41.000000;2016-01-23T12:48:41.000000;4b4852ba-e4b3-44cc-99ed-e9786d27ea65;383.01;1.0676604;UNKNOWN
2016-01-23T12:48:41.000000;2016-01-23T12:48:41.000000;79a5363d-6e56-4300-a84c-82140180916c;383.01;1.2;UNKNOWN
2016-01-23T12:48:41.000000;2016-01-23T12:48:41.000000;7739dbd3-816b-4da0-9785-4462c6b5ad10;383.01;0.36098827;UNKNOWN
2016-01-23T12:48:41.000000;2016-01-23T12:48:41.000000;27701e7f-d28e-4add-986b-f5c9df8d90c7;383.01;0.34;UNKNOWN
2016-01-23T12:48:45.000000;2016-01-23T12:48:45.000000;19b323f5-3e31-44f6-b374-f79f337b09a6;384.01;0.45;UNKNOWN
2016-01-23T12:48:45.000000;2016-01-23T12:48:45.000000;40caaac6-02fd-4539-9b42-695ebb919927;384.01;0.05;UNKNOWN
2016-01-23T12:48:45.000000;2016-01-23T12:48:45.000000;33cb42c3-e147-4cfa-bb7a-2608e1c082b5;384.0;0.10207;UNKNOWN
2016-01-23T12:48:45.000000;2016-01-23T12:48:45.000000;f5e1bd5d-80b0-4df5-b01a-7aa774e4a0da;383.02;14.89793;UNKNOWN
2016-01-23T12:48:47.000000;2016-01-23T12:48:47.000000;12caad8d-aca2-449d-b841-e9f5ca213f79;383.03;0.5;UNKNOWN
2016-01-23T12:48:47.000000;2016-01-23T12:48:47.000000;68fc4c5e-b607-4cfd-8fb2-11ddd3f13a43;383.01;14.5;UNKNOWN
2016-01-23T12:49:03.000000;2016-01-23T12:49:03.000000;ef5cbef0-23de-489e-8559-3124d425793c;383.83;0.05;UNKNOWN
2016-01-23T12:49:06.000000;2016-01-23T12:49:06.000000;be2a7eeb-ae73-49f1-b8ee-b3d5b068ce43;383.04;0.05;UNKNOWN
2016-01-23T12:49:17.000000;2016-01-23T12:49:17.000000;70365e6b-3994-4ce4-af89-283ebb4e76b9;383.81;0.91;UNKNOWN
2016-01-23T12:49:28.000000;2016-01-23T12:49:28.000000;be23ef25-aa63-4d37-bc29-2eecec70c6ad;383.79;0.08;UNKNOWN
2016-01-23T12:49:54.000000;2016-01-23T12:49:54.000000;d58d2a99-ea3c-449e-a974-198576a36421;383.56;0.08;UNKNOWN
2016-01-23T12:50:00.000000;2016-01-23T12:50:00.000000;16830354-e6cf-4d97-a18b-b0ce841b38fa;383.16;10.0;UNKNOWN
2016-01-23T12:50:00.000000;2016-01-23T12:50:00.000000;08a66289-1385-4bfd-b8e2-3257bfeb48e2;383.16;0.304;UNKNOWN
2016-01-23T12:50:03.000000;2016-01-23T12:50:03.000000;8ccd8b23-936c-4f52-86d7-407344b2191e;383.43;0.05;UNKNOWN
2016-01-23T12:50:19.000000;2016-01-23T12:50:19.000000;953f03cc-4468-4975-a251-61d168c28a2d;383.29;0.08;UNKNOWN
2016-01-23T12:50:25.000000;2016-01-23T12:50:25.000000;128dbe5c-1fc2-4ad3-94fd-6f9b9e8da868;383.02;1.5;UNKNOWN
2016-01-23T12:50:34.000000;2016-01-23T12:50:34.000000;a2139b85-7041-4410-a3f2-9cb318ef4d15;383.08;10.0;UNKNOWN
2016-01-23T12:50:41.000000;2016-01-23T12:50:41.000000;fe8ad075-278d-4e0d-a09a-57b3346e9b94;383.08;0.08;UNKNOWN
2016-01-23T12:50:44.000000;2016-01-23T12:50:44.000000;ee48e62e-7946-48d7-b453-ea520c4b8630;383.08;0.02;UNKNOWN
2016-01-23T12:50:59.000000;2016-01-23T12:50:59.000000;479925b4-24c5-4e2a-9dee-f5cdad43b462;383.07;0.08;UNKNOWN
2016-01-23T12:51:03.000000;2016-01-23T12:51:03.000000;dfa5662b-8349-400d-a6d0-24bfdb8d40bf;383.07;0.05;UNKNOWN
2016-01-23T12:51:19.000000;2016-01-23T12:51:19.000000;ac98535b-9ab6-45b8-90f3-a59a4db73098;383.06;2.5;UNKNOWN
2016-01-23T12:51:37.000000;2016-01-23T12:51:37.000000;eace92cf-7293-4066-a639-64c1c3c21a77;383.06;2.61769826;UNKNOWN
2016-01-23T12:51:37.000000;2016-01-23T12:51:37.000000;7e2a7e94-6307-4d22-8305-7bb89f483d4e;383.06;2.61780105;UNKNOWN
2016-01-23T12:51:37.000000;2016-01-23T12:51:37.000000;577a300b-783e-4fe7-a92a-9828f9ec14e5;383.06;6.4496;UNKNOWN
2016-01-23T12:51:37.000000;2016-01-23T12:51:37.000000;396c782f-fec1-4aab-8ca2-8dbc2ef2674d;383.07;2.61626006;UNKNOWN
2016-01-23T12:51:37.000000;2016-01-23T12:51:37.000000;9de5f461-e741-4408-89c0-bb89412b00b5;383.08;2.61828084;UNKNOWN
2016-01-23T12:51:37.000000;2016-01-23T12:51:37.000000;de7d5a0a-a401-4837-82f6-a925952bb869;383.49;17.3734835;UNKNOWN
2016-01-23T12:51:37.000000;2016-01-23T12:51:37.000000;2d3b122c-a126-4580-9eb6-b52cb8d4a872;383.08;2.61900085;UNKNOWN
2016-01-23T12:51:37.000000;2016-01-23T12:51:37.000000;df23a252-9ca9-46f0-b406-9e1496ce7eb0;383.08;2.61828084;UNKNOWN
2016-01-23T12:51:37.000000;2016-01-23T12:51:37.000000;160a6343-c79e-4c0d-b9ef-4eeb911e4ecc;383.06;2.61632851;UNKNOWN
2016-01-23T12:51:37.000000;2016-01-23T12:51:37.000000;144512c5-76f5-416e-b583-92059553b223;383.06;2.61769826;UNKNOWN
2016-01-23T12:51:37.000000;2016-01-23T12:51:37.000000;b6960704-5b16-49a3-b1e0-0f59671213cb;383.06;2.61776678;UNKNOWN
2016-01-23T12:51:37.000000;2016-01-23T12:51:37.000000;9c368a39-4309-42a9-aadf-e5a80adc76b1;383.06;2.61780105;UNKNOWN
2016-01-23T12:51:43.000000;2016-01-23T12:51:43.000000;acb5752b-e2c7-4353-99fb-20340108ff3b;383.06;2.0;UNKNOWN
2016-01-23T12:51:52.000000;2016-01-23T12:51:52.000000;72e481e4-0f8d-44ab-a92b-701b855c306e;383.0;5.28;UNKNOWN
2016-01-23T12:51:52.000000;2016-01-23T12:51:52.000000;28008e07-7e5d-487f-9374-57e89851bc78;383.01;12.72;UNKNOWN
2016-01-23T12:52:19.000000;2016-01-23T12:52:19.000000;5f643d54-6fe9-41b4-a4bb-85a5462af8a3;383.0;8.27;UNKNOWN
2016-01-23T12:52:19.000000;2016-01-23T12:52:19.000000;12eb7aa9-9b5b-41f4-aa12-038bea0e8f71;383.0;7.482;UNKNOWN
2016-01-23T12:52:26.000000;2016-01-23T12:52:26.000000;2de4e9b1-4225-4395-83b0-d274c2b0cf7a;383.01;1.0;UNKNOWN
2016-01-23T12:52:27.000000;2016-01-23T12:52:27.000000;8704032f-aceb-45b5-98f1-e1679343c659;383.01;0.02;UNKNOWN
2016-01-23T12:52:30.000000;2016-01-23T12:52:30.000000;ce8e562a-cd45-44f7-be62-29c726f1b566;383.0;5.062;UNKNOWN
2016-01-23T12:52:30.000000;2016-01-23T12:52:30.000000;ec6b14f2-d1c8-433b-a5b1-5838440809ec;383.0;4.58;UNKNOWN
2016-01-23T12:52:32.000000;2016-01-23T12:52:32.000000;018daa23-9952-419a-9256-ce5642b755cc;383.0;2.0;UNKNOWN
2016-01-23T12:52:32.000000;2016-01-23T12:52:32.000000;5aa4b3b8-d83a-4f67-9789-eb3f064210dd;383.0;30.40080562;UNKNOWN
2016-01-23T12:52:48.000000;2016-01-23T12:52:48.000000;ee4d7ad6-ca4f-4318-991e-739fce96e6a2;382.8;0.02;UNKNOWN
2016-01-23T12:52:48.000000;2016-01-23T12:52:48.000000;9a695cf5-48a4-4521-bf28-0ad169d27c31;382.96;0.05;UNKNOWN
2016-01-23T12:52:48.000000;2016-01-23T12:52:48.000000;54adefac-897b-441d-9a4b-d73086227628;382.43;0.03;UNKNOWN
2016-01-23T12:52:58.000000;2016-01-23T12:52:58.000000;28b07537-a470-4bc3-a69f-4509794e5529;382.45;0.5;UNKNOWN
2016-01-23T12:52:59.000000;2016-01-23T12:52:59.000000;e4df30b6-457f-4c75-bbd0-a6716dc7d7ca;382.45;0.35;UNKNOWN
2016-01-23T12:53:04.000000;2016-01-23T12:53:04.000000;e80082c5-8180-4bcd-9a9a-d138ba6a5ea1;382.45;2.64611867;UNKNOWN
2016-01-23T12:53:13.000000;2016-01-23T12:53:13.000000;df44f955-3ef2-4ece-9178-d978de58bed4;382.45;1.0;UNKNOWN
2016-01-23T12:53:56.000000;2016-01-23T12:53:56.000000;fa5c4851-674b-4a25-8fcb-80647d300a85;382.44;0.02;UNKNOWN
2016-01-23T12:54:17.000000;2016-01-23T12:54:17.000000;bb4f5125-06ff-4314-81bb-f779af989bda;382.37;0.5;UNKNOWN
2016-01-23T12:54:17.000000;2016-01-23T12:54:17.000000;09ade11b-a9b0-43f0-9824-03f4211d6a67;382.43;0.22;UNKNOWN
2016-01-23T12:54:17.000000;2016-01-23T12:54:17.000000;69951b0a-d939-41be-b39a-160a8026e94f;382.31;2.487787;UNKNOWN
2016-01-23T12:54:17.000000;2016-01-23T12:54:17.000000;604989b1-70a9-4a07-a5da-9ca70482879b;382.36;2.0;UNKNOWN
2016-01-23T12:54:39.000000;2016-01-23T12:54:39.000000;62c0dbfc-d0e0-4447-b410-27ddbeaf84f0;382.42;1.0;UNKNOWN
2016-01-23T12:54:49.000000;2016-01-23T12:54:49.000000;d633ec4d-51ad-4628-8d08-3e737a5c3700;382.42;1.0;UNKNOWN
2016-01-23T12:54:52.000000;2016-01-23T12:54:52.000000;94ac0f6f-9f32-4271-a031-639c44d4c81e;382.42;0.5;UNKNOWN
2016-01-23T12:55:09.000000;2016-01-23T12:55:09.000000;ecb5d8f7-2719-422c-809a-768a4d7857c4;382.42;1.87996987;UNKNOWN
2016-01-23T12:55:09.000000;2016-01-23T12:55:09.000000;4b178074-0884-4e09-82c0-97e242cdbb86;382.42;0.12003013;UNKNOWN
2016-01-23T12:55:11.000000;2016-01-23T12:55:11.000000;588ada07-f4c3-4097-a559-fe8f0bbafa28;382.42;1.26186041;UNKNOWN
2016-01-23T12:55:11.000000;2016-01-23T12:55:11.000000;94b53a28-7ea3-44af-923e-0a5a76a0be7c;382.42;0.73813959;UNKNOWN
2016-01-23T12:55:14.000000;2016-01-23T12:55:14.000000;122d171f-af43-4042-896e-76d2506b2eb3;382.42;1.35580359;UNKNOWN
2016-01-23T12:55:14.000000;2016-01-23T12:55:14.000000;655bc055-f24d-446b-b357-6dfaf195996f;382.42;0.14419641;UNKNOWN
2016-01-23T12:55:18.000000;2016-01-23T12:55:18.000000;49eab4b1-06fa-4044-9111-f61721a752e5;382.42;2.61903515;UNKNOWN
2016-01-23T12:55:18.000000;2016-01-23T12:55:18.000000;567a8c2d-b1ce-45b0-8419-f2d285341116;382.42;2.61937816;UNKNOWN
2016-01-23T12:55:18.000000;2016-01-23T12:55:18.000000;74a37c8d-9525-4de9-8977-3b7f99ec56a0;382.86;1.81060726;UNKNOWN
2016-01-23T12:55:18.000000;2016-01-23T12:55:18.000000;7a3c866d-2dc5-4561-b08c-f3831349cd9f;382.42;2.61906944;UNKNOWN
2016-01-23T12:55:18.000000;2016-01-23T12:55:18.000000;aeca0201-bd96-4aad-8602-9589ed291ad8;382.42;2.61937816;UNKNOWN
2016-01-23T12:55:18.000000;2016-01-23T12:55:18.000000;da0a6d0b-780c-4949-b192-0b7b40eb6b0b;382.42;2.47442724;UNKNOWN
2016-01-23T12:55:18.000000;2016-01-23T12:55:18.000000;7fb1376c-1cf6-4f27-9ec5-e440aac76b10;382.42;2.61910374;UNKNOWN
2016-01-23T12:55:18.000000;2016-01-23T12:55:18.000000;6298b46f-a096-440c-8028-1ac93f098201;382.42;2.61900085;UNKNOWN
2016-01-23T12:55:18.000000;2016-01-23T12:55:18.000000;8251f490-9219-471e-a74d-ed891ac7f642;382.42;2.0;UNKNOWN
2016-01-23T12:55:22.000000;2016-01-23T12:55:22.000000;887c29d6-91a0-46b6-8e92-06ff5a1fbe6f;382.41;0.25;UNKNOWN
2016-01-23T12:55:27.000000;2016-01-23T12:55:27.000000;8a970f27-bbf1-4416-8170-ceeb8476ebca;382.42;0.6195497;UNKNOWN
2016-01-23T12:55:29.000000;2016-01-23T12:55:29.000000;0d4048f4-381c-4c0d-bd1e-cb9005190180;383.08;2.394212;UNKNOWN
2016-01-23T12:55:29.000000;2016-01-23T12:55:29.000000;6761b243-c2f0-4ccb-a1e6-6c8d20dd08f8;382.9;0.105788;UNKNOWN
2016-01-23T12:55:37.000000;2016-01-23T12:55:37.000000;44698a28-46f0-4b55-8e42-1b5f3a6d5e1e;382.9;2.61649965;UNKNOWN
2016-01-23T12:55:37.000000;2016-01-23T12:55:37.000000;3706a486-e57a-42c1-8a46-626cb972f7d9;383.29;2.56510035;UNKNOWN
2016-01-23T12:55:39.000000;2016-01-23T12:55:39.000000;331fbb58-6abb-46f9-bb11-5a1f14c4c827;382.9;2.0;UNKNOWN
2016-01-23T12:55:44.000000;2016-01-23T12:55:44.000000;f7459c9c-5ce4-47c2-87ae-3d771115facf;382.9;0.61622583;UNKNOWN
2016-01-23T12:55:44.000000;2016-01-23T12:55:44.000000;19129a1c-d6de-4f25-9367-9f821b7113d2;382.9;2.61605473;UNKNOWN
2016-01-23T12:55:44.000000;2016-01-23T12:55:44.000000;479ed78e-6182-4be8-a39c-bd555b38bf6f;383.48;19.9145;UNKNOWN
2016-01-23T12:55:44.000000;2016-01-23T12:55:44.000000;16f9339b-a86d-4033-8fde-fd6c6a54fc7f;383.49;10.4068;UNKNOWN
2016-01-23T12:55:44.000000;2016-01-23T12:55:44.000000;b54562fc-d56e-4265-9b51-eba5032c29cd;383.5;3.65247197;UNKNOWN
2016-01-23T12:55:51.000000;2016-01-23T12:55:51.000000;a70bdab0-9dfb-4e26-8b4a-6d375aa9d48d;382.9;2.004;UNKNOWN
2016-01-23T12:55:59.000000;2016-01-23T12:55:59.000000;06ee1a29-9109-4499-8174-11c6a3566b2d;382.9;0.49925591;UNKNOWN
2016-01-23T12:56:02.000000;2016-01-23T12:56:02.000000;f83ca71c-149f-40e9-8773-a8736d8f348c;382.9;1.8874749;UNKNOWN
2016-01-23T12:56:02.000000;2016-01-23T12:56:02.000000;f777ea47-7dd1-4925-9ded-837724ee13e5;382.9;0.1125251;UNKNOWN
2016-01-23T12:56:04.000000;2016-01-23T12:56:04.000000;52fe22a5-546d-4d6f-9498-e0309841f57c;382.9;0.1;UNKNOWN
2016-01-23T12:56:33.000000;2016-01-23T12:56:33.000000;3dfbac94-d6f4-49c6-b382-e9656ab33092;382.91;0.025;UNKNOWN
2016-01-23T12:56:33.000000;2016-01-23T12:56:33.000000;16ea83fb-775b-4ee3-9a40-393a5d4f16dd;382.9;2.61697896;UNKNOWN
2016-01-23T12:56:33.000000;2016-01-23T12:56:33.000000;5ac7437a-08f6-45ae-9261-932ca95dd94f;382.91;1.72981756;UNKNOWN
2016-01-23T12:56:33.000000;2016-01-23T12:56:33.000000;98989c34-4967-4695-82c0-e5bb1ae029cd;382.9;0.62820348;UNKNOWN
2016-01-23T12:57:04.000000;2016-01-23T12:57:04.000000;ac1eeb4c-b1f2-4e9a-879a-f26e75b47ab3;382.79;0.31440906;UNKNOWN
2016-01-23T12:57:51.000000;2016-01-23T12:57:51.000000;dba35a2a-43b3-4dd1-b75d-8be223154201;383.05;0.2;UNKNOWN
2016-01-23T12:57:53.000000;2016-01-23T12:57:53.000000;e64633f9-7db7-4ce0-a4c3-f80e400ce8ad;383.01;10.0;UNKNOWN
2016-01-23T12:57:53.000000;2016-01-23T12:57:53.000000;31a033c9-cf45-46a2-8ac7-713ddd14de29;383.06;6.4504;UNKNOWN
2016-01-23T12:57:53.000000;2016-01-23T12:57:53.000000;4f1bce22-4b7d-4f45-a03d-de1139b5bc78;382.63;13.5496;UNKNOWN
2016-01-23T12:58:49.000000;2016-01-23T12:58:49.000000;8208d598-9b7a-423d-be63-be21faed04ae;383.15;0.43;UNKNOWN
2016-01-23T12:58:49.000000;2016-01-23T12:58:49.000000;abb5e137-5e82-4983-ab28-71f9f60c5e0c;383.1;0.07;UNKNOWN
2016-01-23T12:59:03.000000;2016-01-23T12:59:03.000000;b1771e09-38e7-4c30-8fa3-e4f94b205cf3;383.09;6.0;UNKNOWN
2016-01-23T12:59:15.000000;2016-01-23T12:59:15.000000;8d390cc5-6ba0-4f2e-9abb-35d6daea70f6;383.09;1.2;UNKNOWN
2016-01-23T12:59:22.000000;2016-01-23T12:59:22.000000;c1682bf6-dded-4641-baa2-a2f1742d86cf;383.1;1.5;UNKNOWN
2016-01-23T12:59:24.000000;2016-01-23T12:59:24.000000;0140cf33-e837-427f-af86-2f5e4ec02044;383.09;2.61745845;UNKNOWN
2016-01-23T13:00:01.000000;2016-01-23T13:00:01.000000;4923fd35-8c3b-473b-96d5-e97cefad49db;383.1;0.5;UNKNOWN
2016-01-23T13:00:01.000000;2016-01-23T13:00:01.000000;9210bc79-96b5-4da0-85f3-a37fa33a9ca6;383.09;8.5;UNKNOWN
2016-01-23T13:00:01.000000;2016-01-23T13:00:01.000000;4fe4b378-2e67-45c0-bb3b-a03d0aea0278;383.1;3.0;UNKNOWN
2016-01-23T13:00:04.000000;2016-01-23T13:00:04.000000;b4ee10fe-c1eb-4b2c-a5a3-a1d5afd46d16;383.21;1.0;UNKNOWN
2016-01-23T13:00:22.000000;2016-01-23T13:00:22.000000;9a72a49c-83db-41ab-9c2e-0e2e64eb0023;383.22;0.09;UNKNOWN
2016-01-23T13:01:26.000000;2016-01-23T13:01:26.000000;b43ae8ef-c54a-4988-bc00-a2279d5c1174;383.25;0.7288;UNKNOWN
2016-01-23T13:01:28.000000;2016-01-23T13:01:28.000000;c5781e37-0575-43e0-bcf5-1bc30b25bb2b;383.25;1.88742583;UNKNOWN
2016-01-23T13:01:55.000000;2016-01-23T13:01:55.000000;4865453d-b31a-4f1d-8e0d-f9010428b9f2;383.49;2.51;UNKNOWN
2016-01-23T13:02:03.000000;2016-01-23T13:02:03.000000;54b3147a-9d62-4563-8b1d-95f37cb8a537;383.77;2.4559034;UNKNOWN
2016-01-23T13:02:03.000000;2016-01-23T13:02:03.000000;a03faa24-efce-4080-9b01-3514d1801363;383.61;2.61543894;UNKNOWN
2016-01-23T13:02:03.000000;2016-01-23T13:02:03.000000;93976e34-c6df-498c-bef3-06ee7308f44a;383.75;2.61540473;UNKNOWN
2016-01-23T13:02:03.000000;2016-01-23T13:02:03.000000;c1624ef1-f51e-457b-b3a4-7d43fc1d29b9;383.75;2.61725293;UNKNOWN
2016-01-23T13:02:13.000000;2016-01-23T13:02:13.000000;5dec38cb-37ee-4f68-b55a-9958666f8039;383.43;0.46049938;UNKNOWN
2016-01-23T13:02:27.000000;2016-01-23T13:02:27.000000;c7333a76-d446-4204-9aeb-e419cd5cb398;383.75;0.1;UNKNOWN
2016-01-23T13:03:08.000000;2016-01-23T13:03:08.000000;2f009754-c6ad-4d78-a249-a228b8135aec;382.79;1.985413;UNKNOWN
2016-01-23T13:03:08.000000;2016-01-23T13:03:08.000000;6844b4c9-e368-4857-a248-97179d8905db;383.35;0.014587;UNKNOWN
2016-01-23T13:03:33.000000;2016-01-23T13:03:33.000000;66b7e379-416e-4dd5-bf26-03acff85e8fe;382.67;0.9413;UNKNOWN
2016-01-23T13:03:57.000000;2016-01-23T13:03:57.000000;94e720ca-37cb-4215-8447-cbe7caac3bdd;382.93;1.0109;UNKNOWN
2016-01-23T13:04:45.000000;2016-01-23T13:04:45.000000;1c08613f-c895-4c97-aec5-3449a1a84f1c;382.32;0.015008;UNKNOWN
2016-01-23T13:04:45.000000;2016-01-23T13:04:45.000000;8115b163-23f2-4a0f-9c47-683eeaee6155;382.32;1.988992;UNKNOWN
2016-01-23T13:04:49.000000;2016-01-23T13:04:49.000000;e1aadd85-f34c-4bbc-83e9-3133c0668119;382.3;0.25194214;UNKNOWN
2016-01-23T13:04:49.000000;2016-01-23T13:04:49.000000;81017f63-d54e-49b6-94b0-8a00798575ec;382.3;12.24805786;UNKNOWN
2016-01-23T13:04:52.000000;2016-01-23T13:04:52.000000;071c8b92-e4c9-4bb5-bb72-c7171d047c54;382.26;1.0;UNKNOWN
2016-01-23T13:04:52.000000;2016-01-23T13:04:52.000000;9e11e3c1-a7df-4541-8b61-e9d5a37b56bb;382.3;0.25194214;UNKNOWN
2016-01-23T13:04:52.000000;2016-01-23T13:04:52.000000;8a2b0572-26fd-4cd3-9cbe-fd8187abae46;381.61;0.25;UNKNOWN
2016-01-23T13:04:52.000000;2016-01-23T13:04:52.000000;8fa2504a-0bce-4996-a0b0-42b78f02077e;381.58;0.05;UNKNOWN
2016-01-23T13:04:52.000000;2016-01-23T13:04:52.000000;2abc8b49-fa3b-4429-916c-2c478f6753cd;382.2;2.5;UNKNOWN
2016-01-23T13:04:52.000000;2016-01-23T13:04:52.000000;e75233a6-614b-475e-a7e8-0c5c5ed575c9;382.2;0.02;UNKNOWN
2016-01-23T13:04:52.000000;2016-01-23T13:04:52.000000;de8ac407-b1af-49d8-80a4-05e0c6d252a1;381.58;0.05;UNKNOWN
2016-01-23T13:04:52.000000;2016-01-23T13:04:52.000000;35ff8fa0-1b78-4df0-a094-d1eece2b2bbb;381.55;2.62078545;UNKNOWN
2016-01-23T13:04:52.000000;2016-01-23T13:04:52.000000;747ecbab-b325-4cba-b82e-92c28a50e370;382.0;2.0;UNKNOWN
2016-01-23T13:04:52.000000;2016-01-23T13:04:52.000000;b5fda587-1625-45d9-91b7-4b97bfede134;381.48;1.9962166;UNKNOWN
2016-01-23T13:04:52.000000;2016-01-23T13:04:52.000000;0c399227-b5d0-4945-92ed-e622b76e7236;382.1;0.01;UNKNOWN
2016-01-23T13:04:52.000000;2016-01-23T13:04:52.000000;6b6b538a-ec36-41da-b6dd-88099c0c1d4d;381.71;2.62054507;UNKNOWN
2016-01-23T13:04:52.000000;2016-01-23T13:04:52.000000;5229ad60-ac53-45ae-a022-11b8be4fba5e;382.0;0.25;UNKNOWN
2016-01-23T13:04:52.000000;2016-01-23T13:04:52.000000;63549a8c-ad0c-46fa-91ed-55d04f0ce798;381.76;0.05;UNKNOWN
2016-01-23T13:04:52.000000;2016-01-23T13:04:52.000000;2d396f54-944c-4014-b31c-bc690c20faf0;382.16;0.5;UNKNOWN
2016-01-23T13:04:52.000000;2016-01-23T13:04:52.000000;7f5320ae-9e28-4da6-8379-7262e1552fad;382.02;0.05;UNKNOWN
2016-01-23T13:04:52.000000;2016-01-23T13:04:52.000000;c4b74e4e-2a18-461b-b151-44c18c28a7fb;382.0;3.1;UNKNOWN
2016-01-23T13:04:52.000000;2016-01-23T13:04:52.000000;fb195232-55eb-43e6-9929-a887c9f67e96;381.83;2.62051074;UNKNOWN
2016-01-23T13:04:52.000000;2016-01-23T13:04:52.000000;405154af-0342-4c58-9c13-252f61ee79a1;382.0;0.01;UNKNOWN
2016-01-23T13:04:52.000000;2016-01-23T13:04:52.000000;27d9a8cf-964b-43a1-b226-79799bc77102;381.85;0.05;UNKNOWN
2016-01-23T13:04:59.000000;2016-01-23T13:04:59.000000;6c4f9818-47cc-4f46-a637-d848efba3f3c;381.47;6.4678;UNKNOWN
2016-01-23T13:04:59.000000;2016-01-23T13:04:59.000000;96be92fd-f491-4694-9687-8413937a0963;381.46;2.3593;UNKNOWN
2016-01-23T13:04:59.000000;2016-01-23T13:04:59.000000;95c570c9-b9b1-4b7a-9cd1-6eaa0a9ce211;381.7;0.1729;UNKNOWN
2016-01-23T13:05:09.000000;2016-01-23T13:05:09.000000;6c39b924-895d-4f02-b8f6-26994aedc8e3;381.46;0.26454551;UNKNOWN
2016-01-23T13:05:09.000000;2016-01-23T13:05:09.000000;c5556247-944b-432c-b006-8fb8d30d6171;381.44;1.73545449;UNKNOWN
2016-01-23T13:05:13.000000;2016-01-23T13:05:13.000000;2e354a57-b162-452a-a48b-590e8b0ede83;381.89;5.0;UNKNOWN
2016-01-23T13:05:21.000000;2016-01-23T13:05:21.000000;a4425f38-5acc-4a83-ac28-ad184d2774dd;381.44;0.88533096;UNKNOWN
2016-01-23T13:05:21.000000;2016-01-23T13:05:21.000000;ba9b48e0-ebd3-482d-a7b5-dd0c48d07385;381.45;6.5427;UNKNOWN
2016-01-23T13:05:21.000000;2016-01-23T13:05:21.000000;f978d771-9ce3-44bc-afc6-594d77a4b431;381.35;0.07196904;UNKNOWN
2016-01-23T13:05:28.000000;2016-01-23T13:05:28.000000;fe1d3bed-69d3-4650-af5b-3e6949720d09;381.16;2.62;UNKNOWN
2016-01-23T13:05:28.000000;2016-01-23T13:05:28.000000;918dbafd-5fd8-4075-b338-218fcc2e34dc;381.24;2.61725293;UNKNOWN
2016-01-23T13:05:28.000000;2016-01-23T13:05:28.000000;0741aa01-562a-4e5b-916e-a3e9f36f852f;381.15;2.61725293;UNKNOWN
2016-01-23T13:05:28.000000;2016-01-23T13:05:28.000000;b477c983-419a-4273-a6f3-4001aa21ca57;381.35;0.22803096;UNKNOWN
2016-01-23T13:05:28.000000;2016-01-23T13:05:28.000000;fe42f432-748e-4b34-a37b-e71502916ff1;381.1;0.01;UNKNOWN
2016-01-23T13:05:28.000000;2016-01-23T13:05:28.000000;3e5a17e6-2190-4bb2-a741-929f8c49bcdc;381.16;1.0;UNKNOWN
2016-01-23T13:05:28.000000;2016-01-23T13:05:28.000000;20e60df7-efc7-4da6-a813-6390c1925dc7;381.01;2.99;UNKNOWN
2016-01-23T13:05:28.000000;2016-01-23T13:05:28.000000;92d475b0-b2d0-42b4-b6b7-3be9fbffa54e;381.06;2.61725293;UNKNOWN
2016-01-23T13:05:28.000000;2016-01-23T13:05:28.000000;2086c30e-b5b9-4522-874e-886f54970a38;381.0;0.01;UNKNOWN
2016-01-23T13:05:28.000000;2016-01-23T13:05:28.000000;3503aa08-84c4-4567-8426-8634ed4e1abf;381.07;2.62;UNKNOWN
2016-01-23T13:05:28.000000;2016-01-23T13:05:28.000000;8956f0de-fffe-498b-a139-3deaa7c8469e;381.0;2.67021025;UNKNOWN
2016-01-23T13:05:44.000000;2016-01-23T13:05:44.000000;33cbce02-1be1-4f40-8b28-4ae06e80fe27;381.02;1.0;UNKNOWN
2016-01-23T13:05:50.000000;2016-01-23T13:05:50.000000;3c5b4790-2df3-4391-bfdb-23276de6e283;381.02;0.5;UNKNOWN
2016-01-23T13:05:54.000000;2016-01-23T13:05:54.000000;871c013c-b278-4dc0-ac96-fbabedd0e8d3;381.03;0.25649598;UNKNOWN
2016-01-23T13:06:00.000000;2016-01-23T13:06:00.000000;183b7b44-2126-48cc-9edb-05d736d07bdb;381.03;0.61760623;UNKNOWN
2016-01-23T13:06:03.000000;2016-01-23T13:06:03.000000;fcab9745-5897-4d19-bcab-e9c4a5b86cf3;381.03;0.05;UNKNOWN
2016-01-23T13:06:04.000000;2016-01-23T13:06:04.000000;ef77030d-6dc3-48cb-8705-2cc75e75e749;381.02;0.3;UNKNOWN
2016-01-23T13:06:04.000000;2016-01-23T13:06:04.000000;66a69eff-9304-420b-8379-bc71054a63d1;381.02;0.01897037;UNKNOWN
2016-01-23T13:06:09.000000;2016-01-23T13:06:09.000000;1dbda9b1-fd0c-4511-9655-da77cdfbb756;381.0;0.28;UNKNOWN
2016-01-23T13:06:09.000000;2016-01-23T13:06:09.000000;6ca44ed5-c7e6-49d5-b860-ad0eec27d76f;381.01;0.57;UNKNOWN
2016-01-23T13:06:09.000000;2016-01-23T13:06:09.000000;c0d63853-df16-4ca2-a9f1-f1fec2e6f4ae;381.02;1.15;UNKNOWN
2016-01-23T13:06:15.000000;2016-01-23T13:06:15.000000;5723c625-b62a-4e7d-90c4-3ff09003db80;380.27;11.41975265;UNKNOWN
2016-01-23T13:06:15.000000;2016-01-23T13:06:15.000000;1d3f0f19-1d36-4851-b7b5-10e32f605c79;381.0;0.41975265;UNKNOWN
2016-01-23T13:06:15.000000;2016-01-23T13:06:15.000000;62ba9838-5040-4f44-bd2d-21000140271d;381.0;3.58024735;UNKNOWN
2016-01-23T13:06:15.000000;2016-01-23T13:06:15.000000;aa0c5659-ebbf-4921-8e39-290ae12a88ea;380.27;0.848;UNKNOWN
2016-01-23T13:06:15.000000;2016-01-23T13:06:15.000000;5be17789-4040-4f6a-8e71-4252263d6b71;381.0;0.04978975;UNKNOWN
2016-01-23T13:06:15.000000;2016-01-23T13:06:15.000000;630cfaaf-3f4b-4fbe-9d65-b1bbcc7cfbdd;380.99;0.4;UNKNOWN
2016-01-23T13:06:15.000000;2016-01-23T13:06:15.000000;62769a00-0dd2-492c-8360-7b87aeb4a4f5;380.61;0.25;UNKNOWN
2016-01-23T13:06:15.000000;2016-01-23T13:06:15.000000;f5b18106-4274-49de-9cdd-74b281aa82b8;380.8;0.5;UNKNOWN
2016-01-23T13:06:15.000000;2016-01-23T13:06:15.000000;21ff6ca7-420c-4bf2-af6d-6596e5f7a801;381.0;0.2578;UNKNOWN
2016-01-23T13:06:16.000000;2016-01-23T13:06:16.000000;169b85d4-42f7-4cdf-9574-d6a718e58fff;380.26;4.70187627;UNKNOWN
2016-01-23T13:06:16.000000;2016-01-23T13:06:16.000000;313501f4-080a-460b-a7a1-8bc49f4b1098;380.28;5.4;UNKNOWN
2016-01-23T13:06:21.000000;2016-01-23T13:06:21.000000;f114095b-4e3a-49ca-ac49-9c71b8653031;380.27;6.5627;UNKNOWN
2016-01-23T13:06:21.000000;2016-01-23T13:06:21.000000;7c0bd523-5f91-4e01-a613-17e3bf68b575;380.26;3.4373;UNKNOWN
2016-01-23T13:06:50.000000;2016-01-23T13:06:50.000000;f8b044b6-e00e-42f2-88de-97f1b1a19d89;380.95;1.94197;UNKNOWN
2016-01-23T13:06:54.000000;2016-01-23T13:06:54.000000;5939f769-bb31-4731-840c-9e1ee2ea3d38;380.25;1.98408;UNKNOWN
2016-01-23T13:06:55.000000;2016-01-23T13:06:55.000000;c14b7d84-b965-4620-8c36-e9aef88f59e7;380.3;0.1;UNKNOWN
2016-01-23T13:06:56.000000;2016-01-23T13:06:56.000000;5c76c018-9462-4684-bd9d-7d592e2597a3;380.3;1.8;UNKNOWN
2016-01-23T13:07:03.000000;2016-01-23T13:07:03.000000;79819448-e23b-4a07-971d-ff1d47aa63fe;380.94;0.05;UNKNOWN
2016-01-23T13:07:43.000000;2016-01-23T13:07:43.000000;c195b92e-2429-4d72-b644-32cddd85d6a5;380.51;4.2;UNKNOWN
2016-01-23T13:08:02.000000;2016-01-23T13:08:02.000000;7161bf6b-cab1-4d9c-b228-9492d390542d;380.5;0.94826799;UNKNOWN
2016-01-23T13:08:02.000000;2016-01-23T13:08:02.000000;e291bd11-e43f-4fc4-887f-d10cd60941d9;380.49;0.05173201;UNKNOWN
2016-01-23T13:08:17.000000;2016-01-23T13:08:17.000000;44bd3146-3c67-464a-8c6d-0ad795e03f7f;380.48;1.0;UNKNOWN
2016-01-23T13:08:24.000000;2016-01-23T13:08:24.000000;574326f0-2ec8-4ac8-8d02-239ffb93408a;380.48;1.1666;UNKNOWN
2016-01-23T13:08:57.000000;2016-01-23T13:08:57.000000;7913b628-53e9-4004-a677-900713888f8d;380.47;1.0;UNKNOWN
2016-01-23T13:08:59.000000;2016-01-23T13:08:59.000000;25943ef2-62ae-4a15-8d3b-28abb41b6a65;380.47;4.0;UNKNOWN
2016-01-23T13:09:08.000000;2016-01-23T13:09:08.000000;c4e7b39c-7a67-4b6b-b6ad-a60b3ee0f793;380.3;0.12660081;UNKNOWN
2016-01-23T13:09:18.000000;2016-01-23T13:09:18.000000;82021255-eda0-4ab0-94e4-532092e57150;380.3;13.37051491;UNKNOWN
2016-01-23T13:09:20.000000;2016-01-23T13:09:20.000000;bb14333b-d423-43e1-96f7-d099b9448b9e;380.29;0.06438867;UNKNOWN
2016-01-23T13:09:21.000000;2016-01-23T13:09:21.000000;810d0cf7-c728-49cc-a3be-9d91fdfb3187;380.29;0.06432422;UNKNOWN
2016-01-23T13:09:32.000000;2016-01-23T13:09:32.000000;ed7066c1-5cd1-462b-bdb7-e4bba356b8fa;380.26;0.1;UNKNOWN
2016-01-23T13:09:33.000000;2016-01-23T13:09:33.000000;39f35d69-7d29-4dc4-9bb4-805bc273de47;380.26;4.9;UNKNOWN
2016-01-23T13:09:33.000000;2016-01-23T13:09:33.000000;3c1517de-3de7-4e4b-86a7-29d9d14c20f1;380.25;0.1;UNKNOWN
2016-01-23T13:09:34.000000;2016-01-23T13:09:34.000000;3ed092dd-938b-46de-bf11-bb0920535a93;380.25;0.9;UNKNOWN
2016-01-23T13:09:34.000000;2016-01-23T13:09:34.000000;8b4f8008-4f61-496a-82e1-e0fd01b56d58;380.23;2.7964115;UNKNOWN
2016-01-23T13:09:36.000000;2016-01-23T13:09:36.000000;ff867c44-a640-40cd-a895-73116cd18ea1;380.23;37.13164043;UNKNOWN
2016-01-23T13:09:41.000000;2016-01-23T13:09:41.000000;6556b4e5-6e6e-47ca-be99-524c8d247cbb;380.23;0.1;UNKNOWN
2016-01-23T13:09:45.000000;2016-01-23T13:09:45.000000;589ed4e5-bd52-45df-9c7b-b2f6a31cac48;380.14;0.05;UNKNOWN
2016-01-23T13:09:45.000000;2016-01-23T13:09:45.000000;bc773500-e1fa-4a5e-b8f3-69198984acd2;380.0;0.505;UNKNOWN
2016-01-23T13:09:45.000000;2016-01-23T13:09:45.000000;ecb44b6e-32d2-421f-baab-aeca2d797c89;380.22;0.25;UNKNOWN
2016-01-23T13:09:45.000000;2016-01-23T13:09:45.000000;3595d7c4-5981-4c76-8766-23312ad0570e;380.1;0.05;UNKNOWN
2016-01-23T13:09:45.000000;2016-01-23T13:09:45.000000;a6efb39f-11bf-45d8-9798-97e41af860fa;380.02;0.05;UNKNOWN
2016-01-23T13:09:45.000000;2016-01-23T13:09:45.000000;785f48fd-631c-4243-bf72-1107d3678115;380.0;1.495;UNKNOWN
2016-01-23T13:09:45.000000;2016-01-23T13:09:45.000000;2b78b4c0-c9b2-42f3-89e4-7b2f23a4902b;380.13;0.1;UNKNOWN
2016-01-23T13:09:48.000000;2016-01-23T13:09:48.000000;a53a9c0d-10bc-4a2d-8f73-cee01e865abb;380.0;0.1713;UNKNOWN
2016-01-23T13:09:48.000000;2016-01-23T13:09:48.000000;94ee0c9a-d631-4b19-b4d8-e0073865915a;380.0;0.01;UNKNOWN
2016-01-23T13:09:48.000000;2016-01-23T13:09:48.000000;3e1bafb5-aba2-4caa-ba54-36f8527fdf99;380.0;0.505;UNKNOWN
2016-01-23T13:09:48.000000;2016-01-23T13:09:48.000000;334c1ac0-6de1-47c2-84f3-691f658fd952;380.0;0.02;UNKNOWN
2016-01-23T13:09:48.000000;2016-01-23T13:09:48.000000;22fb200f-fe25-4fd9-8b32-c6eed1d25969;380.0;1.6142;UNKNOWN
2016-01-23T13:09:48.000000;2016-01-23T13:09:48.000000;340fd9db-ea1a-4823-9410-0b3ffb162100;380.0;0.25;UNKNOWN
2016-01-23T13:09:48.000000;2016-01-23T13:09:48.000000;39f09323-450f-49e2-ad8e-f3cb87ac0414;380.0;0.3;UNKNOWN
2016-01-23T13:09:48.000000;2016-01-23T13:09:48.000000;5390fdbf-87cb-4956-a02d-37c8a9a549f7;380.0;0.1092;UNKNOWN
2016-01-23T13:09:48.000000;2016-01-23T13:09:48.000000;b22a2372-43fe-41f3-9de7-7135de0d212e;380.0;1.3858;UNKNOWN
2016-01-23T13:09:53.000000;2016-01-23T13:09:53.000000;559c9330-b8a0-4747-b970-819c01bed843;380.0;1.3161715;UNKNOWN
2016-01-23T13:10:04.000000;2016-01-23T13:10:04.000000;85ba8546-97f4-4394-b9e3-f5ab54aa88d8;380.0;2.0;UNKNOWN
2016-01-23T13:10:06.000000;2016-01-23T13:10:06.000000;90a0a145-1e0a-4abd-b70a-5da11b400e86;380.0;2.0;UNKNOWN
2016-01-23T13:10:09.000000;2016-01-23T13:10:09.000000;37572a11-1def-4257-a4d8-2cc0062e7a24;380.0;4.0;UNKNOWN
2016-01-23T13:10:09.000000;2016-01-23T13:10:09.000000;0bebba08-e0a4-4cb7-a6e6-b7fdeadae4a9;380.0;4.1231285;UNKNOWN
2016-01-23T13:10:09.000000;2016-01-23T13:10:09.000000;28f27183-ea51-4c64-9d58-d85ba15ded98;380.0;1.8268715;UNKNOWN
2016-01-23T13:10:09.000000;2016-01-23T13:10:09.000000;ba171aca-c94f-48e8-9843-dc95e1e6abbc;380.0;0.05;UNKNOWN
2016-01-23T13:10:19.000000;2016-01-23T13:10:19.000000;4ab948f7-a60f-45bb-9cba-92b8b3797054;380.0;1.8268715;UNKNOWN
2016-01-23T13:10:19.000000;2016-01-23T13:10:19.000000;3f35a08c-9fc8-4feb-a8bf-390503a64355;380.0;8.1731285;UNKNOWN
2016-01-23T13:10:20.000000;2016-01-23T13:10:20.000000;ce60640c-580b-4106-833a-466653402a41;380.0;5.1712368;UNKNOWN
2016-01-23T13:10:25.000000;2016-01-23T13:10:25.000000;de45ae84-2ce2-4369-8e87-e35eaba788e1;380.0;1.0018917;UNKNOWN
2016-01-23T13:10:29.000000;2016-01-23T13:10:29.000000;2181d164-f3c0-4361-88f4-d3f50066658b;379.86;6.5788;UNKNOWN
2016-01-23T13:10:29.000000;2016-01-23T13:10:29.000000;ec5fcbd9-6815-4486-897d-c3ca741f4ad4;379.85;0.8010683;UNKNOWN
2016-01-23T13:11:04.000000;2016-01-23T13:11:04.000000;bb585cbf-7630-4c2b-a36f-af0ccf6a4906;379.92;0.05;UNKNOWN
2016-01-23T13:11:18.000000;2016-01-23T13:11:18.000000;538271ec-0644-46e5-8a0d-96966c11c4e9;379.91;0.5;UNKNOWN
2016-01-23T13:11:18.000000;2016-01-23T13:11:18.000000;27f95af6-c7a9-48e4-95a4-31ba7ab3cd79;379.91;0.5;UNKNOWN
2016-01-23T13:11:26.000000;2016-01-23T13:11:26.000000;808bac46-c715-44da-bf68-0102de279843;379.91;0.1;UNKNOWN
2016-01-23T13:11:26.000000;2016-01-23T13:11:26.000000;53fdd7bc-e564-47a8-b2a0-4e4440c2dcea;379.91;0.1;UNKNOWN
2016-01-23T13:11:32.000000;2016-01-23T13:11:32.000000;9e9d2750-e03d-4b45-8a3b-49a9bc77efb0;379.92;0.06402256;UNKNOWN
2016-01-23T13:11:34.000000;2016-01-23T13:11:34.000000;e03d60fd-ab01-4de1-b2ff-498454eddaa3;380.0;1.0;UNKNOWN
2016-01-23T13:11:35.000000;2016-01-23T13:11:35.000000;c381dcd2-fb41-4fcf-adf6-e5680ffab41e;380.0;0.0018917;UNKNOWN
2016-01-23T13:11:35.000000;2016-01-23T13:11:35.000000;a7e319f5-792e-4282-9972-c23862c57c96;380.0;0.9981083;UNKNOWN
2016-01-23T13:11:36.000000;2016-01-23T13:11:36.000000;04c7295e-9243-433f-8035-db38ea45619d;379.92;0.17;UNKNOWN
2016-01-23T13:11:46.000000;2016-01-23T13:11:46.000000;22967389-d3cc-4031-9654-26fb572fbbec;380.0;1.4;UNKNOWN
2016-01-23T13:11:48.000000;2016-01-23T13:11:48.000000;890f0076-776d-4ad4-a67e-1b14da4ec034;380.0;0.1018917;UNKNOWN
2016-01-23T13:11:50.000000;2016-01-23T13:11:50.000000;fda1f963-b1d4-47e9-8fd4-c63d290f8db2;380.0;0.8981083;UNKNOWN
2016-01-23T13:11:54.000000;2016-01-23T13:11:54.000000;d55dd4d1-73d3-4caa-b144-f2b5748fe54d;379.99;3.0;UNKNOWN
2016-01-23T13:11:57.000000;2016-01-23T13:11:57.000000;4ccf5b41-0cef-4c99-981f-c42a19fc289f;380.0;0.01276129;UNKNOWN
2016-01-23T13:12:00.000000;2016-01-23T13:12:00.000000;5515fd62-2c3d-4715-8c41-3b02c9c6741d;380.0;1.72824472;UNKNOWN
2016-01-23T13:12:00.000000;2016-01-23T13:12:00.000000;b6cfce3e-78fd-490a-a952-aa5612b0420b;380.02;0.63260614;UNKNOWN
2016-01-23T13:12:00.000000;2016-01-23T13:12:00.000000;ce385b2d-9bd6-44d0-b5e8-d65ae71fc3e6;380.01;2.63914914;UNKNOWN
2016-01-23T13:12:06.000000;2016-01-23T13:12:06.000000;1e7c0463-2619-4c4f-8057-e72383af852c;380.01;2.63834839;UNKNOWN
2016-01-23T13:12:11.000000;2016-01-23T13:12:11.000000;4a30d7aa-7e17-41e7-8ec4-19b1dd095d0c;380.27;0.48108119;UNKNOWN
2016-01-23T13:12:11.000000;2016-01-23T13:12:11.000000;21b2de95-3714-4c62-86f5-fa7df8c3e8c2;380.26;0.010738;UNKNOWN
2016-01-23T13:12:11.000000;2016-01-23T13:12:11.000000;189fcdb7-77b7-4a28-a9bd-bbf7cd9de915;380.02;2.00818081;UNKNOWN
2016-01-23T13:12:13.000000;2016-01-23T13:12:13.000000;57bc5b7c-ab5d-4ba5-931a-cfb6775503b7;380.48;0.5;UNKNOWN
2016-01-23T13:12:18.000000;2016-01-23T13:12:18.000000;9067dc18-a6c2-4c80-a97d-aa181312d30c;380.48;0.025;UNKNOWN
2016-01-23T13:12:20.000000;2016-01-23T13:12:20.000000;1de1a87f-af98-412f-9194-084878c102a8;380.47;0.025;UNKNOWN
2016-01-23T13:12:22.000000;2016-01-23T13:12:22.000000;326e4083-5946-450b-9ffb-ba363c4bc4e9;380.47;0.005722;UNKNOWN
2016-01-23T13:12:22.000000;2016-01-23T13:12:22.000000;2a3fc5d0-5018-43c1-841f-ea437e0e6c1a;380.48;1.794278;UNKNOWN
2016-01-23T13:12:25.000000;2016-01-23T13:12:25.000000;5e115f87-795f-4ef6-abef-6fc8d988f85f;380.48;2.58141678;UNKNOWN
2016-01-23T13:12:25.000000;2016-01-23T13:12:25.000000;32ec5fe3-4867-4bb1-b30f-e658fb3151b1;380.48;0.31858322;UNKNOWN
2016-01-23T13:12:28.000000;2016-01-23T13:12:28.000000;aa6078d5-bc89-4a9d-9220-fe0946522470;380.48;0.05623571;UNKNOWN
2016-01-23T13:12:28.000000;2016-01-23T13:12:28.000000;e6a03df7-21c9-4e8b-a1fc-a7a4a3a0332c;380.48;2.63768727;UNKNOWN
2016-01-23T13:12:40.000000;2016-01-23T13:12:40.000000;66dbbe90-e1b3-43b1-9550-aa834a60b725;380.61;1.0;UNKNOWN
2016-01-23T13:12:44.000000;2016-01-23T13:12:44.000000;21b375f9-b826-4fed-9765-01f23421f33b;380.61;1.63758292;UNKNOWN
2016-01-23T13:13:38.000000;2016-01-23T13:13:38.000000;0d5a26a4-807f-42d9-adf0-a450df4c9514;380.61;1.73281708;UNKNOWN
2016-01-23T13:13:54.000000;2016-01-23T13:13:54.000000;486d0867-f8e4-4bc0-8822-3197e4efdcd3;380.61;1.0546;UNKNOWN
2016-01-23T13:13:59.000000;2016-01-23T13:13:59.000000;7a70b6d0-dabb-4f19-8d0b-c2e7d590130f;380.61;1.0546;UNKNOWN
2016-01-23T13:14:04.000000;2016-01-23T13:14:04.000000;40fe9cc0-0b8e-4e06-a9c3-fb2aeee17c30;380.61;1.0503;UNKNOWN
2016-01-23T13:14:08.000000;2016-01-23T13:14:08.000000;9c400d09-047a-4ee0-9421-47e659b62356;380.61;1.0414;UNKNOWN
2016-01-23T13:14:26.000000;2016-01-23T13:14:26.000000;ac13a294-da41-439f-808b-64e73710787e;380.5;0.5;UNKNOWN
2016-01-23T13:14:26.000000;2016-01-23T13:14:26.000000;6fa00795-f28c-49c7-a2a8-446fc358ae6d;380.51;0.5;UNKNOWN
2016-01-23T13:14:44.000000;2016-01-23T13:14:44.000000;5992e684-9cd3-4eef-b4b5-f3dc93c3e0c5;380.61;21.37688881;UNKNOWN
2016-01-23T13:14:49.000000;2016-01-23T13:14:49.000000;0e558cab-d161-4b7a-a700-cdf625f3f558;381.39;18.9671;UNKNOWN
2016-01-23T13:14:49.000000;2016-01-23T13:14:49.000000;4caff5a0-5ad4-4250-88e9-23561672bc68;381.49;9.35488512;UNKNOWN
2016-01-23T13:14:49.000000;2016-01-23T13:14:49.000000;59f7036c-bd56-4328-bf4c-4efd99120c26;381.49;2.63699172;UNKNOWN
2016-01-23T13:14:49.000000;2016-01-23T13:14:49.000000;0ecbfa6e-2979-4e71-b241-1e1830b9c79d;381.1;2.0;UNKNOWN
2016-01-23T13:14:49.000000;2016-01-23T13:14:49.000000;df95132d-036a-4dac-9151-df16453fdd58;381.4;3.0;UNKNOWN
2016-01-23T13:14:49.000000;2016-01-23T13:14:49.000000;37c9a39c-62c8-45fd-9590-692581618614;381.0;1.0;UNKNOWN
2016-01-23T13:14:49.000000;2016-01-23T13:14:49.000000;c4758535-f6b8-4945-b036-505325087e62;380.61;8.29792316;UNKNOWN
2016-01-23T13:14:49.000000;2016-01-23T13:14:49.000000;8dd2897f-b08d-4b7c-a4cc-45e06b237e2c;380.91;6.5431;UNKNOWN
2016-01-23T13:14:49.000000;2016-01-23T13:14:49.000000;4f9903fe-5ab0-41e4-9fc6-416289b494ea;380.92;8.2;UNKNOWN
2016-01-23T13:14:52.000000;2016-01-23T13:14:52.000000;9324ba4d-a1eb-44ab-8269-f90910e7dc96;381.96;1.90914625;UNKNOWN
2016-01-23T13:14:52.000000;2016-01-23T13:14:52.000000;187c5443-fa8c-4bad-9305-54c971faa4a4;381.92;2.63692218;UNKNOWN
2016-01-23T13:14:52.000000;2016-01-23T13:14:52.000000;9ecfd8dc-f643-4922-9ead-a786f7f3f86f;381.6;5.0;UNKNOWN
2016-01-23T13:14:52.000000;2016-01-23T13:14:52.000000;799d033e-8b88-4bb5-b7d5-93fb370408df;381.8;2.63144045;UNKNOWN
2016-01-23T13:14:52.000000;2016-01-23T13:14:52.000000;86394b12-82da-44d2-8de1-95d5bd3a6fe0;381.77;2.63647029;UNKNOWN
2016-01-23T13:14:52.000000;2016-01-23T13:14:52.000000;b7be137a-4e22-4351-9a35-06816efd999b;381.7;3.0;UNKNOWN
2016-01-23T13:14:55.000000;2016-01-23T13:14:55.000000;e1f416e8-3911-45fb-bace-796959972424;381.96;0.7222942;UNKNOWN
2016-01-23T13:14:55.000000;2016-01-23T13:14:55.000000;3d3fef9f-3c99-4d01-b6a1-a8db44740313;382.0;0.2777058;UNKNOWN
2016-01-23T13:14:57.000000;2016-01-23T13:14:57.000000;0a88e6fd-d2b1-4e90-b2b1-2d99bd59677b;381.99;5.1396077;UNKNOWN
2016-01-23T13:14:58.000000;2016-01-23T13:14:58.000000;87078d14-1d1f-419e-8dcd-a10aafa81768;382.02;10.0;UNKNOWN
2016-01-23T13:15:01.000000;2016-01-23T13:15:01.000000;40cce1c6-9ee8-4c34-a973-0b108daad5f2;382.02;0.75;UNKNOWN
2016-01-23T13:15:01.000000;2016-01-23T13:15:01.000000;80acc594-60fb-4359-8e7f-53a96df9a955;381.13;0.017086;UNKNOWN
2016-01-23T13:15:02.000000;2016-01-23T13:15:02.000000;57ab5edb-0eeb-459c-9e63-f87819f6824c;382.0;0.020573;UNKNOWN
2016-01-23T13:15:04.000000;2016-01-23T13:15:04.000000;6490bd56-970e-46b2-83c2-b47019651ac0;382.02;0.3;UNKNOWN
2016-01-23T13:15:04.000000;2016-01-23T13:15:04.000000;dc596550-2b57-4351-b3d7-1ed5444ea215;382.02;0.3;UNKNOWN
2016-01-23T13:15:15.000000;2016-01-23T13:15:15.000000;c03ec76f-1610-4e63-ad4c-f854ceb93f81;382.02;4.0699;UNKNOWN
2016-01-23T13:15:18.000000;2016-01-23T13:15:18.000000;e0666208-5f48-413c-bd18-4ed78cd92037;382.02;1.0201;UNKNOWN
2016-01-23T13:15:29.000000;2016-01-23T13:15:29.000000;b0f90eca-b4f4-413d-8b67-1713c69565df;382.02;3.9799;UNKNOWN
2016-01-23T13:15:29.000000;2016-01-23T13:15:29.000000;3548e03b-fa89-4ff1-b30f-7dd37a589c33;382.0;4.0201;UNKNOWN
2016-01-23T13:15:33.000000;2016-01-23T13:15:33.000000;252fac75-c140-4d66-a37d-78afeb7d7c69;382.15;2.63702649;UNKNOWN
2016-01-23T13:15:33.000000;2016-01-23T13:15:33.000000;12e8e1cb-5078-467a-abf7-f0fdc7363f72;382.15;0.05;UNKNOWN
2016-01-23T13:15:33.000000;2016-01-23T13:15:33.000000;56b7dd5b-addb-41f1-8beb-35da3f25f209;382.02;0.3;UNKNOWN
2016-01-23T13:15:33.000000;2016-01-23T13:15:33.000000;c6d2de1f-33ff-46d7-8e15-b8f1faac8e72;382.03;0.05;UNKNOWN
2016-01-23T13:15:33.000000;2016-01-23T13:15:33.000000;9ba7e767-7436-4208-a7db-7b7330c11f30;382.14;6.4468;UNKNOWN
2016-01-23T13:15:33.000000;2016-01-23T13:15:33.000000;c32e0588-5926-4f09-b155-13fe5e41f1f0;382.24;0.16617351;UNKNOWN
2016-01-23T13:15:33.000000;2016-01-23T13:15:33.000000;ccc18d8b-b3b5-43a6-b800-9125e538b711;382.11;0.05;UNKNOWN
2016-01-23T13:15:33.000000;2016-01-23T13:15:33.000000;140798f9-fabe-42c9-9685-bb424b1e4d8b;382.02;0.3;UNKNOWN
2016-01-23T13:15:42.000000;2016-01-23T13:15:42.000000;99b928b9-68c5-43a6-8ab9-cc7df2c57c8b;382.26;8.0;UNKNOWN
2016-01-23T13:16:07.000000;2016-01-23T13:16:07.000000;f1780f72-ecd6-4e70-85c3-d8224899726c;381.76;0.5;UNKNOWN
2016-01-23T13:16:10.000000;2016-01-23T13:16:10.000000;5ce13b43-3891-4a85-adb4-2478f351318b;382.05;3.0;UNKNOWN
2016-01-23T13:16:19.000000;2016-01-23T13:16:19.000000;72003234-c2a8-4cfd-a1cb-cb1cfb9a3af3;381.76;1.0;UNKNOWN
2016-01-23T13:16:20.000000;2016-01-23T13:16:20.000000;6e3bffdc-b951-4864-b4ac-ae9b774bf542;381.29;0.0449;UNKNOWN
2016-01-23T13:16:20.000000;2016-01-23T13:16:20.000000;a1bd479f-ffd3-41b6-ab6c-1f1ffec2d4f3;381.76;4.9551;UNKNOWN
2016-01-23T13:16:20.000000;2016-01-23T13:16:20.000000;b0c4e248-8bb4-4632-a2ee-504bd4781471;381.75;5.0;UNKNOWN
2016-01-23T13:17:13.000000;2016-01-23T13:17:13.000000;1824a8d7-816f-43ea-9696-afbb0b2154c8;381.8;0.08;UNKNOWN
2016-01-23T13:17:13.000000;2016-01-23T13:17:13.000000;dcc08de0-5f2f-42df-8b71-e1a9a79645ce;381.8;0.02;UNKNOWN
2016-01-23T13:17:16.000000;2016-01-23T13:17:16.000000;9558f693-1fe8-4b1c-b88c-5eea4f2d4ac1;381.84;6.4929;UNKNOWN
2016-01-23T13:17:16.000000;2016-01-23T13:17:16.000000;9d4ec262-5da1-4455-bb3a-2ef585f178ef;381.8;0.28;UNKNOWN
2016-01-23T13:17:16.000000;2016-01-23T13:17:16.000000;c456aa33-bd56-4f33-9fb1-6aea1ea0acdc;382.0;17.4522;UNKNOWN
2016-01-23T13:17:16.000000;2016-01-23T13:17:16.000000;917764c9-463d-4f70-bf49-3a60cc0461d4;381.8;0.3;UNKNOWN
2016-01-23T13:17:16.000000;2016-01-23T13:17:16.000000;2bd33199-afda-45e6-ac96-70e3cd30dfbd;382.12;26.24427622;UNKNOWN
2016-01-23T13:17:16.000000;2016-01-23T13:17:16.000000;3963a976-db26-47d8-83a4-8579955eb41c;382.04;17.879;UNKNOWN
2016-01-23T13:17:16.000000;2016-01-23T13:17:16.000000;cc0e77f9-bedd-411f-9547-0b6d4d94431e;382.0;2.0;UNKNOWN
2016-01-23T13:17:16.000000;2016-01-23T13:17:16.000000;e4d96df4-98c6-4072-85a1-44c637723642;382.26;11.3222;UNKNOWN
2016-01-23T13:17:16.000000;2016-01-23T13:17:16.000000;f834b34a-e08a-440a-a5a0-6e6a7841e79a;382.3;8.0;UNKNOWN
2016-01-23T13:17:16.000000;2016-01-23T13:17:16.000000;f9063386-1aa4-45f8-9c68-d119d7ab7b20;382.39;5.28300792;UNKNOWN
2016-01-23T13:18:04.000000;2016-01-23T13:18:04.000000;1f184fb1-9265-4f7d-9837-53e0466cc194;381.95;0.08409525;UNKNOWN
2016-01-23T13:18:16.000000;2016-01-23T13:18:16.000000;634b3391-00fb-4281-b9ce-93a0e5e2a5b9;382.19;0.01;UNKNOWN
2016-01-23T13:18:16.000000;2016-01-23T13:18:16.000000;86335dce-f874-476b-85c1-db2df59a6933;382.19;0.01;UNKNOWN
2016-01-23T13:18:16.000000;2016-01-23T13:18:16.000000;4219b8ee-1299-484d-95be-6099067858e8;382.19;0.07;UNKNOWN
2016-01-23T13:18:16.000000;2016-01-23T13:18:16.000000;1bcf5b34-310a-4684-8cb6-0c841da74196;382.19;0.01;UNKNOWN
2016-01-23T13:18:32.000000;2016-01-23T13:18:32.000000;b0a6cd45-9250-4c79-9089-d37f6c2cdae2;382.19;0.16;UNKNOWN
2016-01-23T13:18:32.000000;2016-01-23T13:18:32.000000;69210da7-d11a-4fbc-8755-370165d14a27;382.19;0.06;UNKNOWN
2016-01-23T13:18:32.000000;2016-01-23T13:18:32.000000;7ae84cc0-1173-4598-afae-1636570917e4;382.19;0.024;UNKNOWN
2016-01-23T13:18:32.000000;2016-01-23T13:18:32.000000;a17fbddf-98a5-4b81-8737-519305e9fdb0;382.26;3.756;UNKNOWN
2016-01-23T13:18:32.000000;2016-01-23T13:18:32.000000;4baafccd-1094-4540-9c0e-30d11a5b0d2b;382.2;1.0;UNKNOWN
2016-01-23T13:19:11.000000;2016-01-23T13:19:11.000000;4e33ef37-873b-4d8d-b03d-bdc4739545bc;382.9;0.1;UNKNOWN
2016-01-23T13:19:37.000000;2016-01-23T13:19:37.000000;f7f33e2d-3b9f-46c2-a32c-e1340a59e328;382.9;0.01;UNKNOWN
2016-01-23T13:19:37.000000;2016-01-23T13:19:37.000000;e153a3f4-cbcf-4611-9ac8-14e16250c2ed;382.85;0.09;UNKNOWN
2016-01-23T13:19:45.000000;2016-01-23T13:19:45.000000;618b0215-c1bd-4db6-b36e-81a5a20f628f;382.49;1.0;UNKNOWN
2016-01-23T13:19:52.000000;2016-01-23T13:19:52.000000;6d7b52c0-a072-40ad-9897-674eff315ac1;382.89;0.06;UNKNOWN
2016-01-23T13:20:26.000000;2016-01-23T13:20:26.000000;78cea07d-ebf8-44fb-b913-422c48bac8a7;382.79;0.24;UNKNOWN
2016-01-23T13:20:26.000000;2016-01-23T13:20:26.000000;1adaed15-83f5-43c3-a507-bd4a8cf1e48a;382.8;3.0195;UNKNOWN
2016-01-23T13:21:26.000000;2016-01-23T13:21:26.000000;43cf6a41-f9f8-4498-a100-35ecd7a7e97c;382.76;0.032595;UNKNOWN
2016-01-23T13:22:16.000000;2016-01-23T13:22:16.000000;e44f8155-95f7-420b-8edc-d23950050aad;382.76;0.267405;UNKNOWN
2016-01-23T13:22:16.000000;2016-01-23T13:22:16.000000;6746d876-0855-4060-8c73-e899a6ec5572;382.8;0.216495;UNKNOWN
2016-01-23T13:22:16.000000;2016-01-23T13:22:16.000000;11cce59f-de19-45f1-addb-852d6db671fa;382.77;0.06;UNKNOWN
2016-01-23T13:22:33.000000;2016-01-23T13:22:33.000000;7d347adc-f408-4e07-b395-0e2c16b10a90;382.62;6.0;UNKNOWN
2016-01-23T13:22:33.000000;2016-01-23T13:22:33.000000;f8958b82-a06f-49fe-9944-a0ee6262d908;382.62;0.5;UNKNOWN
2016-01-23T13:22:33.000000;2016-01-23T13:22:33.000000;e7bc47bf-29ce-4e71-8bd2-a687e793b406;382.61;3.5;UNKNOWN
2016-01-23T13:22:58.000000;2016-01-23T13:22:58.000000;c56b0ea1-d640-484f-b074-6f4d8ebba992;382.8;0.1;UNKNOWN
2016-01-23T13:22:59.000000;2016-01-23T13:22:59.000000;d1ba1f1d-fdb7-4177-9bc7-d93d4bff943a;382.9;1.89;UNKNOWN
2016-01-23T13:22:59.000000;2016-01-23T13:22:59.000000;7bc8eed8-f3d9-4f0a-84a0-17139b84a700;383.0;5.25134308;UNKNOWN
2016-01-23T13:22:59.000000;2016-01-23T13:22:59.000000;1a8cf520-68ed-4618-a66e-c2a76fbd9e66;382.8;29.664005;UNKNOWN
2016-01-23T13:23:05.000000;2016-01-23T13:23:05.000000;af23fe12-a101-4cc3-b1ef-35e4e8e5d2e1;383.0;94.74865692;UNKNOWN
2016-01-23T13:23:05.000000;2016-01-23T13:23:05.000000;7f899555-6ed0-4d5b-803a-fdfc7c1e8c9f;383.0;2.0;UNKNOWN
2016-01-23T13:23:15.000000;2016-01-23T13:23:15.000000;7975eb51-eb99-4847-96af-af54af5d0021;383.26;0.1;UNKNOWN
2016-01-23T13:23:26.000000;2016-01-23T13:23:26.000000;839e9b53-1f4c-416d-a432-bcaf02f08a3d;383.26;2.38;UNKNOWN
2016-01-23T13:23:30.000000;2016-01-23T13:23:30.000000;18be86a4-68e4-457b-a851-77d74d019be6;383.5;8.0;UNKNOWN
2016-01-23T13:23:50.000000;2016-01-23T13:23:50.000000;49de74c4-93d4-4740-9430-6e968aa13192;383.44;0.87;UNKNOWN
2016-01-23T13:23:50.000000;2016-01-23T13:23:50.000000;887f40f5-6332-4bb9-b5c3-8609ae11428f;383.43;0.13;UNKNOWN
2016-01-23T13:24:52.000000;2016-01-23T13:24:52.000000;534853fc-d0b2-4619-9d36-83d1829c89e7;383.77;0.05;UNKNOWN
2016-01-23T13:24:52.000000;2016-01-23T13:24:52.000000;22e1443a-aa52-47cb-a4ca-a5beaabefb67;383.89;0.05;UNKNOWN
2016-01-23T13:24:52.000000;2016-01-23T13:24:52.000000;b8fdcc73-2294-4904-8d40-5370e567b311;383.93;9.524;UNKNOWN
2016-01-23T13:24:52.000000;2016-01-23T13:24:52.000000;cc911140-c3ba-46a4-a627-9ba281ed5ac9;383.4;33.0;UNKNOWN
2016-01-23T13:24:52.000000;2016-01-23T13:24:52.000000;22b9178d-ae26-4a48-a8b7-4e3293db612c;383.39;1.0;UNKNOWN
2016-01-23T13:24:52.000000;2016-01-23T13:24:52.000000;95923ca1-137d-4109-9062-5c108fd2e52f;383.5;5.0;UNKNOWN
2016-01-23T13:24:52.000000;2016-01-23T13:24:52.000000;fcb3db02-346c-4a9d-8b0c-084228047942;383.44;0.13;UNKNOWN
2016-01-23T13:24:52.000000;2016-01-23T13:24:52.000000;a293f4bc-6602-4342-817e-1c53e9726210;383.35;0.196;UNKNOWN
2016-01-23T13:24:52.000000;2016-01-23T13:24:52.000000;8498c654-be8a-4776-930f-bc5435e17d14;383.35;1.0;UNKNOWN
2016-01-23T13:24:52.000000;2016-01-23T13:24:52.000000;926dcf60-df49-4914-9b2d-87dfb8d78784;383.86;0.05;UNKNOWN
2016-01-23T13:25:27.000000;2016-01-23T13:25:27.000000;f9521bb9-6086-4fa5-a6d2-f59a81e6a0e5;383.5;1.0;UNKNOWN
2016-01-23T13:26:13.000000;2016-01-23T13:26:13.000000;eb70af2d-d74c-46ca-bf1d-44f8c8645b59;383.58;0.04819278;UNKNOWN
2016-01-23T13:26:15.000000;2016-01-23T13:26:15.000000;aa9d3782-056a-4c9a-b2b2-96552ebc8c18;383.58;0.3;UNKNOWN
2016-01-23T13:26:15.000000;2016-01-23T13:26:15.000000;0776d15a-4f69-4bcb-aabc-5cef0164425d;383.56;1.42319278;UNKNOWN
2016-01-23T13:26:15.000000;2016-01-23T13:26:15.000000;5793b0cd-5b4a-4a8b-ac6d-a3123b54c310;383.57;0.025;UNKNOWN
2016-01-23T13:26:15.000000;2016-01-23T13:26:15.000000;182c78c1-b1c2-48f2-b583-f87590f166ac;383.58;0.25180722;UNKNOWN
2016-01-23T13:26:49.000000;2016-01-23T13:26:49.000000;53158cfc-c5bc-4525-a603-ed1a7cb94c3f;383.9;0.1623;UNKNOWN
2016-01-23T13:26:49.000000;2016-01-23T13:26:49.000000;18d2756d-f02d-492d-8112-353c3df4ee37;383.88;0.17;UNKNOWN
2016-01-23T13:26:49.000000;2016-01-23T13:26:49.000000;e36f8553-0466-4e08-ae71-683d97272fc3;383.89;0.5;UNKNOWN
2016-01-23T13:26:49.000000;2016-01-23T13:26:49.000000;9d782a32-5521-40c1-a076-84342db7a9ea;383.88;0.3;UNKNOWN
2016-01-23T13:26:49.000000;2016-01-23T13:26:49.000000;accd46b3-f248-4215-af8e-7d8a3266c6fe;383.88;0.02;UNKNOWN
2016-01-23T13:26:49.000000;2016-01-23T13:26:49.000000;8f8dc76e-f731-4793-b363-b6ad6925e7b2;383.88;0.15;UNKNOWN
2016-01-23T13:27:04.000000;2016-01-23T13:27:04.000000;071a9583-e891-4684-a568-3ad03a44919b;383.55;0.30173498;UNKNOWN
2016-01-23T13:27:07.000000;2016-01-23T13:27:07.000000;107b024d-cd56-4028-b989-463d9ef12ae7;383.55;6.19046502;UNKNOWN
2016-01-23T13:27:07.000000;2016-01-23T13:27:07.000000;cb1040e4-a766-492d-8725-303b27e3a076;383.54;2.6;UNKNOWN
2016-01-23T13:27:07.000000;2016-01-23T13:27:07.000000;e9b1d2f8-e083-4453-91cc-6d07a7e71ca8;383.52;1.20953498;UNKNOWN
2016-01-23T13:27:37.000000;2016-01-23T13:27:37.000000;51417ee8-8149-49ce-aaec-3a86ca23812d;383.53;1.0;UNKNOWN
2016-01-23T13:27:57.000000;2016-01-23T13:27:57.000000;55b5e308-8130-4ef5-8ef9-3160a0b8e263;383.52;0.5;UNKNOWN
2016-01-23T13:28:24.000000;2016-01-23T13:28:24.000000;7361dc06-83c3-43e0-8eec-0d6394926ca2;383.7;6.4964;UNKNOWN
2016-01-23T13:28:24.000000;2016-01-23T13:28:24.000000;5ce3c150-fcef-4ac6-8944-7bcef7015c65;383.7;0.07;UNKNOWN
2016-01-23T13:28:24.000000;2016-01-23T13:28:24.000000;98c5734f-6707-41bd-805f-f84c3f8613bd;383.7;0.3;UNKNOWN
2016-01-23T13:28:24.000000;2016-01-23T13:28:24.000000;c5953de4-cc0c-4c1a-b06f-e91b8733ce5c;383.7;0.3;UNKNOWN
2016-01-23T13:28:28.000000;2016-01-23T13:28:28.000000;99c030d6-b268-42d3-8bce-1fbeb976244f;383.71;2.0;UNKNOWN
2016-01-23T13:28:39.000000;2016-01-23T13:28:39.000000;a5f6e352-6109-4038-a932-f0a1eb857e3e;383.71;2.0;UNKNOWN
2016-01-23T13:28:39.000000;2016-01-23T13:28:39.000000;c974c2de-0d2e-4d5f-b15f-4e5e82c34836;383.71;0.3;UNKNOWN
2016-01-23T13:28:39.000000;2016-01-23T13:28:39.000000;f686d0be-c8ec-45e0-96d3-ce7ddd2ca004;383.71;0.3;UNKNOWN
2016-01-23T13:29:37.000000;2016-01-23T13:29:37.000000;901818bc-1ea3-459b-92e1-db531b5993da;383.7;0.3;UNKNOWN
2016-01-23T13:29:39.000000;2016-01-23T13:29:39.000000;438cdc97-ac8c-4672-aa94-e10162ab8f90;383.7;0.3;UNKNOWN
2016-01-23T13:29:39.000000;2016-01-23T13:29:39.000000;5d027181-923a-49b9-8ba6-ffa968ae7e16;383.71;10.7;UNKNOWN
2016-01-23T13:29:40.000000;2016-01-23T13:29:40.000000;a64a2d58-2423-415e-85ac-05a07736440e;383.7;5.0;UNKNOWN
2016-01-23T13:29:41.000000;2016-01-23T13:29:41.000000;afbbff18-bd19-4b88-9019-8e2bcb9c2582;383.7;0.05;UNKNOWN
2016-01-23T13:29:41.000000;2016-01-23T13:29:41.000000;7c86925c-e224-4cd5-b4cc-27d21f476616;383.7;0.25;UNKNOWN
2016-01-23T13:29:44.000000;2016-01-23T13:29:44.000000;2b7d60f3-48d2-48ae-9e05-6598d8c6780e;383.7;0.25;UNKNOWN
2016-01-23T13:29:45.000000;2016-01-23T13:29:45.000000;9d3b20ee-66c2-4360-a844-97bb3a216c80;383.7;0.05;UNKNOWN
2016-01-23T13:29:47.000000;2016-01-23T13:29:47.000000;137b350a-b797-4ce9-ac94-7b6f83f6eb5b;383.7;0.3;UNKNOWN
2016-01-23T13:29:49.000000;2016-01-23T13:29:49.000000;7b889e7f-b381-448e-8b97-ca9b9596af9e;383.7;0.3;UNKNOWN
2016-01-23T13:29:51.000000;2016-01-23T13:29:51.000000;de2fda77-a652-40a9-9cc7-778666b5571b;383.7;0.3;UNKNOWN
2016-01-23T13:29:52.000000;2016-01-23T13:29:52.000000;94626ac2-7a71-4f4e-ade1-a2cfe6f23383;383.7;0.3;UNKNOWN
2016-01-23T13:29:54.000000;2016-01-23T13:29:54.000000;cc9d1d3f-7b02-4d22-8016-40571a0953bc;383.7;0.3;UNKNOWN
2016-01-23T13:30:08.000000;2016-01-23T13:30:08.000000;6c8815cf-0df9-4a1d-8807-ac7f069912c5;383.7;1.0;UNKNOWN
2016-01-23T13:30:12.000000;2016-01-23T13:30:12.000000;d7788cf1-e6dd-4b1f-8a86-cbc8979ce7b8;383.71;8.0;UNKNOWN
2016-01-23T13:30:13.000000;2016-01-23T13:30:13.000000;03ee8e25-e50d-447f-96ce-5ae672fc475e;383.72;32.366;UNKNOWN
2016-01-23T13:30:13.000000;2016-01-23T13:30:13.000000;387661ad-8d06-4591-889d-e3ca8cb2e225;383.72;5.0;UNKNOWN
2016-01-23T13:30:13.000000;2016-01-23T13:30:13.000000;dc77e298-3eb3-4447-a400-0e8c8582a2b4;383.71;1.334;UNKNOWN
2016-01-23T13:30:13.000000;2016-01-23T13:30:13.000000;78941b55-a282-4e48-bbd8-24cd2dfb75ad;383.72;2.5;UNKNOWN
2016-01-23T13:31:04.000000;2016-01-23T13:31:04.000000;1be1e079-ba12-4804-824e-154b436f0e6b;383.74;0.05;UNKNOWN
2016-01-23T13:32:06.000000;2016-01-23T13:32:06.000000;746d2aea-8c68-4644-8643-41ef0232b3ec;383.3;6.0;UNKNOWN
2016-01-23T13:33:05.000000;2016-01-23T13:33:05.000000;17af17f8-eccf-4eef-9896-ce6f48d4814f;383.31;1.533272;UNKNOWN
2016-01-23T13:33:40.000000;2016-01-23T13:33:40.000000;7aa3d64b-ca7a-4db4-b082-fb6e65e8303b;383.3;39.7;UNKNOWN
2016-01-23T13:33:40.000000;2016-01-23T13:33:40.000000;95236318-9667-4d53-9c1e-d35e9d6eb19a;383.31;0.3;UNKNOWN
2016-01-23T13:33:52.000000;2016-01-23T13:33:52.000000;23e854d5-08d8-42e0-9838-5c8d9b81541b;383.3;0.1;UNKNOWN
2016-01-23T13:33:53.000000;2016-01-23T13:33:53.000000;8a2f7ab1-6c93-4ae5-ae73-1896c6e4be97;383.3;2.0;UNKNOWN
2016-01-23T13:33:54.000000;2016-01-23T13:33:54.000000;0c9369e7-3023-472d-ade5-7b17bd0a3910;383.3;2.0;UNKNOWN
2016-01-23T13:33:55.000000;2016-01-23T13:33:55.000000;605b61ad-21bb-4545-9705-abecea4162c1;383.3;1.0;UNKNOWN
2016-01-23T13:33:59.000000;2016-01-23T13:33:59.000000;942db54e-3ba4-4e5d-947a-38c40aa2dd44;383.28;12.6;UNKNOWN
2016-01-23T13:33:59.000000;2016-01-23T13:33:59.000000;de56691a-ba1e-4789-9efb-74936d9fef5c;383.3;1.2;UNKNOWN
2016-01-23T13:34:01.000000;2016-01-23T13:34:01.000000;9788616d-1eb7-4943-b1f1-0a59ee610bf5;383.28;0.1;UNKNOWN
2016-01-23T13:34:02.000000;2016-01-23T13:34:02.000000;f7c1d7ef-4aa1-4800-832d-49b21395926a;383.28;5.0;UNKNOWN
2016-01-23T13:34:05.000000;2016-01-23T13:34:05.000000;be1c75d0-16ac-4a48-8209-c9999c9f28eb;383.28;2.0;UNKNOWN
2016-01-23T13:34:05.000000;2016-01-23T13:34:05.000000;6c835dcc-7b06-4d22-a37b-a7df09cb93f5;383.28;0.9;UNKNOWN
2016-01-23T13:34:05.000000;2016-01-23T13:34:05.000000;15298ce1-0c68-4f22-9c22-28bd8901477d;383.28;2.0;UNKNOWN
2016-01-23T13:34:06.000000;2016-01-23T13:34:06.000000;2e9f08bf-dbac-4401-9a58-25a06ae75fd1;383.28;2.0;UNKNOWN
2016-01-23T13:34:16.000000;2016-01-23T13:34:16.000000;e045d976-2411-454f-a0f0-65a8f531aed2;383.28;5.0;UNKNOWN
2016-01-23T13:34:19.000000;2016-01-23T13:34:19.000000;61a8821c-af7a-475a-83b9-517d39259c5f;383.28;0.1;UNKNOWN
2016-01-23T13:34:23.000000;2016-01-23T13:34:23.000000;6381a724-0681-4134-9132-f3cba33c2336;383.29;0.3;UNKNOWN
2016-01-23T13:34:24.000000;2016-01-23T13:34:24.000000;0417a2a4-aebb-42b7-bcf8-feb57a945fbf;383.29;0.3;UNKNOWN
2016-01-23T13:34:45.000000;2016-01-23T13:34:45.000000;e14d18c6-cce8-46f3-b297-72db5c9563c7;383.28;2.0;UNKNOWN
2016-01-23T13:34:53.000000;2016-01-23T13:34:53.000000;0c3ff28d-6d66-4cf7-8049-1314a63049da;383.28;0.3;UNKNOWN
2016-01-23T13:34:54.000000;2016-01-23T13:34:54.000000;9006dc6e-b953-4a35-b894-2f0e8dcd7f67;383.28;0.1;UNKNOWN
2016-01-23T13:34:57.000000;2016-01-23T13:34:57.000000;ed4fbd44-efa3-4dc8-a656-36239254794c;383.28;0.025;UNKNOWN
2016-01-23T13:35:15.000000;2016-01-23T13:35:15.000000;173b9f17-d773-4256-b16a-1e32ed6cb685;383.28;0.1;UNKNOWN
2016-01-23T13:35:23.000000;2016-01-23T13:35:23.000000;4794b8c9-21b3-4454-b8f0-ba4a49a7d61d;383.28;0.03;UNKNOWN
2016-01-23T13:35:33.000000;2016-01-23T13:35:33.000000;df9dbfd4-d343-4086-83fd-eae42875a0dd;383.28;0.186;UNKNOWN
2016-01-23T13:35:43.000000;2016-01-23T13:35:43.000000;cf027fd0-2712-46d7-a38f-2c5889cd9804;383.29;2.0;UNKNOWN
2016-01-23T13:36:50.000000;2016-01-23T13:36:50.000000;c800ac28-65d1-43e7-8087-7ca1c025db85;383.28;5.0;UNKNOWN
2016-01-23T13:38:04.000000;2016-01-23T13:38:04.000000;207b7146-75c2-4836-acfe-786a8f9b5898;383.28;1.50771747;UNKNOWN
2016-01-23T13:38:25.000000;2016-01-23T13:38:25.000000;fe8c85fd-9d74-4bf3-a63d-e8d133252d11;383.28;0.9;UNKNOWN
2016-01-23T13:38:31.000000;2016-01-23T13:38:31.000000;e05c6abb-93fd-4633-b030-78f943b523f9;383.28;2.0;UNKNOWN
2016-01-23T13:38:32.000000;2016-01-23T13:38:32.000000;dea60ec0-bc7c-4d13-bc7b-f99f2119bea1;383.28;0.4;UNKNOWN
2016-01-23T13:38:33.000000;2016-01-23T13:38:33.000000;c6193d6a-fdff-4f61-a816-5ee8c3daf432;383.28;0.114;UNKNOWN
2016-01-23T13:38:38.000000;2016-01-23T13:38:38.000000;5a674715-72cb-4cee-9525-c4fddd323ee9;383.25;0.46271747;UNKNOWN
2016-01-23T13:38:38.000000;2016-01-23T13:38:38.000000;eae4d2e4-3d2a-42d0-b3c9-617335308e59;383.28;9.63728253;UNKNOWN
2016-01-23T13:38:40.000000;2016-01-23T13:38:40.000000;20342e4b-8bcd-42d1-8863-58c53204aec3;383.25;0.03728253;UNKNOWN
2016-01-23T13:38:52.000000;2016-01-23T13:38:52.000000;a9731ab8-7652-4202-a5d4-67ff14cd629a;382.82;1.0;UNKNOWN
2016-01-23T13:39:05.000000;2016-01-23T13:39:05.000000;b5514c02-b389-4f36-94f8-473714b484d6;382.83;1.2;UNKNOWN
2016-01-23T13:39:06.000000;2016-01-23T13:39:06.000000;d82a7750-10a8-4a11-a796-b77c5219fe3d;382.87;2.09072224;UNKNOWN
2016-01-23T13:39:06.000000;2016-01-23T13:39:06.000000;128f00b6-3f83-4dbc-923e-ce459302df02;382.83;0.093732;UNKNOWN
2016-01-23T13:39:06.000000;2016-01-23T13:39:06.000000;c13ffdee-ec3a-45ee-ab5c-4bdb29a2b38c;382.83;0.121;UNKNOWN
2016-01-23T13:39:06.000000;2016-01-23T13:39:06.000000;6ce826c8-886b-4f0b-8f53-2302a2165814;382.82;0.227969;UNKNOWN
2016-01-23T13:39:07.000000;2016-01-23T13:39:07.000000;acffc260-5a60-4204-9d65-9f531db1b881;383.09;0.07615353;UNKNOWN
2016-01-23T13:39:08.000000;2016-01-23T13:39:08.000000;7ee23e4d-ceae-43d6-8ab9-181f43dfb65e;383.08;0.02661686;UNKNOWN
2016-01-23T13:39:08.000000;2016-01-23T13:39:08.000000;ca81bc94-0ff4-49d5-85c9-55a29223133e;382.82;6.5316;UNKNOWN
2016-01-23T13:39:09.000000;2016-01-23T13:39:09.000000;2787f378-5d6e-48b5-8e41-a08027a32cde;383.08;0.1;UNKNOWN
2016-01-23T13:39:11.000000;2016-01-23T13:39:11.000000;44885101-6dcc-414e-8194-6d80bac1ab3c;382.88;0.08;UNKNOWN
2016-01-23T13:39:29.000000;2016-01-23T13:39:29.000000;c8a91cbe-3590-4a00-8c92-b54ca7ce58d0;382.59;0.032894;UNKNOWN
2016-01-23T13:39:35.000000;2016-01-23T13:39:35.000000;54693885-2dd0-4852-aed0-348707b219ca;382.14;0.025;UNKNOWN
2016-01-23T13:39:44.000000;2016-01-23T13:39:44.000000;8f1abbb9-d51e-4ef0-9fa0-a274625465a6;382.16;0.025;UNKNOWN
2016-01-23T13:40:17.000000;2016-01-23T13:40:17.000000;a9d114eb-720b-4228-a172-70fca3cce82e;382.0;1.29986104;UNKNOWN
2016-01-23T13:41:05.000000;2016-01-23T13:41:05.000000;b52d1642-32c3-47ad-937d-2e004863a9d9;382.07;1.03389917;UNKNOWN
2016-01-23T13:41:05.000000;2016-01-23T13:41:05.000000;7d3d971a-8d6e-45d2-a506-c67582ac7a48;382.07;0.5;UNKNOWN
2016-01-23T13:41:36.000000;2016-01-23T13:41:36.000000;7566b171-f7fa-4734-a7c9-77f3d02c2de5;382.5;0.1;UNKNOWN
2016-01-23T13:41:36.000000;2016-01-23T13:41:36.000000;d83c6add-f03b-4eae-b56c-edcbe72c4c3a;382.6;33.0;UNKNOWN
2016-01-23T13:41:50.000000;2016-01-23T13:41:50.000000;c2d63181-04df-4508-9b45-5505cb54697b;383.08;6.9;UNKNOWN
2016-01-23T13:42:31.000000;2016-01-23T13:42:31.000000;12336c28-8b31-48c2-9773-77102aeac324;383.22;0.025;UNKNOWN
2016-01-23T13:42:47.000000;2016-01-23T13:42:47.000000;c8c710ae-bac3-463b-8408-5830fe125fb7;383.28;1.0;UNKNOWN
2016-01-23T13:42:50.000000;2016-01-23T13:42:50.000000;7e2d3b35-2d75-4a09-8415-e2ff2467384c;383.4;1.0;UNKNOWN
2016-01-23T13:42:50.000000;2016-01-23T13:42:50.000000;9a063144-1b72-4c99-bf23-b4422850b347;383.29;0.3;UNKNOWN
2016-01-23T13:42:50.000000;2016-01-23T13:42:50.000000;66865638-0b2e-4609-aeed-c17908f87370;383.74;0.02;UNKNOWN
2016-01-23T13:42:50.000000;2016-01-23T13:42:50.000000;42f8f23e-a1c9-483c-b735-88605986751e;383.88;12.0;UNKNOWN
2016-01-23T13:42:50.000000;2016-01-23T13:42:50.000000;69769d2a-6ded-4f4e-8210-a5b5d13da42a;383.39;6.4332;UNKNOWN
2016-01-23T13:42:50.000000;2016-01-23T13:42:50.000000;ff91381c-ec6b-4884-a5d6-41aaea2551ec;383.87;18.7612;UNKNOWN
2016-01-23T13:42:50.000000;2016-01-23T13:42:50.000000;2a302bbd-9fd8-4e19-b05c-362c308c63e0;383.89;0.91566083;UNKNOWN
2016-01-23T13:42:50.000000;2016-01-23T13:42:50.000000;0c1ab72c-ee65-4c9f-aa34-d0a96ecdf5b7;383.61;0.050684;UNKNOWN
2016-01-23T13:44:05.000000;2016-01-23T13:44:05.000000;f6b75ef7-4602-45b2-92e0-42594a0f6f0a;383.77;1.27642193;UNKNOWN
2016-01-23T13:44:20.000000;2016-01-23T13:44:20.000000;f5c50f9f-3b25-40ae-b106-ff7b5bddaada;383.77;14.84;UNKNOWN
2016-01-23T13:44:26.000000;2016-01-23T13:44:26.000000;30c1afd1-e06f-4b33-a8dc-117cffb7c9b8;383.77;1.2912;UNKNOWN
2016-01-23T13:44:45.000000;2016-01-23T13:44:45.000000;36125172-4372-416c-8d4d-f003c4e8837f;383.77;0.07222;UNKNOWN
2016-01-23T13:44:45.000000;2016-01-23T13:44:45.000000;ff30c0c8-52e1-4696-96c7-f3b3125dc55b;383.77;15.59237807;UNKNOWN
2016-01-23T13:44:46.000000;2016-01-23T13:44:46.000000;5e175d21-ad04-44d0-b49e-9c238db6967e;383.89;0.113295;UNKNOWN
2016-01-23T13:44:46.000000;2016-01-23T13:44:46.000000;16800529-53f0-4f21-94a0-b3d97a78ad98;383.9;1.0;UNKNOWN
2016-01-23T13:44:55.000000;2016-01-23T13:44:55.000000;e00610eb-64d5-4c19-98a4-9b1b3551f042;383.98;0.1199;UNKNOWN
2016-01-23T13:45:28.000000;2016-01-23T13:45:28.000000;60ade7a1-3f0a-435c-810f-8fb721e7b166;383.98;0.04;UNKNOWN
2016-01-23T13:45:29.000000;2016-01-23T13:45:29.000000;203a6068-39b1-4f55-b2b0-736e284f6d4c;383.98;0.8401;UNKNOWN
2016-01-23T13:45:29.000000;2016-01-23T13:45:29.000000;1a4567ef-ca4a-49f5-ad28-d3ac498a6c4d;384.0;10.0;UNKNOWN
2016-01-23T13:45:29.000000;2016-01-23T13:45:29.000000;fce735cc-ab78-4bf2-b68e-49c97197d820;384.18;0.0099;UNKNOWN
2016-01-23T13:45:29.000000;2016-01-23T13:45:29.000000;8e6610d7-82c8-4448-96fa-c9fe73454a4d;384.03;0.05;UNKNOWN
2016-01-23T13:45:33.000000;2016-01-23T13:45:33.000000;ddc21320-0930-47cc-bd3d-2e42873556ca;384.13;0.31043238;UNKNOWN
2016-01-23T13:45:35.000000;2016-01-23T13:45:35.000000;aaed7d6c-0ddd-49f7-8d15-5adc34223b55;384.18;1.6201;UNKNOWN
2016-01-23T13:45:35.000000;2016-01-23T13:45:35.000000;bce7399b-7905-434e-8753-dcf0405e3905;384.45;0.5279;UNKNOWN
2016-01-23T13:45:35.000000;2016-01-23T13:45:35.000000;83550b3e-1bf9-436c-ad83-e827c4061dc0;384.3;3.0;UNKNOWN
2016-01-23T13:45:35.000000;2016-01-23T13:45:35.000000;e8eade67-83b2-46e0-9ff4-18aee95bdd3b;384.69;4.852;UNKNOWN
2016-01-23T13:45:38.000000;2016-01-23T13:45:38.000000;f2b23dc3-6f73-4d3f-9871-8b307db620af;384.7;1.98408;UNKNOWN
2016-01-23T13:45:43.000000;2016-01-23T13:45:43.000000;c957e6cd-2644-4360-a761-e20c2a3efb1e;384.7;0.03909561;UNKNOWN
2016-01-23T13:45:51.000000;2016-01-23T13:45:51.000000;f7181ad2-42f3-4600-ae51-85388e9d5c47;384.7;5.0;UNKNOWN
2016-01-23T13:46:04.000000;2016-01-23T13:46:04.000000;63ade94d-202f-4466-95e9-e20ec56fbccb;384.68;0.15986329;UNKNOWN
2016-01-23T13:46:08.000000;2016-01-23T13:46:08.000000;276376b3-f316-4b1f-8f64-9074a4f741e1;384.7;0.100052;UNKNOWN
2016-01-23T13:46:08.000000;2016-01-23T13:46:08.000000;a388c40f-8212-492b-ada2-b6d6cda774fb;384.7;0.1052;UNKNOWN
2016-01-23T13:46:13.000000;2016-01-23T13:46:13.000000;34330bf7-fe22-4fd4-8279-42ff80e54c62;384.68;1.0;UNKNOWN
2016-01-23T13:46:18.000000;2016-01-23T13:46:18.000000;749976fd-8cdf-4d9d-b702-82de7c0906f7;384.7;2.3;UNKNOWN
2016-01-23T13:46:49.000000;2016-01-23T13:46:49.000000;a35a89b0-4d71-4149-ab46-168622d00b3f;384.7;0.3;UNKNOWN
2016-01-23T13:47:04.000000;2016-01-23T13:47:04.000000;0a9e5b27-b340-4a4a-a060-a48f9977cd0a;384.7;0.11925517;UNKNOWN
2016-01-23T13:47:58.000000;2016-01-23T13:47:58.000000;4e81365d-6a5c-4aa7-b6e8-01ab6d8ba776;384.69;0.2;UNKNOWN
2016-01-23T13:48:05.000000;2016-01-23T13:48:05.000000;dc304821-0bf9-4a6a-a8a5-7edcf936f9a6;384.69;1.0;UNKNOWN
2016-01-23T13:48:15.000000;2016-01-23T13:48:15.000000;ec42f2e8-0991-482c-a13b-bf0f8c71a42b;384.69;0.025;UNKNOWN
2016-01-23T13:48:45.000000;2016-01-23T13:48:45.000000;96c6066c-7901-4105-bbf2-084ced8d607a;384.69;0.9891;UNKNOWN
2016-01-23T13:49:22.000000;2016-01-23T13:49:22.000000;181906f3-fddd-4efa-b4f6-034718e6970b;384.69;2.60078023;UNKNOWN
2016-01-23T13:49:22.000000;2016-01-23T13:49:22.000000;fd30c248-b012-4e8c-a0e3-d578e459abff;384.69;2.19041538;UNKNOWN
2016-01-23T13:49:22.000000;2016-01-23T13:49:22.000000;5cfa484c-2359-4026-bf3e-43e53fecc404;384.69;2.5974026;UNKNOWN
2016-01-23T13:49:22.000000;2016-01-23T13:49:22.000000;99736a6b-0b5d-4db3-8511-2afe06ce1e3e;384.69;2.60071259;UNKNOWN
2016-01-23T13:49:51.000000;2016-01-23T13:49:51.000000;bad4179b-62a5-4827-92b7-d45350e114b7;384.7;1.5;UNKNOWN
2016-01-23T13:50:01.000000;2016-01-23T13:50:01.000000;afdd9b9f-4fe6-4b79-8dde-5e7b6a0f4cf5;384.69;0.08;UNKNOWN
2016-01-23T13:50:51.000000;2016-01-23T13:50:51.000000;c35ab045-4d1d-439e-a5a5-5e8440b8e2f1;384.69;0.043979;UNKNOWN
2016-01-23T13:51:32.000000;2016-01-23T13:51:32.000000;c6b018d0-3bb0-4aae-b170-b1f2917020b7;384.7;0.011;UNKNOWN
2016-01-23T13:51:51.000000;2016-01-23T13:51:51.000000;84c20045-5f6e-46b2-833e-9c072d00ca21;384.7;0.15;UNKNOWN
2016-01-23T13:53:20.000000;2016-01-23T13:53:20.000000;389bbfe0-6565-4bb7-acc8-e965a8602c58;384.7;5.0;UNKNOWN
2016-01-23T13:53:31.000000;2016-01-23T13:53:31.000000;0cb00f07-e926-41c7-a00d-23cbd9427b3d;384.7;2.376;UNKNOWN
2016-01-23T13:53:33.000000;2016-01-23T13:53:33.000000;bbfb88be-4851-46bf-addb-c63fce7bf57d;384.69;0.69631438;UNKNOWN
2016-01-23T13:54:17.000000;2016-01-23T13:54:17.000000;d8d6f4c4-dfb2-42b4-bac6-6314fe833dd6;384.69;0.89;UNKNOWN
2016-01-23T13:55:04.000000;2016-01-23T13:55:04.000000;6a4eb971-557c-462a-b1ea-dcd21ac91cbe;384.69;0.25303938;UNKNOWN
2016-01-23T13:55:43.000000;2016-01-23T13:55:43.000000;d40d61c4-123a-46b3-99c0-64d4ea2b3df9;384.69;0.17939058;UNKNOWN
2016-01-23T13:56:03.000000;2016-01-23T13:56:03.000000;68b89380-4d7b-4c28-a1fe-5dc8d13aa5e8;384.7;0.1;UNKNOWN
2016-01-23T13:57:18.000000;2016-01-23T13:57:18.000000;2f71c487-277a-460f-9196-f86fffde8901;384.69;1.5;UNKNOWN
2016-01-23T13:57:24.000000;2016-01-23T13:57:24.000000;bdd52010-cf1c-4369-ba16-2375f86c619c;384.69;10.0;UNKNOWN
2016-01-23T13:58:17.000000;2016-01-23T13:58:17.000000;e6cf8660-9473-4d79-9e71-2746f99e4839;384.69;0.36543501;UNKNOWN
2016-01-23T13:58:24.000000;2016-01-23T13:58:24.000000;696fdd04-e1aa-4e72-8fc4-db22acf5f0f6;384.69;1.9339;UNKNOWN
2016-01-23T13:58:36.000000;2016-01-23T13:58:36.000000;61ba04bd-145c-4c43-88b4-b0ff9180b0f2;384.69;0.36543501;UNKNOWN
2016-01-23T13:59:39.000000;2016-01-23T13:59:39.000000;b8bb794a-f15b-4952-a6af-7e49c6b015e8;384.69;0.187962;UNKNOWN
2016-01-23T14:00:55.000000;2016-01-23T14:00:55.000000;3dd1833b-0901-4c19-889a-73a7d827a6ab;384.7;0.04;UNKNOWN
2016-01-23T14:01:45.000000;2016-01-23T14:01:45.000000;9499eb8c-730b-4eda-b5d8-21c37ba91e77;384.6;2.0;UNKNOWN
2016-01-23T14:02:03.000000;2016-01-23T14:02:03.000000;a69427fb-68df-4b69-903a-34aa8bb42ba5;384.65;0.02;UNKNOWN
2016-01-23T14:02:29.000000;2016-01-23T14:02:29.000000;0c862e07-217b-49e9-a55e-198a05a972c4;384.67;0.04;UNKNOWN
2016-01-23T14:02:37.000000;2016-01-23T14:02:37.000000;5496ef5b-8d05-4600-8703-4a6fd592b3d1;384.67;0.56;UNKNOWN
2016-01-23T14:03:49.000000;2016-01-23T14:03:49.000000;d898de4f-6ac3-47a4-baf9-13404dd4598d;384.68;9.44;UNKNOWN
2016-01-23T14:04:57.000000;2016-01-23T14:04:57.000000;d412afb0-b896-4584-8e49-9061d21907fd;384.66;0.1727271;UNKNOWN
2016-01-23T14:05:23.000000;2016-01-23T14:05:23.000000;9a1fe581-8ecd-4acb-814c-aad3176d476a;384.68;0.1249;UNKNOWN
2016-01-23T14:06:04.000000;2016-01-23T14:06:04.000000;c1dc5f7f-fbb6-4351-8ed4-aa78db5238cb;384.68;1.0;UNKNOWN
2016-01-23T14:07:56.000000;2016-01-23T14:07:56.000000;225a93e5-49be-4c82-8af4-eeadfbfdd7ef;384.24;0.5;UNKNOWN
2016-01-23T14:07:56.000000;2016-01-23T14:07:56.000000;32a85d92-e097-4c32-bef2-37d24b3a3308;384.28;2.60854821;UNKNOWN
2016-01-23T14:07:56.000000;2016-01-23T14:07:56.000000;78dc15a4-18f5-40cc-aed3-51be1295be6b;384.24;3.34145179;UNKNOWN
2016-01-23T14:07:56.000000;2016-01-23T14:07:56.000000;32750613-9080-45a6-8070-2f6ba375789b;384.29;3.55;UNKNOWN
2016-01-23T14:08:04.000000;2016-01-23T14:08:04.000000;a9196b7c-3808-40c4-a762-8bc950f13895;384.67;0.76405868;UNKNOWN
2016-01-23T14:08:07.000000;2016-01-23T14:08:07.000000;6718f160-d45d-4bda-8812-212bd3538a0a;384.22;0.1041;UNKNOWN
2016-01-23T14:08:07.000000;2016-01-23T14:08:07.000000;114969c3-68e1-4b5d-bac6-1fe686d4d36d;384.07;0.5;UNKNOWN
2016-01-23T14:08:07.000000;2016-01-23T14:08:07.000000;96e9326b-1442-4427-9c95-4c9f3a83d7f7;384.07;2.3959;UNKNOWN
2016-01-23T14:08:15.000000;2016-01-23T14:08:15.000000;f7b87ce4-fc77-46f1-8285-c30ab5fad9d7;384.08;0.025;UNKNOWN
2016-01-23T14:09:41.000000;2016-01-23T14:09:41.000000;15d29919-dd51-43a8-b83c-558274b5186b;384.34;0.5;UNKNOWN
2016-01-23T14:10:28.000000;2016-01-23T14:10:28.000000;1a51ae78-0d6f-432b-8767-56466ca3ee61;384.68;14.4351;UNKNOWN
2016-01-23T14:10:28.000000;2016-01-23T14:10:28.000000;f71a8f94-cda8-4ac6-b422-6f87c793c609;384.7;2.0;UNKNOWN
2016-01-23T14:10:28.000000;2016-01-23T14:10:28.000000;28bb3f1b-6a1c-490f-a933-a9c965f2392f;384.7;26.87531722;UNKNOWN
2016-01-23T14:10:52.000000;2016-01-23T14:10:52.000000;e21d1694-306e-43b0-bb87-8e164a6e7210;385.0;0.05;UNKNOWN
2016-01-23T14:10:52.000000;2016-01-23T14:10:52.000000;82347121-b471-4c25-86e1-0b72f97e1430;385.59;6.79247742;UNKNOWN
2016-01-23T14:10:52.000000;2016-01-23T14:10:52.000000;8448ba38-4116-4096-8c76-b2a2a4c70492;384.71;0.025;UNKNOWN
2016-01-23T14:10:52.000000;2016-01-23T14:10:52.000000;72cade8d-52a8-4a97-b919-7e9a689a01e2;385.55;0.05;UNKNOWN
2016-01-23T14:10:52.000000;2016-01-23T14:10:52.000000;52a19367-2a4c-4681-9a55-73373a18dad0;384.98;0.05;UNKNOWN
2016-01-23T14:10:52.000000;2016-01-23T14:10:52.000000;6c0b7296-be44-4c1a-911b-b5b60cb0b0ed;384.9;0.01276129;UNKNOWN
2016-01-23T14:10:52.000000;2016-01-23T14:10:52.000000;0984732f-aaf5-4f95-8f8d-ee39b855d2ed;385.0;0.01276129;UNKNOWN
2016-01-23T14:10:52.000000;2016-01-23T14:10:52.000000;41baa190-c79a-4878-af5c-ee3e35c209da;384.71;0.025;UNKNOWN
2016-01-23T14:11:00.000000;2016-01-23T14:11:00.000000;b52b8fa6-2874-4b56-a6da-ffb51379fdaa;385.76;1.0;UNKNOWN
2016-01-23T14:11:00.000000;2016-01-23T14:11:00.000000;0881b8f4-3e2a-408e-955c-67c930ee6146;385.75;0.3;UNKNOWN
2016-01-23T14:11:00.000000;2016-01-23T14:11:00.000000;2fdf806a-83df-4639-8e38-5d4ad2401f7a;385.76;0.7;UNKNOWN
2016-01-23T14:11:18.000000;2016-01-23T14:11:18.000000;6662e64d-0adf-4c22-8ff0-15b63f71671a;385.15;0.77;UNKNOWN
2016-01-23T14:11:18.000000;2016-01-23T14:11:18.000000;2926d5e4-db9f-4ff9-b347-fb3b2206dc25;385.14;0.23;UNKNOWN
2016-01-23T14:11:40.000000;2016-01-23T14:11:40.000000;e7238617-3989-4c9f-84c0-319dc606ebd0;385.22;0.01;UNKNOWN
2016-01-23T14:12:37.000000;2016-01-23T14:12:37.000000;79d36142-2e5b-4d9a-822e-ffcce6c4ecbe;386.0;0.05;UNKNOWN
2016-01-23T14:12:37.000000;2016-01-23T14:12:37.000000;640df12e-0e4e-46fa-87cb-2419dada98db;386.0;1.4;UNKNOWN
2016-01-23T14:12:37.000000;2016-01-23T14:12:37.000000;0f21d060-03c0-40ce-99f8-bff0b74a89eb;385.9;0.05;UNKNOWN
2016-01-23T14:12:46.000000;2016-01-23T14:12:46.000000;0fd20285-8d3b-494e-96d9-aa92d01408e6;386.0;0.3189;UNKNOWN
2016-01-23T14:13:27.000000;2016-01-23T14:13:27.000000;09ee0964-5aa5-4f0f-a530-0d624b0f18b5;385.98;0.4;UNKNOWN
2016-01-23T14:13:44.000000;2016-01-23T14:13:44.000000;e6a4d1bb-1fbb-493d-a8a9-617722a6c483;385.76;2.66392298;UNKNOWN
2016-01-23T14:13:44.000000;2016-01-23T14:13:44.000000;cceb3c31-cdb6-4516-9c18-bb439cedafb5;385.88;0.3;UNKNOWN
2016-01-23T14:13:44.000000;2016-01-23T14:13:44.000000;a2dfcda5-0e1f-4478-8d06-0fc5c2c4b944;385.87;0.23;UNKNOWN
2016-01-23T14:13:51.000000;2016-01-23T14:13:51.000000;0df1d8c3-0d22-4d1e-8ca7-ba17e997675e;385.79;0.613295;UNKNOWN
2016-01-23T14:13:56.000000;2016-01-23T14:13:56.000000;5a9cbecb-ada8-4e51-a904-0bee1a810617;385.65;0.2;UNKNOWN
2016-01-23T14:14:01.000000;2016-01-23T14:14:01.000000;28a18ca8-4130-4691-938a-1d09f87319a4;385.65;0.5;UNKNOWN
2016-01-23T14:14:13.000000;2016-01-23T14:14:13.000000;32cad08b-b104-44ae-a03f-09f2b7d957be;385.47;0.2;UNKNOWN
2016-01-23T14:14:20.000000;2016-01-23T14:14:20.000000;341b2215-7124-4051-b1b5-904d5aae3ba2;385.47;0.1;UNKNOWN
2016-01-23T14:14:45.000000;2016-01-23T14:14:45.000000;5ad0eb47-d712-4467-991c-99f1a5d2553c;385.2;0.2;UNKNOWN
2016-01-23T14:14:52.000000;2016-01-23T14:14:52.000000;83c78a83-2fcb-421f-a869-1d9a228ae333;385.22;0.1;UNKNOWN
2016-01-23T14:15:03.000000;2016-01-23T14:15:03.000000;f8e55b6e-d3c7-4188-b115-a5a4966ea34a;385.24;0.1;UNKNOWN
2016-01-23T14:15:13.000000;2016-01-23T14:15:13.000000;aeadd5a5-e3d1-4a95-82e0-84beb301be99;385.27;0.025;UNKNOWN
2016-01-23T14:15:20.000000;2016-01-23T14:15:20.000000;cd3f3ba2-846d-49c2-9a44-09c23377ec6a;385.21;0.2;UNKNOWN
2016-01-23T14:15:57.000000;2016-01-23T14:15:57.000000;b18318b3-19cd-4f94-a54b-323fb846cf36;385.32;0.2;UNKNOWN
2016-01-23T14:16:06.000000;2016-01-23T14:16:06.000000;d5227acd-f03b-460b-8941-bc10e7f61a99;385.35;0.1;UNKNOWN
2016-01-23T14:16:13.000000;2016-01-23T14:16:13.000000;cad7beb3-97ee-476a-9088-fb5a7b1bd9ee;385.24;0.50378553;UNKNOWN
2016-01-23T14:16:46.000000;2016-01-23T14:16:46.000000;144f7144-0a35-4092-95e9-b9318050d7b9;385.11;0.0882622;UNKNOWN
2016-01-23T14:16:46.000000;2016-01-23T14:16:46.000000;7a2da2f0-7e4f-47ef-890c-fdd2a540ef01;385.19;0.23;UNKNOWN
2016-01-23T14:16:48.000000;2016-01-23T14:16:48.000000;1036e49c-0df8-4b12-8db3-53a31a73650f;385.1;0.1;UNKNOWN
2016-01-23T14:17:13.000000;2016-01-23T14:17:13.000000;d904d48c-b529-4a6f-809f-5e3cfb1a751b;385.11;0.2;UNKNOWN
2016-01-23T14:17:15.000000;2016-01-23T14:17:15.000000;fe85ae56-342e-482a-ba1c-c19f5ce302b2;385.11;0.2;UNKNOWN
2016-01-23T14:18:04.000000;2016-01-23T14:18:04.000000;1aa80516-8ba1-4319-a88f-1cd070d7771a;385.36;0.07604956;UNKNOWN
2016-01-23T14:20:05.000000;2016-01-23T14:20:05.000000;437d77a3-938b-458b-ba5f-395f3fc634a9;385.1;0.01276129;UNKNOWN
2016-01-23T14:20:05.000000;2016-01-23T14:20:05.000000;1b323cb8-18e0-4006-9f25-f638961b42e7;385.07;1.75026891;UNKNOWN
2016-01-23T14:21:08.000000;2016-01-23T14:21:08.000000;798591d9-9019-402f-a475-67b7b610e5a4;385.19;0.03170978;UNKNOWN
2016-01-23T14:21:22.000000;2016-01-23T14:21:22.000000;0e9c82f7-8862-4cd1-8c35-a7b43b5cc692;385.24;3.0;UNKNOWN
2016-01-23T14:21:44.000000;2016-01-23T14:21:44.000000;6c9d0855-97d7-4eb8-a428-b7537fd9498f;385.14;0.1;UNKNOWN
2016-01-23T14:21:44.000000;2016-01-23T14:21:44.000000;833f8258-19f8-4e7e-b2f6-f37efad54901;385.14;0.1;UNKNOWN
2016-01-23T14:21:45.000000;2016-01-23T14:21:45.000000;3eae5b4e-c5f1-4f68-b61a-079a99ed7a14;385.14;0.00902265;UNKNOWN
2016-01-23T14:23:40.000000;2016-01-23T14:23:40.000000;776f842b-3201-4823-8140-d8e5acccd1fa;385.0;0.01276129;UNKNOWN
2016-01-23T14:24:04.000000;2016-01-23T14:24:04.000000;3940c597-9926-459c-8364-643ce4033859;384.91;0.03862434;UNKNOWN
2016-01-23T14:24:06.000000;2016-01-23T14:24:06.000000;a9b77d44-ddb4-4481-878a-b3b0767ff2ef;384.54;0.44188566;UNKNOWN
2016-01-23T14:24:11.000000;2016-01-23T14:24:11.000000;f1c6d698-c117-41e2-be18-608d993479a1;384.4;1.0;UNKNOWN
2016-01-23T14:24:22.000000;2016-01-23T14:24:22.000000;b9910e77-be2a-4c8d-97c1-2819b89200aa;384.78;0.196;UNKNOWN
2016-01-23T14:24:23.000000;2016-01-23T14:24:23.000000;b83dcb95-187b-4404-9432-5186b59c697b;384.4;0.2;UNKNOWN
2016-01-23T14:24:29.000000;2016-01-23T14:24:29.000000;e23471f6-5b72-4cd7-a607-5fdc600d2432;384.77;0.196;UNKNOWN
2016-01-23T14:25:05.000000;2016-01-23T14:25:05.000000;ea1542a8-3c6f-4bcc-9140-8b87ed51a6b8;384.76;0.091;UNKNOWN
2016-01-23T14:25:05.000000;2016-01-23T14:25:05.000000;f0d44eef-6d2f-4670-b0ca-9be116f1aa4a;384.42;1.62199541;UNKNOWN
2016-01-23T14:26:05.000000;2016-01-23T14:26:05.000000;3986f81b-31b9-41ad-aad5-aca077f44034;384.99;0.5;UNKNOWN
2016-01-23T14:26:36.000000;2016-01-23T14:26:36.000000;d0cfee3b-71a6-4258-8211-0d018b68ec5d;384.79;0.0912;UNKNOWN
2016-01-23T14:26:41.000000;2016-01-23T14:26:41.000000;a8214ea0-eaa9-4322-8139-3a38b2e10020;384.79;0.1;UNKNOWN
2016-01-23T14:26:45.000000;2016-01-23T14:26:45.000000;ba55c617-8578-498f-82e8-b0a2466951a2;384.8;0.135;UNKNOWN
2016-01-23T14:26:45.000000;2016-01-23T14:26:45.000000;5480b4d2-3d73-4f37-92ba-b4ed120c43f5;384.79;0.0048;UNKNOWN
2016-01-23T14:26:58.000000;2016-01-23T14:26:58.000000;3eb0d101-3dea-443e-87f1-44c3e7786f70;384.69;0.197;UNKNOWN
2016-01-23T14:27:02.000000;2016-01-23T14:27:02.000000;63298ade-640f-492e-9dd6-0ca77c0ac7da;383.92;1.2886176;UNKNOWN
2016-01-23T14:27:05.000000;2016-01-23T14:27:05.000000;9ee8b591-a95b-442d-9abe-c02348e6fc34;384.64;0.194;UNKNOWN
2016-01-23T14:27:41.000000;2016-01-23T14:27:41.000000;e3358903-74c0-4b6b-a3a6-a0d88d574e06;383.75;0.05;UNKNOWN
2016-01-23T14:27:43.000000;2016-01-23T14:27:43.000000;a5941cfa-225c-43b0-b3c0-288b904b3de9;383.3;1.22016497;UNKNOWN
2016-01-23T14:27:43.000000;2016-01-23T14:27:43.000000;75de32bb-9f74-4288-9dda-b0051d135dc5;383.3;1.0;UNKNOWN
2016-01-23T14:27:43.000000;2016-01-23T14:27:43.000000;49e937ca-fcc7-4da3-94ef-c12b6717e6d5;383.48;18.8307;UNKNOWN
2016-01-23T14:27:43.000000;2016-01-23T14:27:43.000000;17f7dfd0-2d11-490e-bac4-65bca3a6b810;383.67;6.43;UNKNOWN
2016-01-23T14:27:43.000000;2016-01-23T14:27:43.000000;a64b65a6-327c-45fe-a1ae-4a8da26647fc;383.56;2.61229608;UNKNOWN
2016-01-23T14:27:43.000000;2016-01-23T14:27:43.000000;69f71b63-8fa8-49b5-9fcd-b053deed950c;383.33;2.60644051;UNKNOWN
2016-01-23T14:27:43.000000;2016-01-23T14:27:43.000000;c39e0c2d-64c8-441c-b54b-3fd472f3dd48;383.69;6.0;UNKNOWN
2016-01-23T14:27:43.000000;2016-01-23T14:27:43.000000;79dcbbe1-bb71-4200-b324-e640bb413adf;383.5;0.2;UNKNOWN
2016-01-23T14:27:43.000000;2016-01-23T14:27:43.000000;657f6d32-a063-4d52-b49e-b6720b31d764;383.69;3.0;UNKNOWN
2016-01-23T14:27:43.000000;2016-01-23T14:27:43.000000;809574dd-d1c5-4c52-98df-6da68c56fa2f;383.56;15.988;UNKNOWN
2016-01-23T14:27:43.000000;2016-01-23T14:27:43.000000;941705fa-4550-4223-b59f-041987b59618;383.7;0.5;UNKNOWN
2016-01-23T14:27:43.000000;2016-01-23T14:27:43.000000;2a51090a-9f52-42d2-8844-2d6fd6150f5b;383.4;2.61239844;UNKNOWN
2016-01-23T14:28:15.000000;2016-01-23T14:28:15.000000;cabfb591-f66c-4385-a11c-4304cdc49494;384.21;0.046621;UNKNOWN
2016-01-23T14:28:15.000000;2016-01-23T14:28:15.000000;6e0bb66d-a31b-4a08-854d-f469decfb7de;384.22;0.073379;UNKNOWN
2016-01-23T14:28:52.000000;2016-01-23T14:28:52.000000;1c816d28-f31d-40e5-95d0-e9e109bafe67;383.64;1.125;UNKNOWN
2016-01-23T14:29:11.000000;2016-01-23T14:29:11.000000;b2404242-7096-4f3c-8d27-617ac67b28fd;383.71;0.3501;UNKNOWN
2016-01-23T14:29:40.000000;2016-01-23T14:29:40.000000;3755a567-8235-4190-9355-ec248cc26d76;383.94;0.085552;UNKNOWN
2016-01-23T14:29:57.000000;2016-01-23T14:29:57.000000;981f399e-891c-493e-a78d-13b1f14a81ff;384.0;3.0;UNKNOWN
2016-01-23T14:29:57.000000;2016-01-23T14:29:57.000000;75562117-4eeb-47a0-b8fc-b52d701d9b76;384.0;0.5;UNKNOWN
2016-01-23T14:29:58.000000;2016-01-23T14:29:58.000000;9227ddc3-6c61-4cd8-adcb-201101ecb558;384.0;6.5017;UNKNOWN
2016-01-23T14:30:17.000000;2016-01-23T14:30:17.000000;512019ff-c4ab-4976-b51d-402e0751aa41;383.86;0.13;UNKNOWN
2016-01-23T14:30:17.000000;2016-01-23T14:30:17.000000;4480adca-fdb1-4610-af8d-25ebe9b53f31;383.85;0.28751283;UNKNOWN
2016-01-23T14:30:41.000000;2016-01-23T14:30:41.000000;6241adbb-ef4f-47a3-aad7-572523b7851f;384.0;1.2835;UNKNOWN
2016-01-23T14:31:04.000000;2016-01-23T14:31:04.000000;dba7368b-818f-4d85-82ef-8800babca1cc;384.0;0.05;UNKNOWN
2016-01-23T14:31:06.000000;2016-01-23T14:31:06.000000;3e616bf5-c02c-43e0-8fbc-98707c1a1d09;384.0;0.02;UNKNOWN
2016-01-23T14:32:04.000000;2016-01-23T14:32:04.000000;7ae0e826-c354-4d23-8f69-55311a5161f7;383.95;0.12446;UNKNOWN
2016-01-23T14:34:47.000000;2016-01-23T14:34:47.000000;21a01bc9-d34c-4c6c-874d-8acc65aded1c;383.93;0.38420467;UNKNOWN
2016-01-23T14:36:48.000000;2016-01-23T14:36:48.000000;ce88ae89-af6d-4027-9edb-f53653d5fbe9;383.94;6.88;UNKNOWN
2016-01-23T14:38:05.000000;2016-01-23T14:38:05.000000;a8a2cf3e-ff9a-44a7-83ca-2ecb73ae73fe;383.94;0.1;UNKNOWN
2016-01-23T14:38:45.000000;2016-01-23T14:38:45.000000;cabebaa3-f54e-4d88-acc0-1a4c4e4d21e6;383.93;0.61579533;UNKNOWN
2016-01-23T14:38:56.000000;2016-01-23T14:38:56.000000;947e111a-7fdb-4864-960c-5c5764c365b8;383.23;0.05;UNKNOWN
2016-01-23T14:38:56.000000;2016-01-23T14:38:56.000000;fc5cb27a-3450-492d-a161-5039e97d1cde;383.8;2.0;UNKNOWN
2016-01-23T14:38:56.000000;2016-01-23T14:38:56.000000;b9e8a73a-54d9-45d9-b27d-458977f98474;383.0;0.93723871;UNKNOWN
2016-01-23T14:38:56.000000;2016-01-23T14:38:56.000000;f86fdb67-665f-4680-93b4-3d86e6a1218b;383.7;0.01276129;UNKNOWN
2016-01-23T14:39:06.000000;2016-01-23T14:39:06.000000;c8e2438c-3a78-4afb-bb7d-08e60b00ad6f;383.0;2.0;UNKNOWN
2016-01-23T14:39:16.000000;2016-01-23T14:39:16.000000;853dd0de-b75b-481e-96f0-f74dcaa40fcb;383.0;1.38040467;UNKNOWN
2016-01-23T14:39:19.000000;2016-01-23T14:39:19.000000;af10b33a-7bc2-41f1-bae7-1c00aadf60b1;383.0;0.01;UNKNOWN
2016-01-23T14:39:28.000000;2016-01-23T14:39:28.000000;072b5daf-5922-4f9a-910d-6badb191d5b7;383.0;0.01;UNKNOWN
2016-01-23T14:39:36.000000;2016-01-23T14:39:36.000000;2d33de6a-5335-4490-a2a6-5edee2feb96a;383.0;0.01;UNKNOWN
2016-01-23T14:39:39.000000;2016-01-23T14:39:39.000000;e9db43ae-0165-41ce-bce9-5af39c1952bd;383.0;0.1049896;UNKNOWN
2016-01-23T14:39:45.000000;2016-01-23T14:39:45.000000;d039e58a-f4a0-47f0-aaa2-513c7e93d70f;383.0;0.01;UNKNOWN
2016-01-23T14:39:54.000000;2016-01-23T14:39:54.000000;663a661a-a14b-4d8a-9bad-50e14109fa5a;383.0;0.01;UNKNOWN
2016-01-23T14:40:01.000000;2016-01-23T14:40:01.000000;e572d21c-7eb8-4cdf-91a8-875269de4175;383.0;0.01;UNKNOWN
2016-01-23T14:40:10.000000;2016-01-23T14:40:10.000000;a6e1437b-d81c-477c-98e9-668c205fac14;383.0;0.01;UNKNOWN
2016-01-23T14:40:18.000000;2016-01-23T14:40:18.000000;a4ad160b-d602-4927-bd9b-586f0025b779;383.0;0.01;UNKNOWN
2016-01-23T14:40:26.000000;2016-01-23T14:40:26.000000;7acb8653-393b-40b7-97d5-68d4f83069ff;383.0;0.01;UNKNOWN
2016-01-23T14:40:35.000000;2016-01-23T14:40:35.000000;43ad3a01-c4e8-4746-aad8-f902298bd987;383.0;0.01;UNKNOWN
2016-01-23T14:40:43.000000;2016-01-23T14:40:43.000000;472ff5fa-37f3-4b7e-8e90-c0e646fa1004;383.0;0.01;UNKNOWN
2016-01-23T14:40:51.000000;2016-01-23T14:40:51.000000;ec52e8d9-d158-4289-8e40-ec93ef085fc1;383.0;0.01;UNKNOWN
2016-01-23T14:41:00.000000;2016-01-23T14:41:00.000000;17a19b72-2f64-4d3c-93c8-a444f6802e00;383.0;0.01;UNKNOWN
2016-01-23T14:41:08.000000;2016-01-23T14:41:08.000000;83edfa93-e04f-4c6e-81da-153a041958e0;383.0;0.01;UNKNOWN
2016-01-23T14:41:13.000000;2016-01-23T14:41:13.000000;16553733-2e8f-468c-8ac5-5a6c4f3d4204;383.0;0.04866928;UNKNOWN
2016-01-23T14:41:16.000000;2016-01-23T14:41:16.000000;51b40c44-e6a6-402a-993d-01b70de18eed;383.0;0.01;UNKNOWN
2016-01-23T14:41:25.000000;2016-01-23T14:41:25.000000;30795773-a80b-4d70-9d1d-8180a5376458;383.0;0.01;UNKNOWN
2016-01-23T14:41:33.000000;2016-01-23T14:41:33.000000;3fae5362-6b83-4d04-8c5f-07f1c81ba391;383.0;0.01;UNKNOWN
2016-01-23T14:41:45.000000;2016-01-23T14:41:45.000000;728655ed-7423-4f20-9dea-29d981fd8f98;383.0;0.01;UNKNOWN
2016-01-23T14:42:05.000000;2016-01-23T14:42:05.000000;a09150ad-6265-48b2-b710-098287c65a15;383.0;0.01;UNKNOWN
2016-01-23T14:42:17.000000;2016-01-23T14:42:17.000000;b9fb712e-18ee-45ea-86bb-3f11ac7c0c5e;383.0;0.3483606;UNKNOWN
2016-01-23T14:43:04.000000;2016-01-23T14:43:04.000000;ab196bbc-5c17-454a-a537-9dc0412ebc4c;383.03;0.1;UNKNOWN
2016-01-23T14:44:04.000000;2016-01-23T14:44:04.000000;c6f4c99c-63c6-4dcc-94f9-7c74a3d8122d;383.0;0.2394015;UNKNOWN
2016-01-23T14:44:38.000000;2016-01-23T14:44:38.000000;c6979fe5-0144-4d63-9b35-5eba7edba188;383.01;2.0;UNKNOWN
2016-01-23T14:45:45.000000;2016-01-23T14:45:45.000000;50c19e7a-a0eb-4345-9f75-168d9a8309fc;383.09;1.911;UNKNOWN
2016-01-23T14:46:04.000000;2016-01-23T14:46:04.000000;068c892e-2fad-4a46-add5-1efb42d45bde;383.67;0.18508967;UNKNOWN
2016-01-23T14:46:04.000000;2016-01-23T14:46:04.000000;364a8568-54d0-4fad-9a36-41193b1f76a2;383.1;0.01491033;UNKNOWN
2016-01-23T14:48:04.000000;2016-01-23T14:48:04.000000;fe2eff83-f2de-4c0d-b435-035edf668077;383.53;0.08;UNKNOWN
2016-01-23T14:49:04.000000;2016-01-23T14:49:04.000000;0101ae0a-e7b7-4e2d-9677-2362cfb26fd5;383.11;0.56980865;UNKNOWN
2016-01-23T14:49:42.000000;2016-01-23T14:49:42.000000;a1fe095b-df28-4305-b92e-12ecd1f3e259;383.0;1.0;UNKNOWN
2016-01-23T14:50:13.000000;2016-01-23T14:50:13.000000;50371c03-b978-4061-9cd5-28a60822ff0d;383.02;0.64;UNKNOWN
2016-01-23T14:51:03.000000;2016-01-23T14:51:03.000000;8a97c792-7d23-4949-be68-add5ab946d49;383.0;1.3;UNKNOWN
2016-01-23T14:51:03.000000;2016-01-23T14:51:03.000000;db3162cd-8f05-4d20-8cc5-d8c0342099d1;383.01;0.5;UNKNOWN
2016-01-23T14:51:18.000000;2016-01-23T14:51:18.000000;8c5ae018-3e5d-4e60-8f85-f958c8e0af0f;383.0;0.30828161;UNKNOWN
2016-01-23T14:51:45.000000;2016-01-23T14:51:45.000000;e5136e05-0e2c-47d8-8e4d-e5b050dfd637;383.0;0.68859077;UNKNOWN
2016-01-23T14:53:48.000000;2016-01-23T14:53:48.000000;da9dae97-f092-45b8-85ee-85979188021d;383.0;0.01276129;UNKNOWN
2016-01-23T14:55:53.000000;2016-01-23T14:55:53.000000;0ca3e5dc-5742-4f6a-aaa0-6e19d1a44927;383.05;0.068768;UNKNOWN
2016-01-23T14:56:03.000000;2016-01-23T14:56:03.000000;850748f2-9b0e-4d64-8d6b-0f37537ee5b6;383.12;0.1;UNKNOWN
2016-01-23T14:56:04.000000;2016-01-23T14:56:04.000000;93dc7b5d-9a5e-4e64-a596-e4c47203530e;383.12;1.0;UNKNOWN
2016-01-23T14:56:34.000000;2016-01-23T14:56:34.000000;ecf8ceb0-a8b3-4b90-ba57-064cd8ec18bb;383.12;2.0;UNKNOWN
2016-01-23T14:57:05.000000;2016-01-23T14:57:05.000000;1220c3dc-1402-436e-a6a3-da00407c8315;383.12;0.2;UNKNOWN
2016-01-23T14:57:55.000000;2016-01-23T14:57:55.000000;c71699b5-2853-480a-91c6-325a708a368b;383.12;0.0534;UNKNOWN
2016-01-23T14:58:04.000000;2016-01-23T14:58:04.000000;5ea9f8ea-c6b4-45c1-a2f0-9f08a472a667;383.12;0.6389545;UNKNOWN
2016-01-23T14:58:07.000000;2016-01-23T14:58:07.000000;9a269bbe-0a65-4b42-9e00-517876cdbea0;383.12;0.07;UNKNOWN
2016-01-23T14:58:36.000000;2016-01-23T14:58:36.000000;370f44bc-b4eb-491a-bfaa-fa28e9233c0b;383.12;0.0706;UNKNOWN
2016-01-23T14:58:36.000000;2016-01-23T14:58:36.000000;13e47da3-aa34-41a9-be14-30c854f8fcb8;383.12;35.9376455;UNKNOWN
2016-01-23T14:58:47.000000;2016-01-23T14:58:47.000000;0a2256ed-10a3-41f7-9949-377faa3b297e;383.14;0.2785284;UNKNOWN
2016-01-23T15:00:18.000000;2016-01-23T15:00:18.000000;24fc03db-fa58-4604-9eee-cecbb044177a;383.45;0.273278;UNKNOWN
2016-01-23T15:01:04.000000;2016-01-23T15:01:04.000000;128c9df2-41aa-4f8f-a621-3b3d0a1dc905;383.69;3.0;UNKNOWN
2016-01-23T15:01:33.000000;2016-01-23T15:01:33.000000;4a428f6a-09e2-4930-8aac-0c82d1ab8c9f;383.45;0.01;UNKNOWN
2016-01-23T15:01:49.000000;2016-01-23T15:01:49.000000;7c2bf871-7baa-4115-9f86-b11b329c5860;383.45;0.09316334;UNKNOWN
2016-01-23T15:02:53.000000;2016-01-23T15:02:53.000000;5301e1d0-21a0-4f75-bfba-eed297812261;383.45;0.0931603;UNKNOWN
2016-01-23T15:02:55.000000;2016-01-23T15:02:55.000000;ec3b20af-ce12-4093-bd09-0f994b3811ea;383.45;0.09317855;UNKNOWN
2016-01-23T15:03:19.000000;2016-01-23T15:03:19.000000;48e4624d-ab06-42ed-b9ec-1fe56d9e13ec;383.45;0.260615;UNKNOWN
2016-01-23T15:03:23.000000;2016-01-23T15:03:23.000000;d2b82972-a910-4d11-8baa-2369e754a3b1;383.63;0.025079;UNKNOWN
2016-01-23T15:03:23.000000;2016-01-23T15:03:23.000000;505d668f-c2c5-44b8-adac-95b114d0f847;383.7;15.70274171;UNKNOWN
2016-01-23T15:03:23.000000;2016-01-23T15:03:23.000000;94ada0b6-6164-46a8-8602-51d68a9e6566;383.7;0.01276129;UNKNOWN
2016-01-23T15:03:23.000000;2016-01-23T15:03:23.000000;1343fbfa-f322-4496-816f-fe874965a691;383.57;0.070535;UNKNOWN
2016-01-23T15:03:23.000000;2016-01-23T15:03:23.000000;db24922d-3611-4bd0-8504-ba066773076d;383.64;0.188883;UNKNOWN
2016-01-23T15:03:40.000000;2016-01-23T15:03:40.000000;80c6e48a-41c9-4fff-8082-407ba55f5c7f;383.48;0.024787;UNKNOWN
2016-01-23T15:03:42.000000;2016-01-23T15:03:42.000000;926c3efe-ecfb-45f5-adf5-d425ee9614f8;383.5;0.715717;UNKNOWN
2016-01-23T15:03:43.000000;2016-01-23T15:03:43.000000;71b987f4-6969-4dfb-ba6b-0c38d8cc7e19;383.49;0.010679;UNKNOWN
2016-01-23T15:04:13.000000;2016-01-23T15:04:13.000000;87dbbb83-8bd7-4188-9770-89d0f2157c0e;383.54;0.02828927;UNKNOWN
2016-01-23T15:04:48.000000;2016-01-23T15:04:48.000000;276d66e3-7336-4940-ba31-c37c10009111;383.45;0.09310857;UNKNOWN
2016-01-23T15:04:49.000000;2016-01-23T15:04:49.000000;20b34402-57c0-4a14-8f71-111969b8a636;383.45;0.09310857;UNKNOWN
2016-01-23T15:04:50.000000;2016-01-23T15:04:50.000000;fff30992-221a-4b32-a445-1dafd4459149;383.45;0.163014;UNKNOWN
2016-01-23T15:06:12.000000;2016-01-23T15:06:12.000000;f257cb4f-f241-4816-b5d1-bf7872462cda;383.61;0.148932;UNKNOWN
2016-01-23T15:06:17.000000;2016-01-23T15:06:17.000000;1f81225b-9119-4cb8-894e-b5c637f0322a;383.5;0.230862;UNKNOWN
2016-01-23T15:06:18.000000;2016-01-23T15:06:18.000000;e892dbf7-7def-459c-82c4-aee3f53662d9;383.5;0.24964979;UNKNOWN
2016-01-23T15:06:46.000000;2016-01-23T15:06:46.000000;858a2c54-ee4b-418e-8b28-e206e7eee669;383.51;0.022414;UNKNOWN
2016-01-23T15:06:49.000000;2016-01-23T15:06:49.000000;39bdefcd-9e33-47d8-873f-adda13d93b00;383.51;0.02479;UNKNOWN
2016-01-23T15:08:14.000000;2016-01-23T15:08:14.000000;7c2e6ce7-8746-4617-8d97-8896e7465963;383.7;2.6;UNKNOWN
2016-01-23T15:09:02.000000;2016-01-23T15:09:02.000000;58fc6d00-1c59-468e-8c17-d7151396a31f;383.7;1.5;UNKNOWN
2016-01-23T15:09:19.000000;2016-01-23T15:09:19.000000;616510ad-809f-4ee4-be03-8ee86568766e;383.7;5.2248;UNKNOWN
2016-01-23T15:09:36.000000;2016-01-23T15:09:36.000000;6005c5b7-8905-43b0-b0d9-8404ba05f016;383.7;1.5;UNKNOWN
2016-01-23T15:09:40.000000;2016-01-23T15:09:40.000000;492d51d9-7cd5-4a5c-90ef-46a89a62906d;383.7;1.0;UNKNOWN
2016-01-23T15:09:48.000000;2016-01-23T15:09:48.000000;46ddd612-4f04-4e3a-8a84-2dca5bca5b6d;383.68;19.6833;UNKNOWN
2016-01-23T15:09:48.000000;2016-01-23T15:09:48.000000;25b95e81-786c-4e1c-8256-d6e672b271af;383.66;2.60712004;UNKNOWN
2016-01-23T15:09:48.000000;2016-01-23T15:09:48.000000;8dfb43bf-192f-4601-8e7c-79aebd88a16f;383.69;9.41;UNKNOWN
2016-01-23T15:09:48.000000;2016-01-23T15:09:48.000000;24303769-4b10-43db-8997-de20bcbb85a4;383.48;3.94;UNKNOWN
2016-01-23T15:09:48.000000;2016-01-23T15:09:48.000000;0eb2c558-fbfb-42ae-be97-49e81ff1d2cd;383.47;1.68424571;UNKNOWN
2016-01-23T15:09:48.000000;2016-01-23T15:09:48.000000;8a915ed9-10ae-4ae8-9c9f-e2df43e9bbfc;383.69;2.60712004;UNKNOWN
2016-01-23T15:09:48.000000;2016-01-23T15:09:48.000000;e1922dca-7751-440c-9466-1c13ca08a5e7;383.59;2.60681421;UNKNOWN
2016-01-23T15:09:48.000000;2016-01-23T15:09:48.000000;42d0bf22-5990-477a-a2f5-5d9ebcca147d;383.69;6.4614;UNKNOWN
2016-01-23T15:10:17.000000;2016-01-23T15:10:17.000000;2cb9d77d-cf94-4034-bea4-d1cb73f1a909;383.53;0.553238;UNKNOWN
2016-01-23T15:10:28.000000;2016-01-23T15:10:28.000000;c0b57d35-bc2b-498f-b877-8688f93d08b1;383.45;0.032223;UNKNOWN
2016-01-23T15:10:45.000000;2016-01-23T15:10:45.000000;d4bcc09f-2565-4e5d-b1e3-41ea13a2773b;383.45;6.476677;UNKNOWN
2016-01-23T15:10:45.000000;2016-01-23T15:10:45.000000;7f0230a6-898e-4c6e-960e-f5cb76b6ae75;383.1;0.01;UNKNOWN
2016-01-23T15:10:45.000000;2016-01-23T15:10:45.000000;86411f4c-4519-48ff-8672-3f4050efcd95;383.03;13.336623;UNKNOWN
2016-01-23T15:10:45.000000;2016-01-23T15:10:45.000000;c0ff85e7-4d2a-406c-ab8f-bb6fbce3b526;383.26;19.1517;UNKNOWN
2016-01-23T15:10:45.000000;2016-01-23T15:10:45.000000;f00be715-c412-47ac-a864-c39e4342fdc6;383.03;0.025;UNKNOWN
2016-01-23T15:10:45.000000;2016-01-23T15:10:45.000000;381b79ff-9031-4101-9390-b84109bfcced;383.44;11.0;UNKNOWN
2016-01-23T15:11:12.000000;2016-01-23T15:11:12.000000;e8b18880-1f54-48dd-bd69-e65e1d0b2c36;383.0;10.0;UNKNOWN
2016-01-23T15:11:33.000000;2016-01-23T15:11:33.000000;476e7651-6e63-4d04-9f33-f5390e119cef;383.0;0.03913625;UNKNOWN
2016-01-23T15:13:08.000000;2016-01-23T15:13:08.000000;f7aaf0f2-a64c-43ac-b23d-4a12939d7541;383.0;1.00001394;UNKNOWN
2016-01-23T15:13:47.000000;2016-01-23T15:13:47.000000;5ac9ade2-1702-43dd-9d6e-6d63eaf8d9d9;383.1;0.22562733;UNKNOWN
2016-01-23T15:16:01.000000;2016-01-23T15:16:01.000000;1a787df6-4704-48f1-8ac1-ae99a43843ac;383.15;0.33;UNKNOWN
2016-01-23T15:16:04.000000;2016-01-23T15:16:04.000000;ceda9ccf-7f34-48e2-a7cc-0c1f3425138f;383.65;0.01;UNKNOWN
2016-01-23T15:16:04.000000;2016-01-23T15:16:04.000000;c30f1336-1960-4317-9c0c-08648ad6c342;383.84;0.01594639;UNKNOWN
2016-01-23T15:16:28.000000;2016-01-23T15:16:28.000000;50fc6970-1e18-4435-b4c7-216787048387;383.27;3.5306;UNKNOWN
2016-01-23T15:16:28.000000;2016-01-23T15:16:28.000000;9e2e0f4c-faaf-4ce0-b406-64b1a0c76491;383.27;6.4694;UNKNOWN
2016-01-23T15:16:44.000000;2016-01-23T15:16:44.000000;b5001b37-2e3f-449d-b553-0c5951dbb6bf;383.06;1.0035;UNKNOWN
2016-01-23T15:17:15.000000;2016-01-23T15:17:15.000000;7ab45669-8eec-45da-94ea-7641e74c390b;383.82;0.009694;UNKNOWN
2016-01-23T15:17:15.000000;2016-01-23T15:17:15.000000;ede6d037-c386-4821-b532-f30f7ef80147;383.59;0.070506;UNKNOWN
2016-01-23T15:17:33.000000;2016-01-23T15:17:33.000000;7d5e333a-c0af-4912-a94b-dd51b6f45975;383.68;0.079438;UNKNOWN
2016-01-23T15:17:33.000000;2016-01-23T15:17:33.000000;cfa0e314-d71e-40e4-9ea8-be100d2eb450;383.59;0.070562;UNKNOWN
2016-01-23T15:17:36.000000;2016-01-23T15:17:36.000000;c9041c50-28b2-4fea-a4fe-1b22936b6f9a;383.66;0.2735;UNKNOWN
2016-01-23T15:19:28.000000;2016-01-23T15:19:28.000000;6eba1aae-b31d-40be-b594-9c0f12c8592d;383.19;0.08;UNKNOWN
2016-01-23T15:20:08.000000;2016-01-23T15:20:08.000000;a81b31b9-9551-4d08-b409-9be0f07187fc;383.0;0.36;UNKNOWN
2016-01-23T15:20:26.000000;2016-01-23T15:20:26.000000;519d3d86-9e7e-4eab-8f3b-9ed23b60f045;383.0;0.25;UNKNOWN
2016-01-23T15:20:52.000000;2016-01-23T15:20:52.000000;d73cbf6b-818c-4175-b761-d77224f683a3;383.0;0.0132734;UNKNOWN
2016-01-23T15:21:23.000000;2016-01-23T15:21:23.000000;20b65032-bdae-423f-8172-67122baa5bd7;383.02;0.1314;UNKNOWN
2016-01-23T15:21:30.000000;2016-01-23T15:21:30.000000;b8a02902-2e86-4bb2-a90e-5d8d44b5d7e4;383.0;1.0;UNKNOWN
2016-01-23T15:21:37.000000;2016-01-23T15:21:37.000000;327d6468-a08b-4b6e-b2bf-767e65e4b9ab;383.0;0.25;UNKNOWN
2016-01-23T15:21:49.000000;2016-01-23T15:21:49.000000;ab34e2d5-1145-48e0-bf95-b33d0e8ab0a9;383.0;0.5;UNKNOWN
2016-01-23T15:23:08.000000;2016-01-23T15:23:08.000000;25d29dbf-65eb-470d-9fd6-6a60bdd77284;383.0;2.5;UNKNOWN
2016-01-23T15:23:19.000000;2016-01-23T15:23:19.000000;63522acc-23ac-4618-bcbd-430526a91c71;383.0;0.25;UNKNOWN
2016-01-23T15:23:45.000000;2016-01-23T15:23:45.000000;4f04b0ad-fcb3-4171-807d-ef64da3e99be;383.0;0.25;UNKNOWN
2016-01-23T15:23:55.000000;2016-01-23T15:23:55.000000;557f7250-aa0d-4a6a-8745-2933a8d5129d;383.0;0.25;UNKNOWN
2016-01-23T15:23:58.000000;2016-01-23T15:23:58.000000;ffaf2edf-db28-4a74-a9de-609512c4cc30;383.0;0.25;UNKNOWN
2016-01-23T15:23:58.000000;2016-01-23T15:23:58.000000;530dac68-dd85-42e3-ac78-bc21fc8ee1f4;383.0;40.0;UNKNOWN
2016-01-23T15:24:09.000000;2016-01-23T15:24:09.000000;45fec322-b80f-4c17-a003-216ad598936c;383.0;0.01;UNKNOWN
2016-01-23T15:24:09.000000;2016-01-23T15:24:09.000000;0b6aae0c-88cb-46a9-89a9-b9615e1f2c10;383.0;31.2775353;UNKNOWN
2016-01-23T15:24:09.000000;2016-01-23T15:24:09.000000;bb6abba3-3cd9-4395-9ce8-715dac1b1edb;382.64;3.9229647;UNKNOWN
2016-01-23T15:24:09.000000;2016-01-23T15:24:09.000000;db09906f-c583-4340-b7ae-c692925b43b3;382.65;0.025;UNKNOWN
2016-01-23T15:24:23.000000;2016-01-23T15:24:23.000000;203fa889-0aaa-41da-b931-20064bb8105a;382.64;1.5;UNKNOWN
2016-01-23T15:24:26.000000;2016-01-23T15:24:26.000000;efb26adb-31a4-4666-8b6e-39470df3a6d5;382.63;1.5;UNKNOWN
2016-01-23T15:25:11.000000;2016-01-23T15:25:11.000000;5b3b938b-a7b3-49bb-b15f-2930bc7464f3;382.63;0.45;UNKNOWN
2016-01-23T15:25:30.000000;2016-01-23T15:25:30.000000;fd2cdf42-66f6-45cb-bc56-f8747ed5c53a;382.56;0.05;UNKNOWN
2016-01-23T15:26:03.000000;2016-01-23T15:26:03.000000;97d3a267-5c0e-4fb5-8d5a-78ecae58fccb;382.12;2.54;UNKNOWN
2016-01-23T15:26:03.000000;2016-01-23T15:26:03.000000;20698647-9bb1-4e2a-abfa-534e726d6081;382.4;0.01;UNKNOWN
2016-01-23T15:26:29.000000;2016-01-23T15:26:29.000000;f65c086d-dc56-4280-8042-c9b58aba0b4b;382.19;0.17;UNKNOWN
2016-01-23T15:26:29.000000;2016-01-23T15:26:29.000000;16e0613b-74d1-421f-9249-a8609d50a8bc;382.19;0.13;UNKNOWN
2016-01-23T15:26:47.000000;2016-01-23T15:26:47.000000;c0609737-64b6-4547-9ced-1a79b5b7842f;382.12;2.0;UNKNOWN
2016-01-23T15:26:52.000000;2016-01-23T15:26:52.000000;fa056022-6a4f-4d84-b287-afdca965e891;382.11;0.3;UNKNOWN
2016-01-23T15:29:46.000000;2016-01-23T15:29:46.000000;9092262f-9aa3-447c-8ace-c0ea7753f3ac;382.92;7.0;UNKNOWN
2016-01-23T15:30:04.000000;2016-01-23T15:30:04.000000;f0a3beaf-cb37-4362-bbbc-1ed3b83f3556;382.39;0.10178445;UNKNOWN
2016-01-23T15:30:47.000000;2016-01-23T15:30:47.000000;794b82e8-ae40-4312-872b-979d569772a8;382.27;0.04;UNKNOWN
2016-01-23T15:31:05.000000;2016-01-23T15:31:05.000000;4c46ec87-6729-4b1e-90f3-30c589df2f01;382.82;0.05;UNKNOWN
2016-01-23T15:31:39.000000;2016-01-23T15:31:39.000000;5286d472-c170-42ae-81f5-dd58248a25ec;382.15;0.0133;UNKNOWN
2016-01-23T15:32:08.000000;2016-01-23T15:32:08.000000;a4110180-0a6b-4763-a9a1-0c2d6745517a;382.0;5.0;UNKNOWN
2016-01-23T15:32:08.000000;2016-01-23T15:32:08.000000;5bfd311a-d067-4579-b0e3-7a73eac22703;381.97;0.05;UNKNOWN
2016-01-23T15:32:08.000000;2016-01-23T15:32:08.000000;d7a86dce-202e-4826-8e11-3ba7355728ce;381.72;5.2484;UNKNOWN
2016-01-23T15:32:08.000000;2016-01-23T15:32:08.000000;30b0e52b-a6ab-40e1-a38b-4ac73d552336;381.74;0.5;UNKNOWN
2016-01-23T15:32:08.000000;2016-01-23T15:32:08.000000;626a7636-60fa-473e-b8c6-fd7a3c37f4ce;382.0;0.5;UNKNOWN
2016-01-23T15:32:08.000000;2016-01-23T15:32:08.000000;c314d18b-f9b4-41b2-8bf8-247c13195ba2;382.11;9.7;UNKNOWN
2016-01-23T15:32:08.000000;2016-01-23T15:32:08.000000;7df913f8-57ee-4b65-8588-b4bdf26297c7;382.01;6.5016;UNKNOWN
2016-01-23T15:32:17.000000;2016-01-23T15:32:17.000000;ad2562f7-855c-49b8-8257-136110065105;381.62;0.1246502;UNKNOWN
2016-01-23T15:32:28.000000;2016-01-23T15:32:28.000000;c3994f7f-e759-4b0a-ae60-f067c0b6c4a6;381.63;2.5;UNKNOWN
2016-01-23T15:32:33.000000;2016-01-23T15:32:33.000000;110edbc0-166f-43f2-a3d5-176a98d41f5a;381.62;0.2618913;UNKNOWN
2016-01-23T15:32:46.000000;2016-01-23T15:32:46.000000;68fbd9a5-a492-4c5e-9d57-07944f866461;381.63;6.5265;UNKNOWN
2016-01-23T15:32:46.000000;2016-01-23T15:32:46.000000;a7c8a3bf-32f0-481e-8056-e0edfdf12623;381.62;2.023368;UNKNOWN
2016-01-23T15:32:48.000000;2016-01-23T15:32:48.000000;52cb5101-d054-4b9c-9b5d-c7e6b834cbf4;381.62;0.2;UNKNOWN
2016-01-23T15:32:52.000000;2016-01-23T15:32:52.000000;4c84cced-9351-4261-9207-298ae7763c9e;381.4;2.49419692;UNKNOWN
2016-01-23T15:32:52.000000;2016-01-23T15:32:52.000000;47e41f58-3ac6-4f18-a98d-6a107264f5fc;381.62;0.00580308;UNKNOWN
2016-01-23T15:32:54.000000;2016-01-23T15:32:54.000000;2d194f73-16d4-40a5-ac7c-d0d26f34a3dc;381.14;2.32762881;UNKNOWN
2016-01-23T15:32:54.000000;2016-01-23T15:32:54.000000;9252fd8b-0dc2-4edb-98ba-dea60d70c857;381.4;0.12237119;UNKNOWN
2016-01-23T15:32:54.000000;2016-01-23T15:32:54.000000;135b9631-04fd-4175-a11b-8b2e7649f9b3;381.23;0.05;UNKNOWN
2016-01-23T15:32:57.000000;2016-01-23T15:32:57.000000;f5c1ad1c-94f8-4113-9165-00256e785c9b;381.15;0.2;UNKNOWN
2016-01-23T15:33:13.000000;2016-01-23T15:33:13.000000;d88f9862-c3af-47cf-9369-03d3cc23410c;381.21;0.25661423;UNKNOWN
2016-01-23T15:35:04.000000;2016-01-23T15:35:04.000000;854c07a3-5ab7-4673-8552-751e4aad39c0;381.21;0.06414261;UNKNOWN
2016-01-23T15:35:06.000000;2016-01-23T15:35:06.000000;bc4d5fee-29e9-4f5e-b9d2-237ff9e6ae64;381.21;1.1;UNKNOWN
2016-01-23T15:35:06.000000;2016-01-23T15:35:06.000000;a80affac-beb2-4a12-88e9-11fdccef5024;381.5;0.25;UNKNOWN
2016-01-23T15:35:35.000000;2016-01-23T15:35:35.000000;86940da3-278b-41f8-b35d-16624cf68c4a;381.21;0.16652939;UNKNOWN
2016-01-23T15:36:04.000000;2016-01-23T15:36:04.000000;8d47297c-9950-4874-aefd-39ff3782dcae;381.22;0.03796534;UNKNOWN
2016-01-23T15:36:14.000000;2016-01-23T15:36:14.000000;d313ffc9-fc3e-4bef-8fc8-a775f9d49407;381.11;1.0;UNKNOWN
2016-01-23T15:36:14.000000;2016-01-23T15:36:14.000000;e63e4377-9d59-443c-a67c-24beb28c48de;381.2;0.4;UNKNOWN
2016-01-23T15:36:14.000000;2016-01-23T15:36:14.000000;fe498867-32fa-43ae-8850-36f6d3d2e7cc;381.04;1.05;UNKNOWN
2016-01-23T15:36:14.000000;2016-01-23T15:36:14.000000;d9e24f5e-4ba6-48db-b3eb-f178e4eafc9b;381.13;0.05;UNKNOWN
2016-01-23T15:36:18.000000;2016-01-23T15:36:18.000000;ae9714e3-2720-495a-8fd1-cc2b4258b046;381.04;2.5;UNKNOWN
2016-01-23T15:37:26.000000;2016-01-23T15:37:26.000000;32f69502-d9a5-4fe2-ba23-f5c2f4fa0bca;381.22;3.9996;UNKNOWN
2016-01-23T15:37:26.000000;2016-01-23T15:37:26.000000;1efee4be-faae-4969-8b8a-275d73146ae7;381.21;6.5004;UNKNOWN
2016-01-23T15:37:44.000000;2016-01-23T15:37:44.000000;8a007c9e-6272-4896-b1a7-c4d301daf1c2;381.22;1.0;UNKNOWN
2016-01-23T15:38:25.000000;2016-01-23T15:38:25.000000;49886b00-442b-4bd3-a3e0-fab54803967e;381.52;1.0;UNKNOWN
2016-01-23T15:38:45.000000;2016-01-23T15:38:45.000000;c63dbecf-1c28-47ee-a6fc-ca0228f2f884;381.93;6.0;UNKNOWN
2016-01-23T15:38:45.000000;2016-01-23T15:38:45.000000;28076b8b-a6ee-4360-936e-f867a2ba65b6;381.91;2.62412092;UNKNOWN
2016-01-23T15:38:45.000000;2016-01-23T15:38:45.000000;a1213334-ed71-428b-b953-3b91138bbfcc;381.92;3.0;UNKNOWN
2016-01-23T15:38:45.000000;2016-01-23T15:38:45.000000;e594059e-cf73-4b93-920e-7a17a5ac34f9;381.7;2.62474081;UNKNOWN
2016-01-23T15:38:45.000000;2016-01-23T15:38:45.000000;802521d0-0d21-45e1-a83b-93f182d323a3;381.69;0.5;UNKNOWN
2016-01-23T15:38:45.000000;2016-01-23T15:38:45.000000;3ff0a706-314f-46c9-b54d-d90d8487247a;381.94;4.25113827;UNKNOWN
2016-01-23T15:39:43.000000;2016-01-23T15:39:43.000000;6466607c-c7e5-44b5-b609-61ff70a11b9a;382.15;3.6682222;UNKNOWN
2016-01-23T15:40:43.000000;2016-01-23T15:40:43.000000;7896316a-359d-48a0-bb0b-fe656c566637;382.11;1.05031315;UNKNOWN
2016-01-23T15:41:04.000000;2016-01-23T15:41:04.000000;aaa693bb-8abc-4a57-8d3c-78f78b62c349;382.5;0.18592544;UNKNOWN
2016-01-23T15:41:04.000000;2016-01-23T15:41:04.000000;e228577d-af7a-491a-8722-4c34117f4c8f;382.47;0.042654;UNKNOWN
2016-01-23T15:41:21.000000;2016-01-23T15:41:21.000000;f83c76a5-381b-4d72-a68b-270a0be895dc;382.28;0.031938;UNKNOWN
2016-01-23T15:41:59.000000;2016-01-23T15:41:59.000000;bffeecb8-fd8c-4f51-9c1c-e26131f17af4;382.5;2.44040085;UNKNOWN
2016-01-23T15:41:59.000000;2016-01-23T15:41:59.000000;910c8bea-825a-49a9-a331-9685e66c9a1f;382.54;2.55959915;UNKNOWN
2016-01-23T15:42:13.000000;2016-01-23T15:42:13.000000;90efbc78-6de5-4e55-a6b2-d8707891ef2e;382.11;2.5;UNKNOWN
2016-01-23T15:42:43.000000;2016-01-23T15:42:43.000000;60acf40e-e9fa-47de-ab5b-0d2156fa08bb;382.31;0.5;UNKNOWN
2016-01-23T15:43:09.000000;2016-01-23T15:43:09.000000;f6e6fb16-e0ca-4a45-8e48-6baf4bf6763d;382.38;0.5;UNKNOWN
2016-01-23T15:43:13.000000;2016-01-23T15:43:13.000000;cf98adb6-b0bd-4262-8b94-5231d37ebe77;382.67;0.6;UNKNOWN
2016-01-23T15:43:38.000000;2016-01-23T15:43:38.000000;97068a63-9afb-4c5f-be4f-5580489a3f92;382.67;0.3112;UNKNOWN
2016-01-23T15:44:09.000000;2016-01-23T15:44:09.000000;c5cf3bd5-820e-4cb8-88fd-f0d7547aea1f;382.37;0.1699;UNKNOWN
2016-01-23T15:46:04.000000;2016-01-23T15:46:04.000000;9c9e7d34-e639-463e-b4c5-707ea529ffdf;382.37;0.30469365;UNKNOWN
2016-01-23T15:47:08.000000;2016-01-23T15:47:08.000000;82b256bf-384a-47fc-81c9-20b98dc05322;382.37;0.3;UNKNOWN
2016-01-23T15:47:49.000000;2016-01-23T15:47:49.000000;a117ddf1-2f8e-4bef-96d9-e321427f8bf4;382.26;1.0;UNKNOWN
2016-01-23T15:47:49.000000;2016-01-23T15:47:49.000000;5adc9de2-88e8-40fe-90e7-6f39520ee5d0;382.3;1.0;UNKNOWN
2016-01-23T15:48:06.000000;2016-01-23T15:48:06.000000;59fef33a-795b-4539-88e4-41d94b61a962;382.23;0.035386;UNKNOWN
2016-01-23T15:48:12.000000;2016-01-23T15:48:12.000000;e101bf1f-e1b2-4cc1-a0f5-7519332eb718;382.37;0.3199;UNKNOWN
2016-01-23T15:48:39.000000;2016-01-23T15:48:39.000000;ea3e8d5c-ff3d-4016-b0da-353d1b25b982;382.22;2.0;UNKNOWN
2016-01-23T15:49:02.000000;2016-01-23T15:49:02.000000;776f9118-3097-4ab4-858f-7ca4d8890aaa;382.22;2.0;UNKNOWN
2016-01-23T15:50:47.000000;2016-01-23T15:50:47.000000;9d28584e-03c4-4fd1-bf9b-1d9c1b03e024;382.24;0.457;UNKNOWN
2016-01-23T15:50:52.000000;2016-01-23T15:50:52.000000;a14ee772-a21c-4153-991c-5fb2a0d019a4;382.23;2.0;UNKNOWN
2016-01-23T15:51:20.000000;2016-01-23T15:51:20.000000;2a35abac-40ec-4b74-9a14-502c773a1e89;382.21;0.5;UNKNOWN
2016-01-23T15:51:20.000000;2016-01-23T15:51:20.000000;c79da16b-dc84-44fd-b58a-1f1a20c22158;382.2;1.5;UNKNOWN
2016-01-23T15:51:58.000000;2016-01-23T15:51:58.000000;4efaf8f6-45dd-47ef-a26d-3bf937426cbe;382.37;0.01;UNKNOWN
2016-01-23T15:51:58.000000;2016-01-23T15:51:58.000000;ae304941-0b75-4cfb-a325-e68be723c659;382.37;1.0;UNKNOWN
2016-01-23T15:51:59.000000;2016-01-23T15:51:59.000000;a56fba9a-9801-4af8-8fbc-14bd6aff2569;382.33;1.5;UNKNOWN
2016-01-23T15:51:59.000000;2016-01-23T15:51:59.000000;23629ff7-2151-4660-8422-e8780ba7e568;382.34;0.5;UNKNOWN
2016-01-23T15:52:03.000000;2016-01-23T15:52:03.000000;b5c2417a-426b-45a4-9a4f-0982c9df6150;382.37;1.1;UNKNOWN
2016-01-23T15:52:13.000000;2016-01-23T15:52:13.000000;44aa4bc3-ac03-4c1e-ade4-156919dbb687;382.36;0.06436455;UNKNOWN
2016-01-23T15:52:19.000000;2016-01-23T15:52:19.000000;51046b04-1844-47d5-83d9-4395c308c079;382.37;1.79;UNKNOWN
2016-01-23T15:52:25.000000;2016-01-23T15:52:25.000000;bbd7a9a6-45fa-4255-b12d-7a97ebb2ccf5;382.36;0.20422622;UNKNOWN
2016-01-23T15:52:36.000000;2016-01-23T15:52:36.000000;5b7ffdc0-71e8-4af8-aa6a-f6d18e3b66e7;382.36;2.0;UNKNOWN
2016-01-23T15:52:59.000000;2016-01-23T15:52:59.000000;da9272ee-7d48-4fae-851f-ed7ae6705915;382.37;0.00550635;UNKNOWN
2016-01-23T15:53:09.000000;2016-01-23T15:53:09.000000;a3c2bdf3-9ab0-41a8-a1f2-2a28f48425da;383.64;0.097772;UNKNOWN
2016-01-23T15:53:09.000000;2016-01-23T15:53:09.000000;5bcde126-67ed-4d8d-9ea7-32008d1c8aff;383.76;1.62643875;UNKNOWN
2016-01-23T15:53:09.000000;2016-01-23T15:53:09.000000;d58da9a0-de9f-4d3a-9d57-29d88da33302;383.71;3.0;UNKNOWN
2016-01-23T15:53:09.000000;2016-01-23T15:53:09.000000;136a9422-5873-4047-bae2-904e837f3f4c;383.03;0.01;UNKNOWN
2016-01-23T15:53:09.000000;2016-01-23T15:53:09.000000;2ae1d32a-878b-49cc-8085-f3d8e302e8c0;383.65;2.61478925;UNKNOWN
2016-01-23T15:53:09.000000;2016-01-23T15:53:09.000000;ef1df1e5-97a7-4cb0-98a4-0813c6bfad45;383.14;0.05;UNKNOWN
2016-01-23T15:54:14.000000;2016-01-23T15:54:14.000000;4b95aebd-31ac-4ae7-baa3-bd6b77704a4b;383.31;2.0;UNKNOWN
2016-01-23T15:54:31.000000;2016-01-23T15:54:31.000000;945f1deb-5031-4af0-891c-33abf29a4b77;383.12;0.05;UNKNOWN
2016-01-23T15:54:44.000000;2016-01-23T15:54:44.000000;b70ad36c-de67-4fa1-b2c5-2e8991ceeb50;383.68;20.1;UNKNOWN
2016-01-23T15:54:56.000000;2016-01-23T15:54:56.000000;502c15f4-0a8f-48a4-92f1-2005912b675c;383.86;0.1;UNKNOWN
2016-01-23T15:54:57.000000;2016-01-23T15:54:57.000000;49d6ef6a-988e-4c88-af37-30734773b777;383.86;6.365;UNKNOWN
2016-01-23T15:54:57.000000;2016-01-23T15:54:57.000000;e7bc596e-fe08-49b4-b0f9-0607e9cb8ceb;383.87;2.61413988;UNKNOWN
2016-01-23T15:54:57.000000;2016-01-23T15:54:57.000000;05e87491-f8c9-4eef-bf60-04cd77412db3;383.89;1.0;UNKNOWN
2016-01-23T15:55:20.000000;2016-01-23T15:55:20.000000;36702afc-4dca-4856-8d47-de8b5659e1c3;383.9;0.04;UNKNOWN
2016-01-23T15:55:46.000000;2016-01-23T15:55:46.000000;f2e6d83a-ee45-4f14-aaa1-48d686e09a17;383.96;0.105884;UNKNOWN
2016-01-23T15:55:46.000000;2016-01-23T15:55:46.000000;0d01ffa9-6409-44d4-a67f-f4aa012eba26;383.91;1.0;UNKNOWN
2016-01-23T15:55:47.000000;2016-01-23T15:55:47.000000;0be5916e-421d-40d2-b464-74b2fff9da31;383.96;0.127763;UNKNOWN
2016-01-23T15:56:04.000000;2016-01-23T15:56:04.000000;b5f9ac76-5e39-48bc-972d-8dc40342a585;383.97;0.0774;UNKNOWN
2016-01-23T15:56:04.000000;2016-01-23T15:56:04.000000;59087217-c1da-4205-8cfb-24b2d7483e83;383.97;0.1;UNKNOWN
2016-01-23T15:56:16.000000;2016-01-23T15:56:16.000000;95b2c39d-0a21-43ad-ba1e-68e910e6c0a6;383.96;0.018511;UNKNOWN
2016-01-23T15:56:36.000000;2016-01-23T15:56:36.000000;0129ac7b-4675-43cb-8755-5e6213410bbd;383.99;0.05;UNKNOWN
2016-01-23T15:56:36.000000;2016-01-23T15:56:36.000000;4371009d-ad30-43dd-bcf4-f672897861dc;383.98;0.05;UNKNOWN
2016-01-23T15:56:42.000000;2016-01-23T15:56:42.000000;69cd91cb-5d4d-41a5-90cc-29a7150426f0;383.99;1.0;UNKNOWN
2016-01-23T15:56:42.000000;2016-01-23T15:56:42.000000;39d1a90d-38ae-4a4f-88d4-0390af7ab7e0;383.99;0.2;UNKNOWN
2016-01-23T15:57:05.000000;2016-01-23T15:57:05.000000;b703496d-486f-4182-8c94-945b8565be47;383.99;0.4;UNKNOWN
2016-01-23T15:57:25.000000;2016-01-23T15:57:25.000000;6aa21c18-2d40-4e39-ba44-6b9c249cfc19;383.99;0.998;UNKNOWN
2016-01-23T15:58:03.000000;2016-01-23T15:58:03.000000;45f16dcd-3fe6-411d-b4c2-0788b0e30677;384.0;0.0909;UNKNOWN
2016-01-23T15:58:19.000000;2016-01-23T15:58:19.000000;4a6193c5-efe5-4168-ae17-7ed8877e8d34;384.0;0.3;UNKNOWN
2016-01-23T15:58:20.000000;2016-01-23T15:58:20.000000;90d0427c-8345-420c-90ad-8f9afdf569c2;384.0;0.05;UNKNOWN
2016-01-23T15:58:20.000000;2016-01-23T15:58:20.000000;c3cfc1a6-29bb-4107-91db-f73123d16ec3;384.0;0.25;UNKNOWN
2016-01-23T15:58:26.000000;2016-01-23T15:58:26.000000;f4f135be-e456-4649-90bf-b9d44536d760;384.0;0.3;UNKNOWN
2016-01-23T15:58:31.000000;2016-01-23T15:58:31.000000;f0bcadca-91b2-4dd0-9f43-1df9427fa0ea;384.0;0.0091;UNKNOWN
2016-01-23T15:58:39.000000;2016-01-23T15:58:39.000000;b9fae4ca-81fa-441e-9ae6-faf1de1af350;384.1;1.0;UNKNOWN
2016-01-23T15:58:39.000000;2016-01-23T15:58:39.000000;a9a1a280-4134-4ab9-bde1-4135b7e8965f;384.11;0.02;UNKNOWN
2016-01-23T15:58:39.000000;2016-01-23T15:58:39.000000;8b7ab136-2437-460b-b599-d47935eb649a;384.2;1.0;UNKNOWN
2016-01-23T15:58:39.000000;2016-01-23T15:58:39.000000;43d8fd14-6c55-4a5c-8326-479b38eed1be;384.07;0.031518;UNKNOWN
2016-01-23T15:58:40.000000;2016-01-23T15:58:40.000000;02cc7ce2-ff87-41f3-84b9-461232ebba82;384.41;0.041699;UNKNOWN
2016-01-23T15:58:41.000000;2016-01-23T15:58:41.000000;b5b3bbbd-3b4a-4797-a53c-6695c9c1bae9;384.41;0.026067;UNKNOWN
2016-01-23T15:58:46.000000;2016-01-23T15:58:46.000000;db432a4e-0870-4a4a-b97d-037f2ae45b82;384.58;0.05;UNKNOWN
2016-01-23T15:58:46.000000;2016-01-23T15:58:46.000000;3175ceda-1109-407e-8fef-b4f67e414c03;384.61;0.95;UNKNOWN
2016-01-23T15:58:58.000000;2016-01-23T15:58:58.000000;874f0f31-32d7-40b6-aa80-28f87c127d19;384.99;0.070559;UNKNOWN
2016-01-23T15:58:58.000000;2016-01-23T15:58:58.000000;13a2b695-d8df-478e-ad0e-3974f949c1a5;384.93;2.61093197;UNKNOWN
2016-01-23T15:58:58.000000;2016-01-23T15:58:58.000000;de23029f-95be-410d-8801-69689605a941;384.7;1.0;UNKNOWN
2016-01-23T15:58:58.000000;2016-01-23T15:58:58.000000;42b804fe-ac0c-49f6-b5c5-d881f736a73d;384.96;18.8443;UNKNOWN
2016-01-23T15:58:58.000000;2016-01-23T15:58:58.000000;98d8bfef-255b-4b85-a37f-e3290898b072;384.89;0.025;UNKNOWN
2016-01-23T15:58:58.000000;2016-01-23T15:58:58.000000;4dfde781-bf82-4f83-8050-35eb05b76a19;384.83;2.61400321;UNKNOWN
2016-01-23T15:58:58.000000;2016-01-23T15:58:58.000000;0614fbb0-d47e-4753-b327-131c11b040ce;384.77;2.61100014;UNKNOWN
2016-01-23T15:58:58.000000;2016-01-23T15:58:58.000000;bd77ab17-8b04-4710-9b63-a929cb4ae0b4;384.93;16.5384;UNKNOWN
2016-01-23T15:58:58.000000;2016-01-23T15:58:58.000000;dcee8cea-6e70-4e38-93e4-a032720e298b;384.96;2.61444744;UNKNOWN
2016-01-23T15:58:58.000000;2016-01-23T15:58:58.000000;71068ca9-0dbe-45db-abf0-c76079fbdb4c;385.0;0.05;UNKNOWN
2016-01-23T15:58:58.000000;2016-01-23T15:58:58.000000;34271626-f924-4268-94ef-b649474931d8;384.63;2.61407155;UNKNOWN
2016-01-23T15:59:01.000000;2016-01-23T15:59:01.000000;2cea9f77-8f61-40c2-a0a3-e8cd04ff134e;385.02;0.01996;UNKNOWN
2016-01-23T15:59:02.000000;2016-01-23T15:59:02.000000;f44a4e80-f359-4372-96c9-2791170fea8a;385.29;1.79;UNKNOWN
2016-01-23T15:59:02.000000;2016-01-23T15:59:02.000000;a6ac8a16-e945-417e-84e3-350725a179d4;385.3;1.79;UNKNOWN
2016-01-23T15:59:02.000000;2016-01-23T15:59:02.000000;e84105a9-b550-48d3-8f17-52187d91079a;385.31;2.93;UNKNOWN
2016-01-23T15:59:02.000000;2016-01-23T15:59:02.000000;4e9495de-1553-4850-90eb-cc5707db32fd;385.3;2.91;UNKNOWN
2016-01-23T15:59:02.000000;2016-01-23T15:59:02.000000;d7fbaee5-2952-4a88-8735-1779ea348ada;385.49;9.20962548;UNKNOWN
2016-01-23T15:59:02.000000;2016-01-23T15:59:02.000000;5e0c042d-d371-4a51-98b2-77f3a5cf1419;385.24;0.05;UNKNOWN
2016-01-23T15:59:02.000000;2016-01-23T15:59:02.000000;fe3b4a9b-bc34-4228-8850-b786f849cf24;385.49;2.61400321;UNKNOWN
2016-01-23T15:59:02.000000;2016-01-23T15:59:02.000000;2479cc52-d0bc-423a-93aa-5a770ec2a979;385.38;9.7;UNKNOWN
2016-01-23T15:59:02.000000;2016-01-23T15:59:02.000000;13b0c255-49ab-46f7-8ea6-98bad59c317a;385.25;0.05;UNKNOWN
2016-01-23T15:59:02.000000;2016-01-23T15:59:02.000000;563e21fa-5182-414a-88bd-2be477797742;385.09;2.60783393;UNKNOWN
2016-01-23T15:59:02.000000;2016-01-23T15:59:02.000000;37a637f6-91b2-4d0b-bf07-21d066694901;385.23;2.62;UNKNOWN
2016-01-23T15:59:02.000000;2016-01-23T15:59:02.000000;92f228a3-6fb3-4c4e-b498-a329572ec9df;385.24;2.61403738;UNKNOWN
2016-01-23T15:59:04.000000;2016-01-23T15:59:04.000000;43f53ef0-6410-4958-8d0c-871b76b6c8ab;385.02;0.16;UNKNOWN
2016-01-23T15:59:04.000000;2016-01-23T15:59:04.000000;4ecd25d2-9743-428f-8fcc-39f92f1d05c0;385.02;0.14;UNKNOWN
2016-01-23T15:59:04.000000;2016-01-23T15:59:04.000000;be641820-cd12-44fa-adaf-92c2b0e31e3f;385.02;2.98004;UNKNOWN
2016-01-23T15:59:04.000000;2016-01-23T15:59:04.000000;3f291bdb-0561-4df2-a26a-cba8b562bac4;385.03;0.5;UNKNOWN
2016-01-23T15:59:04.000000;2016-01-23T15:59:04.000000;c8f0f7f9-5a54-4760-a1b7-1a9d694644f6;385.02;6.429;UNKNOWN
2016-01-23T15:59:04.000000;2016-01-23T15:59:04.000000;6dfb7198-bebd-48db-8662-c175303b6daa;385.02;0.2909;UNKNOWN
2016-01-23T15:59:11.000000;2016-01-23T15:59:11.000000;f1106a9d-2976-4912-8eb6-4b79641e1c88;385.02;24.50006;UNKNOWN
2016-01-23T15:59:15.000000;2016-01-23T15:59:15.000000;282284a3-74c9-418a-9d01-cbb8cca50dab;385.32;0.25;UNKNOWN
2016-01-23T15:59:15.000000;2016-01-23T15:59:15.000000;72f3d8c6-087d-4e9c-8c2e-6ede5a4f4f43;385.32;1.0;UNKNOWN
2016-01-23T15:59:20.000000;2016-01-23T15:59:20.000000;8c827134-3e91-44a0-bbb2-996b5e5f422f;385.33;1.0;UNKNOWN
2016-01-23T15:59:21.000000;2016-01-23T15:59:21.000000;c5b9ef2b-56d8-4b43-8dd3-543869ec860f;385.78;2.61407155;UNKNOWN
2016-01-23T15:59:21.000000;2016-01-23T15:59:21.000000;90aa557d-58e6-494c-a601-6e70343fa77b;385.33;1.607222;UNKNOWN
2016-01-23T15:59:21.000000;2016-01-23T15:59:21.000000;0cb480a6-22b4-484e-a834-647329310d95;385.77;0.05;UNKNOWN
2016-01-23T15:59:21.000000;2016-01-23T15:59:21.000000;cb9b0dfe-e4e9-4586-acb9-37f0f98a4c78;385.77;1.0;UNKNOWN
2016-01-23T15:59:21.000000;2016-01-23T15:59:21.000000;0640c996-7b5e-4e06-859b-068f2dfd70a7;385.98;0.72870645;UNKNOWN
2016-01-23T15:59:23.000000;2016-01-23T15:59:23.000000;1754df23-eebd-4705-b45d-fefad9f28d4c;385.11;3.0;UNKNOWN
2016-01-23T15:59:23.000000;2016-01-23T15:59:23.000000;80cf1867-5e42-4c70-8037-97d5982e1723;385.11;0.5;UNKNOWN
2016-01-23T15:59:23.000000;2016-01-23T15:59:23.000000;39335678-e487-4d41-967a-4bd268ed0841;385.1;1.5;UNKNOWN
2016-01-23T15:59:27.000000;2016-01-23T15:59:27.000000;bdd2dc53-c39e-4797-8a71-29d06f7b310d;385.3;0.05;UNKNOWN
2016-01-23T15:59:32.000000;2016-01-23T15:59:32.000000;19fd47d9-fdd1-404e-9760-7a51b7a43cd8;386.19;2.61396905;UNKNOWN
2016-01-23T15:59:32.000000;2016-01-23T15:59:32.000000;9c7b2600-7412-475c-ab5d-543cdf057922;386.0;1.0;UNKNOWN
2016-01-23T15:59:32.000000;2016-01-23T15:59:32.000000;5f3721da-e3d6-445c-a037-6f556823132d;386.29;6.06412575;UNKNOWN
2016-01-23T15:59:32.000000;2016-01-23T15:59:32.000000;ffa5c61d-951f-4be8-949d-aba9a14dc0d9;386.13;0.2516902;UNKNOWN
2016-01-23T15:59:32.000000;2016-01-23T15:59:32.000000;ae06bbe3-e487-4fb4-a266-eb0bc8fc8e6e;386.25;10.0;UNKNOWN
2016-01-23T15:59:32.000000;2016-01-23T15:59:32.000000;ec3632e3-006e-40b2-ac3a-4696b86ca6df;386.15;0.070215;UNKNOWN
2016-01-23T15:59:33.000000;2016-01-23T15:59:33.000000;21f9f650-4cf4-4fc4-bff3-6f69043ac0c5;386.29;2.4;UNKNOWN
2016-01-23T15:59:33.000000;2016-01-23T15:59:33.000000;2f91f1ca-66cc-4eca-a1ef-bcf07c83c2fe;386.28;0.5;UNKNOWN
2016-01-23T15:59:33.000000;2016-01-23T15:59:33.000000;5c5b1086-e411-4441-abee-a1ace6c326cb;386.29;0.1;UNKNOWN
2016-01-23T15:59:39.000000;2016-01-23T15:59:39.000000;9c0b644e-e3fb-4533-a79a-e765c7b6177a;386.28;0.5;UNKNOWN
2016-01-23T15:59:44.000000;2016-01-23T15:59:44.000000;5a6e2a3e-62df-4c09-9f9b-64b20a4f1708;386.06;2.0;UNKNOWN
2016-01-23T15:59:45.000000;2016-01-23T15:59:45.000000;5e066d2f-cd78-4e31-a864-92508fa51f55;386.06;6.24;UNKNOWN
2016-01-23T15:59:49.000000;2016-01-23T15:59:49.000000;e25b8a64-3a7c-4010-b458-0ed43f9ebde1;386.06;3.48;UNKNOWN
2016-01-23T15:59:49.000000;2016-01-23T15:59:49.000000;5c055ac4-c322-457b-8562-95d30e611c48;386.07;0.3;UNKNOWN
2016-01-23T15:59:49.000000;2016-01-23T15:59:49.000000;f9c700cc-4157-40ad-bd5f-630911bf0c0b;386.07;0.3;UNKNOWN
2016-01-23T15:59:50.000000;2016-01-23T15:59:50.000000;0694f7a0-1ad4-4bdd-91d6-b272a0f00a70;385.89;2.60369203;UNKNOWN
2016-01-23T15:59:50.000000;2016-01-23T15:59:50.000000;11c8343f-b794-4c6a-8206-c7695da1c8a1;386.03;8.19;UNKNOWN
2016-01-23T15:59:50.000000;2016-01-23T15:59:50.000000;97125488-970c-40a1-bd8f-e611059c26dc;386.02;2.60369203;UNKNOWN
2016-01-23T15:59:50.000000;2016-01-23T15:59:50.000000;f5cb3d0e-89e4-4537-9969-446f367812f8;386.02;2.6005097;UNKNOWN
2016-01-23T15:59:50.000000;2016-01-23T15:59:50.000000;25e0a605-17ae-4141-b556-91f9612674da;386.02;2.6005097;UNKNOWN
2016-01-23T15:59:50.000000;2016-01-23T15:59:50.000000;3aaf262b-50ef-410a-8816-1e0414379512;385.56;0.51;UNKNOWN
2016-01-23T15:59:50.000000;2016-01-23T15:59:50.000000;92d35c1f-bdc8-42d7-8cba-1ca6a4dc9ea1;385.55;0.89159654;UNKNOWN
2016-01-23T15:59:52.000000;2016-01-23T15:59:52.000000;69906829-2553-4407-a7b5-a8a10e752c3b;386.26;0.5;UNKNOWN
2016-01-23T15:59:52.000000;2016-01-23T15:59:52.000000;f04144e2-40fc-4eec-baf2-e5ae98e69591;386.25;19.98;UNKNOWN
2016-01-23T15:59:52.000000;2016-01-23T15:59:52.000000;86947b7c-77c1-46ee-8714-9fdc60d52237;386.27;3.0;UNKNOWN
2016-01-23T15:59:52.000000;2016-01-23T15:59:52.000000;a1598028-648a-46a6-acb5-64190f573b1a;386.28;3.93;UNKNOWN
2016-01-23T15:59:52.000000;2016-01-23T15:59:52.000000;449d3d5d-78aa-49a7-bb7d-0e92f5fe8bc6;386.06;4.64;UNKNOWN
2016-01-23T15:59:52.000000;2016-01-23T15:59:52.000000;4c3ebf0e-7911-42f0-8bac-0aa3e9eb5852;386.26;0.51;UNKNOWN
2016-01-23T15:59:53.000000;2016-01-23T15:59:53.000000;9c43aebe-8efc-4a61-9454-53dfd65787a8;386.5;2.0;UNKNOWN
2016-01-23T15:59:54.000000;2016-01-23T15:59:54.000000;f8b90d21-cd17-4ee0-80af-9992b3400cf2;386.5;1.0;UNKNOWN
2016-01-23T15:59:54.000000;2016-01-23T15:59:54.000000;dedbbcdb-9a77-47e3-b8fa-b0c6df19d100;386.5;1.62;UNKNOWN
2016-01-23T15:59:55.000000;2016-01-23T15:59:55.000000;368efde9-2c4d-42fb-8bf2-97543ae4fc9f;386.5;1.0;UNKNOWN
2016-01-23T15:59:55.000000;2016-01-23T15:59:55.000000;ebda3cc0-f989-43ec-a271-ccac3468bed8;386.5;0.18111414;UNKNOWN
2016-01-23T15:59:57.000000;2016-01-23T15:59:57.000000;ca042e6d-1344-4f9a-85ec-f7fd9bc11781;385.55;0.04;UNKNOWN
2016-01-23T15:59:57.000000;2016-01-23T15:59:57.000000;845bae6a-6999-4038-b052-bd79f045ae2a;385.56;0.31738821;UNKNOWN
2016-01-23T15:59:57.000000;2016-01-23T15:59:57.000000;a47dbc82-b1f4-412f-9804-150a3f6176de;386.92;1.18261179;UNKNOWN
2016-01-23T15:59:57.000000;2016-01-23T15:59:57.000000;0ff0b0b1-05f9-40f0-9854-5f89b64aea51;386.92;0.5;UNKNOWN
2016-01-23T15:59:57.000000;2016-01-23T15:59:57.000000;d67b4487-2338-42c8-a1bd-746ec06b2f89;386.91;0.31738821;UNKNOWN
2016-01-23T15:59:57.000000;2016-01-23T15:59:57.000000;798c22cb-c301-4d8a-8c94-f39c641315c7;386.5;16.27888586;UNKNOWN
2016-01-23T15:59:57.000000;2016-01-23T15:59:57.000000;7e6e3348-2e7d-4411-b889-16abb53f7f7d;385.66;2.60372593;UNKNOWN
2016-01-23T16:00:04.000000;2016-01-23T16:00:04.000000;38baf370-edc7-412e-9bff-ae66089c757d;385.56;1.1;UNKNOWN
2016-01-23T16:00:05.000000;2016-01-23T16:00:05.000000;62998cd5-6002-423f-aa23-fa944b15de7d;385.46;1.1517;UNKNOWN
2016-01-23T16:00:05.000000;2016-01-23T16:00:05.000000;7c1777a9-0cfb-4ec2-9330-845f83be4dc2;385.74;1.5;UNKNOWN
2016-01-23T16:00:05.000000;2016-01-23T16:00:05.000000;b224f86a-2b30-49ba-b1b7-12e6caa50a1c;385.56;5.3483;UNKNOWN
2016-01-23T16:00:13.000000;2016-01-23T16:00:13.000000;f851bcce-ed01-410e-979c-49ca41bda966;386.56;1.0;UNKNOWN
2016-01-23T16:00:13.000000;2016-01-23T16:00:13.000000;c53d601d-388d-4018-bdbd-9eca24f9b92f;386.55;0.5;UNKNOWN
2016-01-23T16:00:30.000000;2016-01-23T16:00:30.000000;886611d5-8b5a-4d98-b938-b2accd1098a7;386.57;3.0;UNKNOWN
2016-01-23T16:00:39.000000;2016-01-23T16:00:39.000000;6d1b8549-9d54-4d14-870b-8b6a036f4479;386.56;0.05;UNKNOWN
2016-01-23T16:00:41.000000;2016-01-23T16:00:41.000000;809ca463-f054-4f66-a072-5999429297b4;386.6;37.33;UNKNOWN
2016-01-23T16:00:41.000000;2016-01-23T16:00:41.000000;4ad15037-9bc5-4f7b-97c7-016254714a8c;386.59;12.72;UNKNOWN
2016-01-23T16:00:43.000000;2016-01-23T16:00:43.000000;86bee97c-3dfd-45ff-9549-2c19eabbb7c2;386.6;2.0;UNKNOWN
2016-01-23T16:00:43.000000;2016-01-23T16:00:43.000000;4b812367-a775-4651-9731-41682932e7dc;386.6;2.0;UNKNOWN
2016-01-23T16:00:44.000000;2016-01-23T16:00:44.000000;2bfffcb3-b283-4193-beda-a3ce4818e23d;386.6;8.67;UNKNOWN
2016-01-23T16:00:51.000000;2016-01-23T16:00:51.000000;1548b43a-d1fb-4f6a-9458-530cb7a62ec2;387.0;0.15;UNKNOWN
2016-01-23T16:00:51.000000;2016-01-23T16:00:51.000000;7770df61-acbc-4e1d-9149-41b36fc87924;387.0;4.85;UNKNOWN
2016-01-23T16:00:51.000000;2016-01-23T16:00:51.000000;2273c737-7877-4b0d-bcd6-d251a57e0be5;387.0;0.05;UNKNOWN
2016-01-23T16:00:51.000000;2016-01-23T16:00:51.000000;71affb7a-decd-4cd9-beb0-964fd7bf1332;387.0;0.1;UNKNOWN
2016-01-23T16:00:52.000000;2016-01-23T16:00:52.000000;5a2e37ef-1196-412a-bac9-d2aafec70337;387.19;0.05;UNKNOWN
2016-01-23T16:00:52.000000;2016-01-23T16:00:52.000000;a8108775-3a44-4ece-98cc-f6aaed431a2e;387.21;0.05;UNKNOWN
2016-01-23T16:00:52.000000;2016-01-23T16:00:52.000000;d17024b7-5648-4f03-aa2b-e33ea1672e0a;387.23;4.856633;UNKNOWN
2016-01-23T16:00:52.000000;2016-01-23T16:00:52.000000;87c53de9-a159-485b-9e11-4d07493a53e4;387.17;0.043367;UNKNOWN
2016-01-23T16:00:53.000000;2016-01-23T16:00:53.000000;acfc9a78-d180-433a-9b49-9c15fe67ee70;387.01;0.05;UNKNOWN
2016-01-23T16:00:54.000000;2016-01-23T16:00:54.000000;ebe12c0c-dee9-4a20-a9d4-aba8347692b8;387.31;0.04;UNKNOWN
2016-01-23T16:00:54.000000;2016-01-23T16:00:54.000000;5c886478-f823-4831-9232-071bb9e0980e;387.5;0.1;UNKNOWN
2016-01-23T16:00:54.000000;2016-01-23T16:00:54.000000;26c88ff1-d38e-4e82-85ca-0038a56b4caa;387.3;0.01;UNKNOWN
2016-01-23T16:00:54.000000;2016-01-23T16:00:54.000000;0bcfe50d-8343-4a96-9555-8ea7ea579d19;387.64;4.5;UNKNOWN
2016-01-23T16:00:54.000000;2016-01-23T16:00:54.000000;ec04c67c-277f-4457-ae1d-faf90df4227d;387.64;0.25;UNKNOWN
2016-01-23T16:00:54.000000;2016-01-23T16:00:54.000000;a46555b3-a9d1-4f4d-b7fa-0cf609a726c4;387.64;4.791431;UNKNOWN
2016-01-23T16:00:54.000000;2016-01-23T16:00:54.000000;d5838f85-2cfa-4d1a-97c7-931dfc415c5c;387.49;0.058569;UNKNOWN
2016-01-23T16:00:56.000000;2016-01-23T16:00:56.000000;fd9b3d4d-e6ff-43e5-8ce2-83068ba6cc3b;387.61;1.1;UNKNOWN
2016-01-23T16:00:57.000000;2016-01-23T16:00:57.000000;6d57f201-d0fc-415a-ab00-47e0378b8fe9;387.61;5.0;UNKNOWN
2016-01-23T16:01:00.000000;2016-01-23T16:01:00.000000;e99cf377-a86a-4baf-b13b-d8ecbed6051d;387.96;0.01078068;UNKNOWN
2016-01-23T16:01:00.000000;2016-01-23T16:01:00.000000;dbc56dcd-d9d6-43a6-8d05-04dff95bbee7;387.64;0.458569;UNKNOWN
2016-01-23T16:01:00.000000;2016-01-23T16:01:00.000000;a596df86-909a-4ee9-8191-fe10de024795;387.8;0.1;UNKNOWN
2016-01-23T16:01:00.000000;2016-01-23T16:01:00.000000;ccf94823-d029-45d8-9d4c-005eae3175a5;387.97;9.43065032;UNKNOWN
2016-01-23T16:01:05.000000;2016-01-23T16:01:05.000000;ee8e6dad-9dc9-4a09-980a-16344626d041;387.07;0.1;UNKNOWN
2016-01-23T16:01:18.000000;2016-01-23T16:01:18.000000;cee8d584-a421-47b9-8208-436a4a901123;387.58;0.014386;UNKNOWN
2016-01-23T16:01:18.000000;2016-01-23T16:01:18.000000;6dbf32c3-79e4-406c-906a-38cf0b612fad;387.61;0.185614;UNKNOWN
2016-01-23T16:01:25.000000;2016-01-23T16:01:25.000000;a76b327e-0b0e-4c9c-a114-1ac8cc04bd1b;387.99;0.05;UNKNOWN
2016-01-23T16:01:25.000000;2016-01-23T16:01:25.000000;6d28f87b-7ba1-47fc-9990-19be981c35c6;388.0;0.05;UNKNOWN
2016-01-23T16:01:25.000000;2016-01-23T16:01:25.000000;9ac26af1-3438-4c66-b991-a26d8e9c1eab;388.0;0.1;UNKNOWN
2016-01-23T16:01:25.000000;2016-01-23T16:01:25.000000;9971101b-522b-40f3-b914-86b9e475136e;387.61;0.034386;UNKNOWN
2016-01-23T16:01:25.000000;2016-01-23T16:01:25.000000;ec586a18-fb94-465b-b067-7d89b09c0d99;388.0;1.0;UNKNOWN
2016-01-23T16:01:25.000000;2016-01-23T16:01:25.000000;6dea38d3-fb88-4b45-bf0e-b0d960b42b42;387.99;0.0107759;UNKNOWN
2016-01-23T16:01:26.000000;2016-01-23T16:01:26.000000;cf23a1b5-2833-4c75-8bc6-b3eaf5aa147b;388.01;0.108201;UNKNOWN
2016-01-23T16:01:28.000000;2016-01-23T16:01:28.000000;e647e26f-1639-4019-84ad-bb051c1728a1;388.05;0.05;UNKNOWN
2016-01-23T16:01:28.000000;2016-01-23T16:01:28.000000;e6007946-9fb0-4dcb-a4df-27a3c9a89745;388.1;0.95;UNKNOWN
2016-01-23T16:01:28.000000;2016-01-23T16:01:28.000000;badf9390-b9b5-478d-871d-8a5672dfbb59;388.02;9.0;UNKNOWN
2016-01-23T16:01:32.000000;2016-01-23T16:01:32.000000;93fa247f-2996-4ece-af46-00395b981a89;388.1;5.0;UNKNOWN
2016-01-23T16:01:35.000000;2016-01-23T16:01:35.000000;8bab4602-336b-41a3-a631-e65e99d40714;388.1;4.0;UNKNOWN
2016-01-23T16:01:39.000000;2016-01-23T16:01:39.000000;6a7d05a1-19f5-4565-9c47-990029842e90;388.1;0.05;UNKNOWN
2016-01-23T16:01:43.000000;2016-01-23T16:01:43.000000;bca16717-8d41-4c12-8b81-3babf936bc7e;388.15;0.0395;UNKNOWN
2016-01-23T16:01:46.000000;2016-01-23T16:01:46.000000;cf7562f4-7f66-4337-8a28-285944d46f80;388.73;2.59248697;UNKNOWN
2016-01-23T16:01:46.000000;2016-01-23T16:01:46.000000;2173bdb9-7554-4bc9-8538-86e80c27ccbd;388.8;0.1;UNKNOWN
2016-01-23T16:01:46.000000;2016-01-23T16:01:46.000000;805bc593-79ce-4b4e-b661-31350b6ffb8b;388.41;1.2;UNKNOWN
2016-01-23T16:01:46.000000;2016-01-23T16:01:46.000000;47e88e8c-3ff0-43ee-97c2-a873241c7ffd;388.5;0.1;UNKNOWN
2016-01-23T16:01:46.000000;2016-01-23T16:01:46.000000;fcbb9a3c-8b04-4180-ba06-cd9e64e857db;388.78;2.91;UNKNOWN
2016-01-23T16:01:46.000000;2016-01-23T16:01:46.000000;ad7eca89-3263-4501-92ae-fe3aee865c63;389.0;1.4;UNKNOWN
2016-01-23T16:01:46.000000;2016-01-23T16:01:46.000000;c483f440-d033-4a90-8539-cba538ab4c8e;389.05;0.2398;UNKNOWN
2016-01-23T16:01:46.000000;2016-01-23T16:01:46.000000;f852d1df-0d72-4d20-aea1-f84233067339;389.48;0.5;UNKNOWN
2016-01-23T16:01:46.000000;2016-01-23T16:01:46.000000;01903cfd-0cfb-4adb-820f-3628a94c5ca8;389.03;2.59248697;UNKNOWN
2016-01-23T16:01:46.000000;2016-01-23T16:01:46.000000;51079c9b-3dcf-4ac4-831c-0c970d66496f;389.0;0.05;UNKNOWN
2016-01-23T16:01:49.000000;2016-01-23T16:01:49.000000;c435cf81-7b6a-4ff0-a270-9b9cf0e87714;389.48;0.0123954;UNKNOWN
2016-01-23T16:01:49.000000;2016-01-23T16:01:49.000000;244bbe92-33c2-49c4-b84a-5d68ece501e2;389.9;0.14555442;UNKNOWN
2016-01-23T16:01:49.000000;2016-01-23T16:01:49.000000;f44673db-f53d-4919-acab-9ddbbde03f03;389.72;0.05;UNKNOWN
2016-01-23T16:01:49.000000;2016-01-23T16:01:49.000000;434c38a0-b6f2-4395-8408-f0d245ff5174;389.57;2.2;UNKNOWN
2016-01-23T16:01:49.000000;2016-01-23T16:01:49.000000;1dd65b24-8fdf-41b8-9ea2-de19480b30d9;389.49;2.59205018;UNKNOWN
2016-01-23T16:01:50.000000;2016-01-23T16:01:50.000000;5c26f92c-9d99-4c97-b147-68024b9ab102;389.48;0.0123954;UNKNOWN
2016-01-23T16:01:50.000000;2016-01-23T16:01:50.000000;f5d6dee4-e5ba-45f6-aa3a-60ae1a337733;389.07;0.01492309;UNKNOWN
2016-01-23T16:01:50.000000;2016-01-23T16:01:50.000000;9d4dc628-8669-45cc-a0d3-23c8069f8ebc;389.94;0.13315902;UNKNOWN
2016-01-23T16:01:50.000000;2016-01-23T16:01:50.000000;e19587de-5da6-4bb4-a34f-c726dba8bfdb;389.9;4.85444558;UNKNOWN
2016-01-23T16:01:51.000000;2016-01-23T16:01:51.000000;15a22d8e-401b-45bf-b79b-efbc61cb642e;389.94;2.5;UNKNOWN
2016-01-23T16:01:51.000000;2016-01-23T16:01:51.000000;45cb3924-85eb-4b87-826f-26c9efc53093;389.96;2.73315902;UNKNOWN
2016-01-23T16:01:51.000000;2016-01-23T16:01:51.000000;4eef1401-2171-4d24-ad23-f424704a37e7;389.94;5.0;UNKNOWN
2016-01-23T16:01:51.000000;2016-01-23T16:01:51.000000;d49b7319-2823-4d98-8b0c-e17d9ce9ff33;389.94;2.26684098;UNKNOWN
2016-01-23T16:01:53.000000;2016-01-23T16:01:53.000000;534949fa-a5c8-4586-8094-9e074915d3ab;389.07;0.01492309;UNKNOWN
2016-01-23T16:01:54.000000;2016-01-23T16:01:54.000000;453dc0f5-38d8-4748-87cb-de19615d4af9;389.89;2.0;UNKNOWN
2016-01-23T16:01:54.000000;2016-01-23T16:01:54.000000;44e59410-5012-43cd-9a18-a1236f568a60;389.96;3.0;UNKNOWN
2016-01-23T16:01:54.000000;2016-01-23T16:01:54.000000;271c9a32-f271-44c6-8334-3db13c7e529f;389.89;8.0;UNKNOWN
2016-01-23T16:01:56.000000;2016-01-23T16:01:56.000000;eba1e023-f0bb-453f-979d-48a7aa138964;389.09;1.0;UNKNOWN
2016-01-23T16:01:57.000000;2016-01-23T16:01:57.000000;c27247f0-6c8f-42cf-a046-6b1f96c75c3a;389.96;1.0;UNKNOWN
2016-01-23T16:01:57.000000;2016-01-23T16:01:57.000000;739e488f-b7ab-42ba-a7d7-01024c14b66c;390.0;0.03;UNKNOWN
2016-01-23T16:01:57.000000;2016-01-23T16:01:57.000000;b2333929-96b5-4c70-8f8d-2de087ec7949;390.0;18.71615738;UNKNOWN
2016-01-23T16:01:57.000000;2016-01-23T16:01:57.000000;6e021fa2-3682-4e14-b976-499627b99054;389.99;0.25118185;UNKNOWN
2016-01-23T16:01:57.000000;2016-01-23T16:01:57.000000;7271bd96-7323-4cb1-8894-b4d89932f404;390.0;0.05;UNKNOWN
2016-01-23T16:01:57.000000;2016-01-23T16:01:57.000000;d7943c87-435a-4a63-8101-a36666087a18;390.0;0.12173675;UNKNOWN
2016-01-23T16:01:57.000000;2016-01-23T16:01:57.000000;1a22abd7-f259-4c5a-905a-876d764d09a2;389.96;3.06684098;UNKNOWN
2016-01-23T16:01:57.000000;2016-01-23T16:01:57.000000;e7046bf8-d3e2-4331-8eda-4d67b7ff9db2;389.98;5.38581979;UNKNOWN
2016-01-23T16:01:58.000000;2016-01-23T16:01:58.000000;ea1d490e-d0cc-4952-820b-216e216932d4;389.11;2.91;UNKNOWN
2016-01-23T16:01:59.000000;2016-01-23T16:01:59.000000;46c3c1ae-3cac-4de4-bfae-fdcc8d262031;389.93;5.0;UNKNOWN
2016-01-23T16:01:59.000000;2016-01-23T16:01:59.000000;3187e5cf-ecd9-4288-94db-e5affdda6609;389.93;1.9339;UNKNOWN
2016-01-23T16:02:00.000000;2016-01-23T16:02:00.000000;f22e8008-c06d-4c63-831f-45462ce6f72d;389.93;1.0;UNKNOWN
2016-01-23T16:02:01.000000;2016-01-23T16:02:01.000000;2a5320ec-e05e-4ed6-b466-fc5a9ebd28fd;389.93;4.98;UNKNOWN
2016-01-23T16:02:01.000000;2016-01-23T16:02:01.000000;40e84f8c-b704-4909-b085-cb0a0453dcd2;389.9;0.02;UNKNOWN
2016-01-23T16:02:03.000000;2016-01-23T16:02:03.000000;2ad42061-f016-4826-ac2d-8a664d387784;389.93;1.0;UNKNOWN
2016-01-23T16:02:03.000000;2016-01-23T16:02:03.000000;a678a7b5-9d7f-49d4-8d3b-3248af38e386;389.14;0.05;UNKNOWN
2016-01-23T16:02:04.000000;2016-01-23T16:02:04.000000;ea4a7ef9-405f-480a-ab4e-ee676da25cfa;389.93;0.01;UNKNOWN
2016-01-23T16:02:04.000000;2016-01-23T16:02:04.000000;3f801c82-86c8-478d-9933-83ef3a922ba1;390.0;5.0;UNKNOWN
2016-01-23T16:02:04.000000;2016-01-23T16:02:04.000000;ae3471d0-b0e1-4b54-96cf-cbca5ca7aa91;390.0;1.9;UNKNOWN
2016-01-23T16:02:04.000000;2016-01-23T16:02:04.000000;48c9f603-3c45-467a-85be-ad8523b436f1;390.0;5.0;UNKNOWN
2016-01-23T16:02:04.000000;2016-01-23T16:02:04.000000;0f2701a8-3706-46b0-a201-4c69d4b5016c;389.93;10.0;UNKNOWN
2016-01-23T16:02:05.000000;2016-01-23T16:02:05.000000;dff31bb1-093f-4de2-9870-03dc10a2bf04;390.0;1.0;UNKNOWN
2016-01-23T16:02:05.000000;2016-01-23T16:02:05.000000;f0148369-ba10-4cc3-a345-394d4e199e1e;389.17;1.87448;UNKNOWN
2016-01-23T16:02:07.000000;2016-01-23T16:02:07.000000;119784fc-5978-4dd3-b651-d115b3d285b3;389.92;0.9039;UNKNOWN
2016-01-23T16:02:07.000000;2016-01-23T16:02:07.000000;7602edab-15ce-4d3c-930f-29aa47006e72;390.0;4.083614;UNKNOWN
2016-01-23T16:02:07.000000;2016-01-23T16:02:07.000000;0af01679-86b5-4c47-943e-2d1e6e6008de;389.92;0.012486;UNKNOWN
2016-01-23T16:02:08.000000;2016-01-23T16:02:08.000000;5375b617-8174-4e5c-a7c1-4a131ecbaf20;390.0;5.0;UNKNOWN
2016-01-23T16:02:10.000000;2016-01-23T16:02:10.000000;5ee5a516-ffa2-40e3-9e28-260700636ea4;390.0;11.341059;UNKNOWN
2016-01-23T16:02:10.000000;2016-01-23T16:02:10.000000;0b2f48a5-4dbf-4f61-bf3c-82bb2b12cec3;389.99;0.014141;UNKNOWN
2016-01-23T16:02:11.000000;2016-01-23T16:02:11.000000;502797dd-3cf5-490f-ac51-01387da64128;390.0;60.0;UNKNOWN
2016-01-23T16:02:13.000000;2016-01-23T16:02:13.000000;a915a5df-f73b-47a3-86e0-d343469acf53;390.0;3.0;UNKNOWN
2016-01-23T16:02:16.000000;2016-01-23T16:02:16.000000;7a7f4516-b1cd-4d0e-9d73-1c7517cd8bdf;389.92;0.05;UNKNOWN
2016-01-23T16:02:16.000000;2016-01-23T16:02:16.000000;7184f6c8-151f-4449-b252-ea4c0a06bb48;390.0;4.95;UNKNOWN
2016-01-23T16:02:24.000000;2016-01-23T16:02:24.000000;204799d5-568d-4767-893a-dcb9fcd085ec;389.74;0.03;UNKNOWN
2016-01-23T16:02:25.000000;2016-01-23T16:02:25.000000;8a25a7f3-5f1c-4179-ba74-7bcee3075e6b;389.26;2.41;UNKNOWN
2016-01-23T16:02:25.000000;2016-01-23T16:02:25.000000;943d6303-98e0-49d4-9bf0-43f9076c2064;389.26;0.5;UNKNOWN
2016-01-23T16:02:27.000000;2016-01-23T16:02:27.000000;ed1e10d0-0c9d-423b-91f5-8e261aaa6f0d;389.26;0.10274707;UNKNOWN
2016-01-23T16:02:33.000000;2016-01-23T16:02:33.000000;8bddb1da-96d4-4694-96d2-8b83f2a9319b;389.72;0.95698;UNKNOWN
2016-01-23T16:02:33.000000;2016-01-23T16:02:33.000000;30af583f-cea6-4127-b1c1-a225a282116d;389.72;0.04302;UNKNOWN
2016-01-23T16:02:33.000000;2016-01-23T16:02:33.000000;a63371ab-86d7-43a4-8b0a-a40dc381c5d8;389.31;1.0;UNKNOWN
2016-01-23T16:02:38.000000;2016-01-23T16:02:38.000000;84272401-bd06-4b66-adee-657a5860350e;389.34;0.26079037;UNKNOWN
2016-01-23T16:02:39.000000;2016-01-23T16:02:39.000000;90d8a9a3-9cb1-42e9-b3fe-ad6493fb07cf;389.34;0.03920963;UNKNOWN
2016-01-23T16:02:39.000000;2016-01-23T16:02:39.000000;5179dd9d-7c34-4284-919d-69471c9135e0;389.34;0.58876938;UNKNOWN
2016-01-23T16:02:39.000000;2016-01-23T16:02:39.000000;53e9ed6b-5d49-4722-a18f-b657177072ed;389.67;1.2;UNKNOWN
2016-01-23T16:02:39.000000;2016-01-23T16:02:39.000000;ae8e2bb5-1199-4260-a28a-d385ebecb57d;389.67;0.07318156;UNKNOWN
2016-01-23T16:02:41.000000;2016-01-23T16:02:41.000000;dc40e032-f8ac-48f1-ae78-e8279e6a74d8;389.66;1.0;UNKNOWN
2016-01-23T16:02:42.000000;2016-01-23T16:02:42.000000;4519943d-080c-41a6-90b9-135369224eaf;389.29;2.5;UNKNOWN
2016-01-23T16:02:42.000000;2016-01-23T16:02:42.000000;eb2c15b8-3675-4ae5-9e49-cd3c35e162ec;389.35;0.5;UNKNOWN
2016-01-23T16:02:42.000000;2016-01-23T16:02:42.000000;5e86120a-f654-4308-8d08-e03f847a0122;389.35;3.0;UNKNOWN
2016-01-23T16:02:49.000000;2016-01-23T16:02:49.000000;6627a653-88ef-45d2-9685-7897c9194d13;389.35;0.9843;UNKNOWN
2016-01-23T16:02:50.000000;2016-01-23T16:02:50.000000;79c3f5ca-c8ef-485a-8596-a8b84e8c176c;389.35;1.59431554;UNKNOWN
2016-01-23T16:02:50.000000;2016-01-23T16:02:50.000000;80de1a49-9029-4dc6-8a19-06a564c149bc;389.19;5.83373415;UNKNOWN
2016-01-23T16:02:50.000000;2016-01-23T16:02:50.000000;33f6fd47-e337-4a1e-86a0-b96a4ca43771;389.23;2.57195031;UNKNOWN
2016-01-23T16:02:52.000000;2016-01-23T16:02:52.000000;57a0d580-905d-4ecc-b3c7-700e833e80ca;389.19;0.54266585;UNKNOWN
2016-01-23T16:02:52.000000;2016-01-23T16:02:52.000000;faea35d9-1189-4e8a-a9b7-1eccf59bed31;389.12;2.56937307;UNKNOWN
2016-01-23T16:02:52.000000;2016-01-23T16:02:52.000000;c71924c1-6957-4cf4-8c04-70fa0529d3f0;389.18;2.56943909;UNKNOWN
2016-01-23T16:02:52.000000;2016-01-23T16:02:52.000000;d68a3858-062a-479a-8cd6-6c6809b1b901;389.28;3.0;UNKNOWN
2016-01-23T16:02:52.000000;2016-01-23T16:02:52.000000;39e9f292-2ad5-4c34-bfdc-c997a9f9f095;389.12;2.57016552;UNKNOWN
2016-01-23T16:02:52.000000;2016-01-23T16:02:52.000000;4a88bbcb-04d3-491e-8e1d-c700cfe913cb;389.12;2.57016552;UNKNOWN
2016-01-23T16:02:52.000000;2016-01-23T16:02:52.000000;adebf4a6-38ad-42c2-af8b-3bd408eeed13;388.43;10.2303;UNKNOWN
2016-01-23T16:02:52.000000;2016-01-23T16:02:52.000000;b6e4e7f9-66a7-40cc-a3aa-622f21208397;388.38;12.42789095;UNKNOWN
2016-01-23T16:02:52.000000;2016-01-23T16:02:52.000000;b73606a6-bd3d-48cd-b8d2-208f8c454c46;388.39;12.0;UNKNOWN
2016-01-23T16:02:52.000000;2016-01-23T16:02:52.000000;1cb6ac6c-a487-4168-9c24-a9be8ee8a24a;388.4;1.01;UNKNOWN
2016-01-23T16:02:52.000000;2016-01-23T16:02:52.000000;1c117557-4088-497f-92dc-0ccd20872e29;388.44;0.51;UNKNOWN
2016-01-23T16:03:01.000000;2016-01-23T16:03:01.000000;472ba2e6-6b5e-43d2-9136-bcd0d183563f;388.19;1.1;UNKNOWN
2016-01-23T16:03:01.000000;2016-01-23T16:03:01.000000;2ff63f49-ec1c-4f27-9202-dcb9e14c022e;388.19;1.0;UNKNOWN
2016-01-23T16:03:03.000000;2016-01-23T16:03:03.000000;078a2a61-a235-46a8-908c-de288bd09059;388.21;0.05;UNKNOWN
2016-01-23T16:03:07.000000;2016-01-23T16:03:07.000000;aed66c71-156d-41b2-9ff0-22f2488be77d;388.19;1.5;UNKNOWN
2016-01-23T16:03:08.000000;2016-01-23T16:03:08.000000;296cd1dc-620c-4b81-ad1d-942afc012c62;388.19;1.0793139;UNKNOWN
2016-01-23T16:03:08.000000;2016-01-23T16:03:08.000000;bad376b4-9bfd-4111-b98c-83025e33287b;388.06;6.4031;UNKNOWN
2016-01-23T16:03:08.000000;2016-01-23T16:03:08.000000;e318f042-f967-4c1f-a1f7-ef9624661439;388.04;2.5175861;UNKNOWN
2016-01-23T16:03:22.000000;2016-01-23T16:03:22.000000;6d037e17-05c2-4129-933c-6318574fb3fc;388.2;0.25821539;UNKNOWN
2016-01-23T16:03:28.000000;2016-01-23T16:03:28.000000;08ee3c36-52d5-47d6-82c8-5e1b2af7b490;388.22;1.0;UNKNOWN
2016-01-23T16:03:37.000000;2016-01-23T16:03:37.000000;1aff47d7-d652-49bd-b5a6-e254111b2cbc;388.29;0.05;UNKNOWN
2016-01-23T16:03:42.000000;2016-01-23T16:03:42.000000;7a757099-106f-4e02-a1dd-4653d773b548;389.09;1.52;UNKNOWN
2016-01-23T16:03:42.000000;2016-01-23T16:03:42.000000;100b6a4c-1d10-4715-b400-df8f4f707806;389.1;9.0;UNKNOWN
2016-01-23T16:03:54.000000;2016-01-23T16:03:54.000000;1fb5f824-a787-4258-8477-a98d66c53f9f;389.29;0.008327;UNKNOWN
2016-01-23T16:03:54.000000;2016-01-23T16:03:54.000000;738d6e59-8793-4b3e-a511-14ea14b2717f;388.72;0.011673;UNKNOWN
2016-01-23T16:03:59.000000;2016-01-23T16:03:59.000000;0cb06342-0424-4e4d-89a3-5043f2ee5ec9;388.72;4.0;UNKNOWN
2016-01-23T16:04:00.000000;2016-01-23T16:04:00.000000;c64c0473-6f46-45e8-a3fb-4912fb3120d8;388.72;0.41;UNKNOWN
2016-01-23T16:04:01.000000;2016-01-23T16:04:01.000000;5f188432-0194-4ef3-b79a-e4f7154f9c66;388.72;3.82;UNKNOWN
2016-01-23T16:04:02.000000;2016-01-23T16:04:02.000000;23c6a9dc-498a-4f6b-aa07-43e3b740c210;388.9;0.036166;UNKNOWN
2016-01-23T16:04:07.000000;2016-01-23T16:04:07.000000;9d7b5d89-821d-4ce3-9ced-49393f702c63;388.91;0.0418;UNKNOWN
2016-01-23T16:04:10.000000;2016-01-23T16:04:10.000000;25543839-9eec-4004-a24c-131fbdba7ab4;388.9;2.0;UNKNOWN
2016-01-23T16:04:15.000000;2016-01-23T16:04:15.000000;ccaa2423-4814-44ab-af9d-171025c22cbd;388.91;0.016413;UNKNOWN
2016-01-23T16:04:22.000000;2016-01-23T16:04:22.000000;da5c2897-ede6-46f9-86b4-ef22780a50cb;388.95;1.5;UNKNOWN
2016-01-23T16:04:40.000000;2016-01-23T16:04:40.000000;baed6e45-42e3-4e3e-98a7-00fcfaea7864;389.0;1.0;UNKNOWN
2016-01-23T16:05:04.000000;2016-01-23T16:05:04.000000;c25dbae4-9727-43a2-9b81-96a63f8554c7;389.05;1.0212;UNKNOWN
2016-01-23T16:05:22.000000;2016-01-23T16:05:22.000000;b8e741aa-c178-4748-9982-6b2c3f3abcb7;389.26;2.0;UNKNOWN
2016-01-23T16:05:51.000000;2016-01-23T16:05:51.000000;9b49936e-3f2d-4d00-a196-0301ccae26e4;389.06;6.3603;UNKNOWN
2016-01-23T16:05:51.000000;2016-01-23T16:05:51.000000;863ea403-8844-4c0e-973c-7051b84f83a5;389.14;14.63;UNKNOWN
2016-01-23T16:05:51.000000;2016-01-23T16:05:51.000000;cd47727e-e0b5-48ad-9aa3-fa25ffa4b2f5;389.14;0.0626;UNKNOWN
2016-01-23T16:05:51.000000;2016-01-23T16:05:51.000000;b9d52de2-02b3-4774-bd64-90b2a27205a2;389.0;0.00190353;UNKNOWN
2016-01-23T16:05:51.000000;2016-01-23T16:05:51.000000;3a08e589-1ad2-47c4-96da-4662845b1485;389.04;2.57582587;UNKNOWN
2016-01-23T16:05:58.000000;2016-01-23T16:05:58.000000;2b77a598-33d9-4cb6-a484-82de56cf8ab8;389.13;3.0;UNKNOWN
2016-01-23T16:05:58.000000;2016-01-23T16:05:58.000000;8341f577-8954-4bb8-bbdd-d8ba62d4f6dd;389.12;0.5;UNKNOWN
2016-01-23T16:05:58.000000;2016-01-23T16:05:58.000000;6926abfa-32c0-43af-be42-bea7c3e17d6e;389.11;2.5;UNKNOWN
2016-01-23T16:05:59.000000;2016-01-23T16:05:59.000000;085c5b2e-cac4-4a4b-b7bd-484eafc44357;389.13;6.3676;UNKNOWN
2016-01-23T16:05:59.000000;2016-01-23T16:05:59.000000;da3f2d06-f769-41f4-8979-6a234fc7d8a8;389.13;2.59322587;UNKNOWN
2016-01-23T16:05:59.000000;2016-01-23T16:05:59.000000;4a934f72-bf68-4521-9aa8-5a1551a78059;389.13;9.96243466;UNKNOWN
2016-01-23T16:06:00.000000;2016-01-23T16:06:00.000000;2e26cacd-9c04-46a0-98dc-2e5b003f2e66;389.13;2.59322587;UNKNOWN
2016-01-23T16:06:02.000000;2016-01-23T16:06:02.000000;02168293-9304-4aad-bd53-d67425c502de;389.13;2.59322587;UNKNOWN
2016-01-23T16:06:04.000000;2016-01-23T16:06:04.000000;d4b551c3-6bd3-4903-900b-e4fbc39e7cfa;389.13;2.59322587;UNKNOWN
2016-01-23T16:06:08.000000;2016-01-23T16:06:08.000000;ac42f374-c5a4-4afa-b2ce-64e883ff7608;389.13;1.0;UNKNOWN
2016-01-23T16:06:09.000000;2016-01-23T16:06:09.000000;b20312f1-c6c1-4d31-9757-235f8ae47ada;389.14;1.0;UNKNOWN
2016-01-23T16:06:13.000000;2016-01-23T16:06:13.000000;3f074a08-7f47-4eee-924e-70f57a506673;389.13;10.0;UNKNOWN
2016-01-23T16:06:21.000000;2016-01-23T16:06:21.000000;2c9e0345-a535-4437-a927-584c677db48b;389.12;0.102907;UNKNOWN
2016-01-23T16:06:36.000000;2016-01-23T16:06:36.000000;2c668146-9e9e-489a-ba9b-e32eefa31e9c;389.1;5.0;UNKNOWN
2016-01-23T16:06:47.000000;2016-01-23T16:06:47.000000;6b9e58a0-f7aa-43fa-8e75-aaef92de07c9;389.01;2.57486417;UNKNOWN
2016-01-23T16:06:47.000000;2016-01-23T16:06:47.000000;3b042ec8-1fd4-4915-9289-3eb444238474;389.01;0.01809647;UNKNOWN
2016-01-23T16:06:47.000000;2016-01-23T16:06:47.000000;9d01fd55-8bf2-4d4d-8d6e-3f6e693f99d8;389.01;19.83;UNKNOWN
2016-01-23T16:06:51.000000;2016-01-23T16:06:51.000000;3f3426b7-d397-4f66-92f7-dc830ff961a9;389.1;4.0;UNKNOWN
2016-01-23T16:06:51.000000;2016-01-23T16:06:51.000000;1552da5e-05f3-4880-8738-b5088d1f1426;389.09;3.0;UNKNOWN
2016-01-23T16:06:51.000000;2016-01-23T16:06:51.000000;071eb5f3-eddb-494b-8f91-c7976838397c;389.09;0.5;UNKNOWN
2016-01-23T16:06:51.000000;2016-01-23T16:06:51.000000;4b13fe15-1fe7-4ec4-933a-4f3375e225fd;389.29;8.16;UNKNOWN
2016-01-23T16:06:51.000000;2016-01-23T16:06:51.000000;8cc6340d-0229-489f-b6be-e43b541d6d8b;389.28;6.0;UNKNOWN
2016-01-23T16:07:03.000000;2016-01-23T16:07:03.000000;ada6e147-db5b-4e31-8cff-f600f6856aaa;389.02;1.55894733;UNKNOWN
2016-01-23T16:07:03.000000;2016-01-23T16:07:03.000000;1e170f8d-e87b-4fd0-961d-a9de9a1dead9;389.03;10.0;UNKNOWN
2016-01-23T16:07:04.000000;2016-01-23T16:07:04.000000;9433ce55-833c-4dd5-9a60-1934d67b7def;389.02;1.0;UNKNOWN
2016-01-23T16:07:06.000000;2016-01-23T16:07:06.000000;6d1a5ba4-4850-4dbe-8f33-6851a81e2025;389.12;20.1;UNKNOWN
2016-01-23T16:07:10.000000;2016-01-23T16:07:10.000000;4270ff56-8048-4574-8c72-7cf9b3ef0223;389.0;0.01809647;UNKNOWN
2016-01-23T16:07:10.000000;2016-01-23T16:07:10.000000;ed8ba0bf-f24c-4901-91dc-884ba1057aa0;389.01;2.55547552;UNKNOWN
2016-01-23T16:07:12.000000;2016-01-23T16:07:12.000000;3ee6169d-7d6c-4336-b562-35efc89a99db;389.0;2.57307534;UNKNOWN
2016-01-23T16:07:27.000000;2016-01-23T16:07:27.000000;866902eb-821b-41fa-8cdc-76e2e4b3ff85;389.06;0.046608;UNKNOWN
2016-01-23T16:07:27.000000;2016-01-23T16:07:27.000000;233be3a1-87de-4160-a1fa-dda5875bea02;389.12;0.62407988;UNKNOWN
2016-01-23T16:07:28.000000;2016-01-23T16:07:28.000000;713624d3-55fe-44d9-9695-fc27b2ad8e35;388.98;0.10082808;UNKNOWN
2016-01-23T16:07:30.000000;2016-01-23T16:07:30.000000;a6f5a69d-5522-43b6-b205-12d5bce6b9e8;388.99;0.0197;UNKNOWN
2016-01-23T16:07:33.000000;2016-01-23T16:07:33.000000;87bc3cc5-1f5c-42c7-ae73-cd4e410bf06b;389.0;1.0;UNKNOWN
2016-01-23T16:07:35.000000;2016-01-23T16:07:35.000000;9090bd6d-e997-483a-9efc-d8ea6a6e51e1;389.0;1.0;UNKNOWN
2016-01-23T16:07:41.000000;2016-01-23T16:07:41.000000;30b968ff-3f0d-4197-a006-fa81fe3fa29c;388.94;0.998;UNKNOWN
2016-01-23T16:08:03.000000;2016-01-23T16:08:03.000000;b1d21f02-12d6-4682-abe2-9e6a40f344ab;388.96;0.15;UNKNOWN
2016-01-23T16:08:14.000000;2016-01-23T16:08:14.000000;f9708bff-40b0-4ed6-96fd-d93a4f80dbf8;389.2;9.0;UNKNOWN
2016-01-23T16:08:29.000000;2016-01-23T16:08:29.000000;077d84b7-37b8-4eb7-9f0d-a04d285ce6de;389.22;0.02;UNKNOWN
2016-01-23T16:08:30.000000;2016-01-23T16:08:30.000000;53259260-dc3f-4341-a620-fe540e0c3d58;389.22;0.14662569;UNKNOWN
2016-01-23T16:08:52.000000;2016-01-23T16:08:52.000000;73b5fd3a-059e-4b4d-8709-1259447f79cd;389.29;0.5;UNKNOWN
2016-01-23T16:08:58.000000;2016-01-23T16:08:58.000000;abf06910-9907-41a5-8ecd-cc09aea195bf;389.28;0.1496761;UNKNOWN
2016-01-23T16:09:04.000000;2016-01-23T16:09:04.000000;0bc56edc-29c2-4279-8532-8d06e4278701;389.3;0.07773318;UNKNOWN
2016-01-23T16:09:07.000000;2016-01-23T16:09:07.000000;f2aff018-9e1a-4bd2-8efa-daf0048d4f39;389.6;8.9867133;UNKNOWN
2016-01-23T16:09:07.000000;2016-01-23T16:09:07.000000;eefd76a5-cb3a-458d-9389-dce358d984d6;389.35;0.0132867;UNKNOWN
2016-01-23T16:09:08.000000;2016-01-23T16:09:08.000000;196fbac2-d78e-4f1b-a35e-50ae1308b0c8;389.6;0.0267133;UNKNOWN
2016-01-23T16:09:08.000000;2016-01-23T16:09:08.000000;5c5db15a-2e7e-4b99-8f77-2819a473de85;389.6;0.0132867;UNKNOWN
2016-01-23T16:09:10.000000;2016-01-23T16:09:10.000000;21527b7c-4d08-43cf-8888-6c5300bed606;389.96;0.23;UNKNOWN
2016-01-23T16:09:10.000000;2016-01-23T16:09:10.000000;0758b1f5-9df2-4f8b-ab52-7a345be9212e;390.0;2.2633133;UNKNOWN
2016-01-23T16:09:10.000000;2016-01-23T16:09:10.000000;02e71c35-b90f-44f4-bd51-961cf0f54bd5;389.9;1.0;UNKNOWN
2016-01-23T16:09:10.000000;2016-01-23T16:09:10.000000;fb127b00-3e3e-458a-8ae1-e4b2a0ea45c2;390.0;0.05;UNKNOWN
2016-01-23T16:09:10.000000;2016-01-23T16:09:10.000000;43b46233-93e6-4e21-96a8-a04cb2c2956c;389.92;0.05;UNKNOWN
2016-01-23T16:09:10.000000;2016-01-23T16:09:10.000000;1179553a-3724-4d3a-a917-3a56f5ee78ca;389.6;0.0032867;UNKNOWN
2016-01-23T16:09:11.000000;2016-01-23T16:09:11.000000;774d9abf-9d80-484f-9d89-8f70c59e3a67;390.0;7.7366867;UNKNOWN
2016-01-23T16:09:11.000000;2016-01-23T16:09:11.000000;d819deee-8761-4c9e-afb1-cbeca783a7d8;390.0;28.89540148;UNKNOWN
2016-01-23T16:09:11.000000;2016-01-23T16:09:11.000000;463d3492-0688-443c-834d-9fdbfa1b679a;390.0;0.5;UNKNOWN
2016-01-23T16:09:12.000000;2016-01-23T16:09:12.000000;12cde92b-90fd-4c1f-a7f7-34ee8b704a88;390.0;1.1;UNKNOWN
2016-01-23T16:09:13.000000;2016-01-23T16:09:13.000000;634818e8-ba4c-45ce-b18f-350452abef43;390.0;20.0;UNKNOWN
2016-01-23T16:09:17.000000;2016-01-23T16:09:17.000000;c545e0d2-d6ff-49cc-9bfc-ef37ba9fe6e5;390.02;0.24012883;UNKNOWN
2016-01-23T16:09:17.000000;2016-01-23T16:09:17.000000;6e1c0509-ebad-471d-b50c-9134c546c537;390.02;0.15;UNKNOWN
2016-01-23T16:09:17.000000;2016-01-23T16:09:17.000000;f252ef85-d1a1-4e50-94b9-6812c7c6227d;390.0;30.00459852;UNKNOWN
2016-01-23T16:09:17.000000;2016-01-23T16:09:17.000000;640447e2-2ee4-48a3-94ed-ad2ffe06aedc;390.0;0.0211;UNKNOWN
2016-01-23T16:09:19.000000;2016-01-23T16:09:19.000000;0cab003c-b5f1-422d-b2ff-de753f413929;390.15;0.069442;UNKNOWN
2016-01-23T16:09:19.000000;2016-01-23T16:09:19.000000;ef129f22-d202-46a2-bcfd-8b85da8901c0;390.4;2.5737707;UNKNOWN
2016-01-23T16:09:19.000000;2016-01-23T16:09:19.000000;c52fd927-709b-4491-bb51-80ff862970b8;390.19;0.1;UNKNOWN
2016-01-23T16:09:19.000000;2016-01-23T16:09:19.000000;9c7e4747-cfff-4fe5-9a97-c62fcfd11984;390.43;7.9567873;UNKNOWN
2016-01-23T16:09:21.000000;2016-01-23T16:09:21.000000;69de5414-4406-4608-87f7-14937542868f;390.43;2.57361675;UNKNOWN
2016-01-23T16:09:24.000000;2016-01-23T16:09:24.000000;2561b8e1-dc5c-451e-9b9d-c8c065802f74;390.43;6.0;UNKNOWN
2016-01-23T16:09:27.000000;2016-01-23T16:09:27.000000;522aacaa-8748-4f2e-819b-1446dc180ac1;389.96;0.23;UNKNOWN
2016-01-23T16:09:30.000000;2016-01-23T16:09:30.000000;5b3be31f-6154-4931-af8b-8ac62554a12d;390.1;0.02;UNKNOWN
2016-01-23T16:09:35.000000;2016-01-23T16:09:35.000000;e08f166a-089f-42ed-86bd-a00a906fae57;390.42;5.0;UNKNOWN
2016-01-23T16:09:37.000000;2016-01-23T16:09:37.000000;53e8c5a7-1c2a-4342-b8ba-c7d40af039ca;390.43;1.0;UNKNOWN
2016-01-23T16:09:38.000000;2016-01-23T16:09:38.000000;648b842b-20b8-42e7-a175-2ce32f275f84;390.12;0.21216994;UNKNOWN
2016-01-23T16:09:38.000000;2016-01-23T16:09:38.000000;025113f2-d080-4e36-afbd-919b9944da0b;390.12;0.3;UNKNOWN
2016-01-23T16:09:38.000000;2016-01-23T16:09:38.000000;ad8bcfa3-12e1-4a58-b225-058bff1ba6d3;390.12;0.5;UNKNOWN
2016-01-23T16:09:45.000000;2016-01-23T16:09:45.000000;55f351d5-9e53-4611-b595-bc2187b4b00a;390.17;2.0;UNKNOWN
2016-01-23T16:09:47.000000;2016-01-23T16:09:47.000000;d120fc4b-0a59-4e7f-a201-aebde882303c;390.5;0.5;UNKNOWN
2016-01-23T16:09:47.000000;2016-01-23T16:09:47.000000;550b2342-d408-4561-888d-bf95f7c906f2;390.56;0.05;UNKNOWN
2016-01-23T16:09:47.000000;2016-01-23T16:09:47.000000;90f9b406-f1e3-4ee0-b94f-00f5cbe10372;390.77;1.32436047;UNKNOWN
2016-01-23T16:09:47.000000;2016-01-23T16:09:47.000000;779ac967-cae8-43ee-8c7f-8338c681ac3d;390.46;0.5522;UNKNOWN
2016-01-23T16:09:47.000000;2016-01-23T16:09:47.000000;ade9b59b-30bb-4f9e-bf36-03363c59f068;390.62;2.57343953;UNKNOWN
2016-01-23T16:09:55.000000;2016-01-23T16:09:55.000000;9d7cb6ae-5e5e-4d39-927d-9b2f86d48b1b;390.21;0.5;UNKNOWN
2016-01-23T16:09:55.000000;2016-01-23T16:09:55.000000;bc08b67c-71db-4586-bbbc-cde19144c052;390.79;2.57343953;UNKNOWN
2016-01-23T16:09:55.000000;2016-01-23T16:09:55.000000;f59821fb-c069-4036-b7ed-727a72e78fa7;390.93;0.92656047;UNKNOWN
2016-01-23T16:09:55.000000;2016-01-23T16:09:55.000000;51ab439f-f5e2-4ef2-9766-1ed3633e7fe0;390.2;1.5;UNKNOWN
2016-01-23T16:09:59.000000;2016-01-23T16:09:59.000000;7b6057b4-6593-4878-8fb3-d4b9a38c6440;390.94;30.0;UNKNOWN
2016-01-23T16:09:59.000000;2016-01-23T16:09:59.000000;5e2dca7a-775e-4471-a456-04110a26019c;391.0;0.05;UNKNOWN
2016-01-23T16:10:02.000000;2016-01-23T16:10:02.000000;a9735d46-4752-489c-bc83-77bab583548b;390.24;0.02;UNKNOWN
2016-01-23T16:10:03.000000;2016-01-23T16:10:03.000000;b2abc976-c912-4d77-bbc4-096e8c0e4f56;390.25;0.05;UNKNOWN
2016-01-23T16:10:04.000000;2016-01-23T16:10:04.000000;48d373ea-c1cd-49e8-9225-298a933f0cc8;390.73;1.81333057;UNKNOWN
2016-01-23T16:10:07.000000;2016-01-23T16:10:07.000000;ac18ada1-2e5d-4950-9f4a-80d501cd86ef;391.71;2.57499678;UNKNOWN
2016-01-23T16:10:07.000000;2016-01-23T16:10:07.000000;f3bce192-7717-4d36-8bdd-7855368426e6;391.01;0.005;UNKNOWN
2016-01-23T16:10:07.000000;2016-01-23T16:10:07.000000;220df67a-5ab1-4417-b636-f20b738dacba;391.74;3.0;UNKNOWN
2016-01-23T16:10:07.000000;2016-01-23T16:10:07.000000;d99d1dd1-67bb-4549-814e-772e8e09be4d;391.6;0.03;UNKNOWN
2016-01-23T16:10:07.000000;2016-01-23T16:10:07.000000;69ad4049-e3e2-4ce4-826f-e02f673de18f;391.6;0.2;UNKNOWN
2016-01-23T16:10:07.000000;2016-01-23T16:10:07.000000;98046549-bf8a-41c1-8c10-1a6b806074b8;391.46;2.89;UNKNOWN
2016-01-23T16:10:07.000000;2016-01-23T16:10:07.000000;289f9ca1-9def-47b1-be5e-ab6fdfe63ce3;391.32;0.069386;UNKNOWN
2016-01-23T16:10:07.000000;2016-01-23T16:10:07.000000;fec9ed40-bc4a-4cfa-a86b-1a94a41eba8e;391.75;3.62562044;UNKNOWN
2016-01-23T16:10:07.000000;2016-01-23T16:10:07.000000;5ade2c21-51a2-472e-8d58-81f51393d3c7;391.4;0.03;UNKNOWN
2016-01-23T16:10:07.000000;2016-01-23T16:10:07.000000;219738fa-ee32-4d80-8ae2-f9728df54ef8;391.41;2.57499678;UNKNOWN
2016-01-23T16:10:07.000000;2016-01-23T16:10:07.000000;6a2f717b-5b5b-46b6-ab81-1635e7e6f7cb;391.01;0.01;UNKNOWN
2016-01-23T16:10:13.000000;2016-01-23T16:10:13.000000;9ecfc46c-b597-40e7-a607-a934daa95a64;392.0;0.05;UNKNOWN
2016-01-23T16:10:13.000000;2016-01-23T16:10:13.000000;6e0d7012-4712-412e-8667-6100306b6db4;391.98;0.01266163;UNKNOWN
2016-01-23T16:10:13.000000;2016-01-23T16:10:13.000000;cd4b77e2-312f-4565-9782-f5bddf7fbcdd;392.04;0.1;UNKNOWN
2016-01-23T16:10:13.000000;2016-01-23T16:10:13.000000;1aa7a955-4a57-4e03-98bf-e55e401ecc38;392.05;0.102;UNKNOWN
2016-01-23T16:10:13.000000;2016-01-23T16:10:13.000000;87fd5cbb-fae0-48a9-a305-f051896a33d3;392.0;0.1;UNKNOWN
2016-01-23T16:10:13.000000;2016-01-23T16:10:13.000000;be242008-e3e0-440c-8a06-566f9cc44e8d;392.0;0.06;UNKNOWN
2016-01-23T16:10:13.000000;2016-01-23T16:10:13.000000;ad880915-d78d-4886-8d23-3f309ed2e02e;392.0;0.01;UNKNOWN
2016-01-23T16:10:13.000000;2016-01-23T16:10:13.000000;335e5935-e2a7-470a-acd2-0e74077b05ad;392.0;0.01;UNKNOWN
2016-01-23T16:10:13.000000;2016-01-23T16:10:13.000000;b215a03f-e3bc-4d4a-8f5d-aeecae8f6f18;391.98;0.23;UNKNOWN
2016-01-23T16:10:13.000000;2016-01-23T16:10:13.000000;5f18ff32-fd72-43ce-8a28-e08a00b4e0da;391.99;0.23;UNKNOWN
2016-01-23T16:10:13.000000;2016-01-23T16:10:13.000000;6d7f53e6-39c7-484b-bd47-cea1c38cd85d;391.8;0.03;UNKNOWN
2016-01-23T16:10:13.000000;2016-01-23T16:10:13.000000;2d4a2975-dc64-4118-a9e7-eb8ccb50a711;391.99;0.25;UNKNOWN
2016-01-23T16:10:13.000000;2016-01-23T16:10:13.000000;c6cab756-6a42-41d0-8929-38c9dcae64ea;391.79;0.05;UNKNOWN
2016-01-23T16:10:13.000000;2016-01-23T16:10:13.000000;6575c977-6653-4df8-bbdc-0d4966a1d224;392.2;0.03;UNKNOWN
2016-01-23T16:10:13.000000;2016-01-23T16:10:13.000000;67901aa5-532d-4a1f-bc64-97ade81b7b3a;392.21;8.97533975;UNKNOWN
2016-01-23T16:10:13.000000;2016-01-23T16:10:13.000000;a1e84a6e-b181-4d4a-aef4-b48512c14386;392.19;0.05;UNKNOWN
2016-01-23T16:10:15.000000;2016-01-23T16:10:15.000000;08ce1834-9a88-4e95-9c33-ba90efca3bd5;391.01;0.5;UNKNOWN
2016-01-23T16:10:15.000000;2016-01-23T16:10:15.000000;73096c3d-78e4-411f-9d26-0dec570e2ebb;390.82;0.77377422;UNKNOWN
2016-01-23T16:10:20.000000;2016-01-23T16:10:20.000000;a96eb563-b673-4dc9-888e-a85b1888a926;391.5;0.1;UNKNOWN
2016-01-23T16:10:25.000000;2016-01-23T16:10:25.000000;4708d29d-a387-4d32-8fe9-d74bc9298c68;392.23;0.2;UNKNOWN
2016-01-23T16:10:31.000000;2016-01-23T16:10:31.000000;6c9b6eab-bfea-4472-b3f0-57c8449fc495;392.23;0.02;UNKNOWN
2016-01-23T16:10:32.000000;2016-01-23T16:10:32.000000;14b2a0ee-7aff-47ba-9574-9bc65a9248e1;392.18;0.172;UNKNOWN
2016-01-23T16:10:32.000000;2016-01-23T16:10:32.000000;087dbc5c-a49a-4a83-b448-e59df1c4ae1a;392.17;0.1;UNKNOWN
2016-01-23T16:10:32.000000;2016-01-23T16:10:32.000000;e9df685e-9266-4afb-a366-f8490f28785c;392.23;0.08;UNKNOWN
2016-01-23T16:10:32.000000;2016-01-23T16:10:32.000000;fce7bc55-aa84-4a96-a646-a7525bd21bc1;392.17;0.1;UNKNOWN
2016-01-23T16:10:32.000000;2016-01-23T16:10:32.000000;0f2ca715-9054-4eba-82a8-4af644430673;392.18;0.128;UNKNOWN
2016-01-23T16:10:32.000000;2016-01-23T16:10:32.000000;94e77dd4-d728-4c6e-836f-04f96aebc811;392.23;0.1;UNKNOWN
2016-01-23T16:10:32.000000;2016-01-23T16:10:32.000000;0396b214-450c-40f7-b0e7-150f4fcfb71f;392.17;0.1;UNKNOWN
2016-01-23T16:10:32.000000;2016-01-23T16:10:32.000000;e064be67-0233-49ae-a31a-8d03cc809963;392.18;0.0878;UNKNOWN
2016-01-23T16:10:32.000000;2016-01-23T16:10:32.000000;cd17c1ea-5fdd-4f54-8994-ed65ee4839c8;392.17;0.02;UNKNOWN
2016-01-23T16:10:39.000000;2016-01-23T16:10:39.000000;168eefc5-0c75-42a8-b72f-9797e6461a5d;392.43;3.84;UNKNOWN
2016-01-23T16:10:39.000000;2016-01-23T16:10:39.000000;8aff2c05-0ae1-4dac-a085-b47b7eeed63a;392.22;0.05;UNKNOWN
2016-01-23T16:10:39.000000;2016-01-23T16:10:39.000000;1fd2f25b-ff6d-4227-9507-1fc4f9c5d404;392.39;0.05;UNKNOWN
2016-01-23T16:10:39.000000;2016-01-23T16:10:39.000000;5bc4571b-d824-4edf-a76e-263ef61e2606;392.4;0.06;UNKNOWN
2016-01-23T16:10:41.000000;2016-01-23T16:10:41.000000;b2d3cc16-568c-406a-b061-4ef73516bd6c;392.21;0.18;UNKNOWN
2016-01-23T16:10:42.000000;2016-01-23T16:10:42.000000;93c7b82d-10ac-438a-a590-ae1936774446;393.0;2.0;UNKNOWN
2016-01-23T16:10:42.000000;2016-01-23T16:10:42.000000;0fd737d9-c24e-4f33-b5f5-09bb422cfd02;392.6;0.03;UNKNOWN
2016-01-23T16:10:42.000000;2016-01-23T16:10:42.000000;f5b28549-a5e5-4f44-849f-4e24707531d8;393.4;0.03;UNKNOWN
2016-01-23T16:10:42.000000;2016-01-23T16:10:42.000000;6f735c94-49e5-4aad-a6a3-e7b715ab8007;393.49;2.76;UNKNOWN
2016-01-23T16:10:42.000000;2016-01-23T16:10:42.000000;0138984a-ef33-4afa-ad4f-24adc0475847;392.8;0.03;UNKNOWN
2016-01-23T16:10:42.000000;2016-01-23T16:10:42.000000;b93eeb14-df85-4840-8db7-2771c2ab02e4;393.0;0.1;UNKNOWN
2016-01-23T16:10:42.000000;2016-01-23T16:10:42.000000;ef2b31d3-f911-4fc1-b817-98de67eb5bb7;393.0;0.05;UNKNOWN
2016-01-23T16:10:49.000000;2016-01-23T16:10:49.000000;0ad04218-efa9-4356-bfcc-911f18e5cf32;392.32;0.2;UNKNOWN
2016-01-23T16:10:49.000000;2016-01-23T16:10:49.000000;18dc3848-f21c-43a4-ba02-13700389443c;393.5;3.0;UNKNOWN
2016-01-23T16:10:49.000000;2016-01-23T16:10:49.000000;6b7059df-05e3-46ba-832b-43c52571f6b5;392.31;0.8337235;UNKNOWN
2016-01-23T16:10:52.000000;2016-01-23T16:10:52.000000;59acc85d-7b6c-48de-a6c4-84bd62728425;393.5;1.976803;UNKNOWN
2016-01-23T16:10:52.000000;2016-01-23T16:10:52.000000;417d6cee-bc24-4fbb-b60e-e9979075289a;393.48;0.023197;UNKNOWN
2016-01-23T16:10:54.000000;2016-01-23T16:10:54.000000;82fd157e-767a-4c90-8ccc-ed963b594f7c;393.5;2.0;UNKNOWN
2016-01-23T16:10:54.000000;2016-01-23T16:10:54.000000;179bd1dd-8dfb-41e0-88da-b8cbcd1bc3b2;392.31;1.92233206;UNKNOWN
2016-01-23T16:10:54.000000;2016-01-23T16:10:54.000000;7cab599e-b44e-461f-9965-b3e2bb0e4192;392.8;0.03;UNKNOWN
2016-01-23T16:10:54.000000;2016-01-23T16:10:54.000000;0aaf1c3d-9209-4a47-86c4-d1b9d596eaf8;392.32;0.2;UNKNOWN
2016-01-23T16:10:57.000000;2016-01-23T16:10:57.000000;25010d9d-4560-466c-8558-bdafb14a7b6b;392.31;0.16082;UNKNOWN
2016-01-23T16:10:57.000000;2016-01-23T16:10:57.000000;f2f65df3-4230-4df9-a0a0-9a4d704d59ca;392.4;0.03;UNKNOWN
2016-01-23T16:10:57.000000;2016-01-23T16:10:57.000000;1aac67ed-ea64-43b3-95ca-9659f02c00d6;393.45;1.84448;UNKNOWN
2016-01-23T16:11:01.000000;2016-01-23T16:11:01.000000;8c4f6247-49ba-49c0-8c76-3e3c7a18fc10;392.31;1.82952;UNKNOWN
2016-01-23T16:11:01.000000;2016-01-23T16:11:01.000000;21d9f517-743c-4602-bd45-963a5817c8a7;392.31;0.1;UNKNOWN
2016-01-23T16:11:02.000000;2016-01-23T16:11:02.000000;cbe6b449-99ed-4697-913b-0db675ebf5cc;392.3;6.29266106;UNKNOWN
2016-01-23T16:11:02.000000;2016-01-23T16:11:02.000000;3a7150ae-0fb6-4154-9aa5-0f0971807a4a;392.3;0.0781;UNKNOWN
2016-01-23T16:11:02.000000;2016-01-23T16:11:02.000000;b367d6ba-e3e7-41c4-a1e2-f9302598fbc4;392.31;1.38398678;UNKNOWN
2016-01-23T16:11:02.000000;2016-01-23T16:11:02.000000;9e07c23d-5088-4152-a779-5ab866efbeaf;392.31;1.16138446;UNKNOWN
2016-01-23T16:11:02.000000;2016-01-23T16:11:02.000000;3b077ef1-ce30-4937-af73-8be4b535a9a3;392.31;2.54595448;UNKNOWN
2016-01-23T16:11:02.000000;2016-01-23T16:11:02.000000;a174008c-d043-4b88-90b0-d60090f94a03;392.31;0.61601322;UNKNOWN
2016-01-23T16:11:03.000000;2016-01-23T16:11:03.000000;e4a7cc0e-c50a-4cb6-8231-313ab77bc8df;393.22;0.5;UNKNOWN
2016-01-23T16:11:03.000000;2016-01-23T16:11:03.000000;73531119-fde9-4357-874d-bb7d000027a8;393.22;3.0;UNKNOWN
2016-01-23T16:11:03.000000;2016-01-23T16:11:03.000000;4ae51712-264e-40f5-a560-45af005c1435;392.3;0.05;UNKNOWN
2016-01-23T16:11:03.000000;2016-01-23T16:11:03.000000;ef070c14-692d-4d3a-9f28-60a8bea4ae73;393.23;21.0;UNKNOWN
2016-01-23T16:11:04.000000;2016-01-23T16:11:04.000000;0ad25070-d48f-4214-be7a-c76308caadd9;392.8;0.02;UNKNOWN
2016-01-23T16:11:05.000000;2016-01-23T16:11:05.000000;9131f47f-cec0-4f72-9906-94901c20f272;392.8;0.0978;UNKNOWN
2016-01-23T16:11:09.000000;2016-01-23T16:11:09.000000;6b4d7bfc-b351-43bc-823b-0b8852a41356;392.8;1.88970944;UNKNOWN
2016-01-23T16:11:09.000000;2016-01-23T16:11:09.000000;63bcb0e0-f854-4f4f-a482-2e9d3691fa51;392.81;0.011;UNKNOWN
2016-01-23T16:11:09.000000;2016-01-23T16:11:09.000000;8436f592-7676-4b3f-b9ae-feb25eff75b3;393.18;5.0;UNKNOWN
2016-01-23T16:11:12.000000;2016-01-23T16:11:12.000000;d437642d-6dcc-4dcb-8c31-714723e1f135;393.18;0.3;UNKNOWN
2016-01-23T16:11:13.000000;2016-01-23T16:11:13.000000;49371bbc-c032-4e2f-aaf1-266b03d16de0;392.81;0.1;UNKNOWN
2016-01-23T16:11:17.000000;2016-01-23T16:11:17.000000;4227ef40-c219-4579-9428-375e976f53c7;392.82;0.041047;UNKNOWN
2016-01-23T16:11:18.000000;2016-01-23T16:11:18.000000;00d8006b-6063-40c3-ac7c-187bc6ff456e;392.42;0.048;UNKNOWN
2016-01-23T16:11:18.000000;2016-01-23T16:11:18.000000;f1140e88-ffbe-42fb-ac9f-18be00c3cc19;392.31;1.09295119;UNKNOWN
2016-01-23T16:11:18.000000;2016-01-23T16:11:18.000000;1240f6c6-f096-4e57-a8ad-de4cf8aeef0c;392.33;0.23;UNKNOWN
2016-01-23T16:11:18.000000;2016-01-23T16:11:18.000000;128ad623-f37a-47a6-866f-f366ecfed190;392.42;0.5;UNKNOWN
2016-01-23T16:11:18.000000;2016-01-23T16:11:18.000000;9c23555c-8ec2-4d77-b34c-e73987320caa;392.41;2.55134583;UNKNOWN
2016-01-23T16:11:25.000000;2016-01-23T16:11:25.000000;c0e4c76d-ec58-4b20-8018-8d479c6a5582;392.31;3.49814688;UNKNOWN
2016-01-23T16:11:29.000000;2016-01-23T16:11:29.000000;b6855173-ae50-4a30-90eb-3a0fea93fa91;392.06;2.55196437;UNKNOWN
2016-01-23T16:11:29.000000;2016-01-23T16:11:29.000000;5271a0a9-0917-46f7-b53c-b83f24eadee7;392.3;1.0;UNKNOWN
2016-01-23T16:11:29.000000;2016-01-23T16:11:29.000000;0dc3a27f-d4c5-4766-a2a8-ce0412181868;391.69;1.04342164;UNKNOWN
2016-01-23T16:11:29.000000;2016-01-23T16:11:29.000000;67a8c0a9-0d75-4f6b-9687-cb2d5e345ac0;392.0;0.03;UNKNOWN
2016-01-23T16:11:29.000000;2016-01-23T16:11:29.000000;44bc1094-82c6-4367-a287-f2d52d1920d1;392.3;3.57923894;UNKNOWN
2016-01-23T16:11:33.000000;2016-01-23T16:11:33.000000;9e1aec66-be53-4073-9da9-32a81a8979e2;392.42;0.02;UNKNOWN
2016-01-23T16:11:33.000000;2016-01-23T16:11:33.000000;f738d85e-edf7-4cfe-84ea-b7ae9d25e557;392.42;6.3676065;UNKNOWN
2016-01-23T16:11:40.000000;2016-01-23T16:11:40.000000;9fa99675-6c6e-416d-a586-84d5aa0d660c;392.03;0.9885;UNKNOWN
2016-01-23T16:11:44.000000;2016-01-23T16:11:44.000000;dff101a0-bf6f-40e6-a43b-8f1b1548756a;392.37;2.29233834;UNKNOWN
2016-01-23T16:11:46.000000;2016-01-23T16:11:46.000000;5a8dbe80-2f88-4774-a3b2-7479f93e2df2;392.39;1.0;UNKNOWN
2016-01-23T16:11:46.000000;2016-01-23T16:11:46.000000;4a9dc7a7-207c-4260-bc82-ea800075d71f;392.03;0.9862;UNKNOWN
2016-01-23T16:11:47.000000;2016-01-23T16:11:47.000000;3489e2a5-87bf-48dd-b954-b7e17ce09abb;392.11;0.78;UNKNOWN
2016-01-23T16:11:49.000000;2016-01-23T16:11:49.000000;da504ba0-1a88-4940-afef-f9729a1a3b61;392.4;1.0;UNKNOWN
2016-01-23T16:11:49.000000;2016-01-23T16:11:49.000000;ef00fd10-6be2-415b-b822-a9f12e3ee5a7;392.11;6.2797;UNKNOWN
2016-01-23T16:11:52.000000;2016-01-23T16:11:52.000000;dd5cd8bf-0472-4f16-b6db-368ccbde4770;392.04;0.99698897;UNKNOWN
2016-01-23T16:12:00.000000;2016-01-23T16:12:00.000000;1907d041-ee24-4388-a7b8-ea096fcae9f0;392.04;0.02;UNKNOWN
2016-01-23T16:12:03.000000;2016-01-23T16:12:03.000000;e16e9672-3235-4335-a9fd-62f646a9df50;392.04;0.05;UNKNOWN
2016-01-23T16:12:18.000000;2016-01-23T16:12:18.000000;2f102cff-b625-4b38-b833-a332b6d09fd5;392.05;1.1;UNKNOWN
2016-01-23T16:12:22.000000;2016-01-23T16:12:22.000000;b1dc691a-9c42-4ce7-913a-4e110941dce8;392.06;0.25387573;UNKNOWN
2016-01-23T16:12:25.000000;2016-01-23T16:12:25.000000;9c58bc3f-11ab-4646-bb1c-32af9d9cecb4;392.06;0.3;UNKNOWN
2016-01-23T16:12:29.000000;2016-01-23T16:12:29.000000;6c8186c2-2046-42ab-a992-b661c3e27aca;392.05;6.0;UNKNOWN
2016-01-23T16:12:51.000000;2016-01-23T16:12:51.000000;4f721932-ce1e-429e-bc10-0b3e37e5b78c;392.01;0.2;UNKNOWN
2016-01-23T16:12:56.000000;2016-01-23T16:12:56.000000;309da6bb-a242-4554-b16c-6556c7d68d31;392.01;0.02;UNKNOWN
2016-01-23T16:13:02.000000;2016-01-23T16:13:02.000000;a7785a3b-335c-40c7-9238-042f9e554c72;392.01;5.0;UNKNOWN
2016-01-23T16:13:17.000000;2016-01-23T16:13:17.000000;39bc1a95-d8ac-4e1b-aa42-da0f6a42c39e;392.01;0.25;UNKNOWN
2016-01-23T16:13:22.000000;2016-01-23T16:13:22.000000;f128703e-c632-4e3f-8372-10ce7ce06f3b;392.01;2.0;UNKNOWN
2016-01-23T16:13:28.000000;2016-01-23T16:13:28.000000;e6e3fd24-2daa-45c8-b977-8428cab43c05;392.01;0.25;UNKNOWN
2016-01-23T16:13:39.000000;2016-01-23T16:13:39.000000;d66603c2-06cb-44de-85de-f6ce08398fed;392.02;1.0;UNKNOWN
2016-01-23T16:13:40.000000;2016-01-23T16:13:40.000000;b0d7fceb-5dc0-40a7-823e-0836f732b97e;392.01;0.010951;UNKNOWN
2016-01-23T16:14:00.000000;2016-01-23T16:14:00.000000;c50e700b-a819-4ebd-94d8-af9c293bf9b0;392.01;0.02;UNKNOWN
2016-01-23T16:14:05.000000;2016-01-23T16:14:05.000000;e65402d9-52a5-4538-af91-59d26ce287fc;392.02;1.0;UNKNOWN
2016-01-23T16:14:05.000000;2016-01-23T16:14:05.000000;1abf2f84-87c3-4a18-bf23-b1a5e0f51e42;392.02;0.299;UNKNOWN
2016-01-23T16:14:05.000000;2016-01-23T16:14:05.000000;554b6751-77a4-4e61-82f0-33b97dcb7aed;392.02;4.043;UNKNOWN
2016-01-23T16:14:05.000000;2016-01-23T16:14:05.000000;02ec7fed-f3b7-4a73-8bb5-3d09dde6b2d6;392.02;9.0;UNKNOWN
2016-01-23T16:14:05.000000;2016-01-23T16:14:05.000000;ee47d018-fc67-4672-969f-7c12c6b0a0fd;392.02;0.23;UNKNOWN
2016-01-23T16:14:29.000000;2016-01-23T16:14:29.000000;5ae865fa-0896-4fe8-abd5-395572f41e68;392.07;0.02;UNKNOWN
2016-01-23T16:14:52.000000;2016-01-23T16:14:52.000000;57b3fb6a-01c8-4407-ad14-eb9cded80832;392.07;0.0471528;UNKNOWN
2016-01-23T16:14:55.000000;2016-01-23T16:14:55.000000;432d0f95-f2e0-4c1a-b853-dcf4f705c771;392.08;0.04955916;UNKNOWN
2016-01-23T16:15:01.000000;2016-01-23T16:15:01.000000;3678b84a-e7b1-4b27-a4c4-a6c91efa9cf2;392.09;0.02;UNKNOWN
2016-01-23T16:15:03.000000;2016-01-23T16:15:03.000000;637b2124-91b3-4e13-ba1d-7b4529f6463b;392.1;1.0;UNKNOWN
2016-01-23T16:15:09.000000;2016-01-23T16:15:09.000000;b1864e5d-e4c5-4bb8-aeb1-456de75923c9;392.1;0.4;UNKNOWN
2016-01-23T16:15:13.000000;2016-01-23T16:15:13.000000;be3e5bdf-531e-4882-9e73-e65557b219dc;392.09;0.1;UNKNOWN
2016-01-23T16:15:16.000000;2016-01-23T16:15:16.000000;369c5b2f-9e71-4359-8f55-1bbed3257bcf;392.09;0.12177498;UNKNOWN
2016-01-23T16:15:29.000000;2016-01-23T16:15:29.000000;7a126cb0-d39f-4f23-ab1f-4c53713762b4;392.09;0.02;UNKNOWN
2016-01-23T16:15:31.000000;2016-01-23T16:15:31.000000;f7f8dc8a-fcba-4f81-8fa4-16f87d36b889;392.09;3.163;UNKNOWN
2016-01-23T16:15:31.000000;2016-01-23T16:15:31.000000;fdde3b4c-72b7-4050-92db-18b11ccafc72;392.09;3.496;UNKNOWN
2016-01-23T16:15:36.000000;2016-01-23T16:15:36.000000;9f4a24ff-153a-445b-81cb-1439f93402bf;392.09;4.0;UNKNOWN
2016-01-23T16:15:42.000000;2016-01-23T16:15:42.000000;3b75c823-4005-4695-ae05-3b659b53a515;392.02;0.16077498;UNKNOWN
2016-01-23T16:15:42.000000;2016-01-23T16:15:42.000000;ede8db1c-03a8-4c2c-baf6-d3cd87e16533;392.09;0.03922502;UNKNOWN
2016-01-23T16:15:44.000000;2016-01-23T16:15:44.000000;b82e49cf-dc36-4747-b0bb-06147dfa17fe;392.02;1.0;UNKNOWN
2016-01-23T16:15:48.000000;2016-01-23T16:15:48.000000;165a3bda-8b44-429c-adf4-b60a522d6f61;392.02;4.26722502;UNKNOWN
2016-01-23T16:15:48.000000;2016-01-23T16:15:48.000000;aad6c753-27d8-407c-be81-cf4122e277e9;391.83;5.72277498;UNKNOWN
2016-01-23T16:15:48.000000;2016-01-23T16:15:48.000000;2eb067aa-cc0c-47e5-a62a-9a9682543fb2;392.02;0.01;UNKNOWN
2016-01-23T16:15:55.000000;2016-01-23T16:15:55.000000;5a4bde79-4cdc-4768-aa16-568fba427dd4;391.24;12.0;UNKNOWN
2016-01-23T16:15:55.000000;2016-01-23T16:15:55.000000;3042f661-e5ec-4992-a60c-3e646589e111;391.83;6.3486;UNKNOWN
2016-01-23T16:15:55.000000;2016-01-23T16:15:55.000000;af3010cb-3e4a-4b1d-8b3d-d5931f2af32e;391.3;2.56;UNKNOWN
2016-01-23T16:15:55.000000;2016-01-23T16:15:55.000000;74a9bbcb-9181-4926-a3a4-d4b4ebd1d385;391.04;13.18866112;UNKNOWN
2016-01-23T16:15:55.000000;2016-01-23T16:15:55.000000;a10c91a4-b85b-41ea-8a17-e1b04a1f1216;391.05;0.64;UNKNOWN
2016-01-23T16:15:55.000000;2016-01-23T16:15:55.000000;a8d41906-87a0-453a-8033-fd8875d56f5a;391.3;3.0;UNKNOWN
2016-01-23T16:15:55.000000;2016-01-23T16:15:55.000000;cd9a80c6-af73-4961-b231-3664a5570a55;391.2;0.03;UNKNOWN
2016-01-23T16:15:55.000000;2016-01-23T16:15:55.000000;33f6593a-8e06-41e5-861f-c8fd9b744149;391.3;6.0;UNKNOWN
2016-01-23T16:15:55.000000;2016-01-23T16:15:55.000000;79620b0b-f55a-40f8-8419-b7955ad1e226;391.82;2.54994709;UNKNOWN
2016-01-23T16:15:55.000000;2016-01-23T16:15:55.000000;133d5125-9f7a-4910-b3fa-f31ff679babc;391.04;2.55558395;UNKNOWN
2016-01-23T16:15:55.000000;2016-01-23T16:15:55.000000;d3398c93-c574-4e1d-9a39-b12ace5b53c9;391.17;2.55545334;UNKNOWN
2016-01-23T16:15:55.000000;2016-01-23T16:15:55.000000;dd9860a1-4621-442d-a755-ce9ef569685b;391.21;0.05;UNKNOWN
2016-01-23T16:15:55.000000;2016-01-23T16:15:55.000000;418e834d-4815-4191-9162-9b582222f541;391.18;2.53;UNKNOWN
2016-01-23T16:16:06.000000;2016-01-23T16:16:06.000000;726c7b5f-3364-4055-b433-60d7ac81447e;391.2;0.03;UNKNOWN
2016-01-23T16:16:06.000000;2016-01-23T16:16:06.000000;83021be0-b1b4-4cd0-af6e-4a14190d7195;390.92;0.819;UNKNOWN
2016-01-23T16:16:13.000000;2016-01-23T16:16:13.000000;86da5ce9-ae21-4041-9310-ba82b991fa9b;391.18;0.03098893;UNKNOWN
2016-01-23T16:16:15.000000;2016-01-23T16:16:15.000000;59c50b81-8afe-4eea-a6c2-e1f2551d6053;390.92;1.73805427;UNKNOWN
2016-01-23T16:16:15.000000;2016-01-23T16:16:15.000000;a7bc789f-f455-4984-a4a8-c0a411d445e5;390.94;6.3855;UNKNOWN
2016-01-23T16:16:15.000000;2016-01-23T16:16:15.000000;e9924039-a972-415a-8d32-3dc7f207bfc6;390.88;0.00824186;UNKNOWN
2016-01-23T16:16:21.000000;2016-01-23T16:16:21.000000;bdf07c60-5a34-46d7-9095-472d03872c67;390.41;0.070167;UNKNOWN
2016-01-23T16:16:21.000000;2016-01-23T16:16:21.000000;90ec4ac5-170c-42c4-8e41-33734f9852ae;390.23;0.700562;UNKNOWN
2016-01-23T16:16:21.000000;2016-01-23T16:16:21.000000;ada91b1e-b6aa-4725-a0e1-8a8e44fbe29f;390.7;2.55711966;UNKNOWN
2016-01-23T16:16:21.000000;2016-01-23T16:16:21.000000;11129d33-a51d-42d1-993f-46672e708118;390.88;0.23155814;UNKNOWN
2016-01-23T16:16:21.000000;2016-01-23T16:16:21.000000;37217df7-edc4-46c5-89c1-d2454b8148da;390.4;0.03;UNKNOWN
2016-01-23T16:16:25.000000;2016-01-23T16:16:25.000000;3037100c-feaa-41f7-80e5-7b1930826a7c;390.52;0.12535504;UNKNOWN
2016-01-23T16:16:27.000000;2016-01-23T16:16:27.000000;13680966-2bc1-43f4-95bb-d48bc03bb9ba;391.11;0.25;UNKNOWN
2016-01-23T16:16:27.000000;2016-01-23T16:16:27.000000;75a03106-9c57-49aa-b392-077d4cde194c;390.52;0.03;UNKNOWN
2016-01-23T16:16:32.000000;2016-01-23T16:16:32.000000;dfe08050-a9ae-4b66-84b5-bc461f5f12e1;390.53;6.3791;UNKNOWN
2016-01-23T16:16:32.000000;2016-01-23T16:16:32.000000;7ad453ae-1815-42c8-8202-62e1433484a8;390.4;0.03;UNKNOWN
2016-01-23T16:16:32.000000;2016-01-23T16:16:32.000000;72e6a9e0-b634-4743-86b6-c441615ca47b;390.38;2.55918106;UNKNOWN
2016-01-23T16:16:32.000000;2016-01-23T16:16:32.000000;20af5c56-9e1b-4412-8ad8-a32374e338f7;390.24;1.03171894;UNKNOWN
2016-01-23T16:16:35.000000;2016-01-23T16:16:35.000000;05a5fff4-9152-4e43-b5d7-5302bf743bdb;390.22;1.0;UNKNOWN
2016-01-23T16:16:38.000000;2016-01-23T16:16:38.000000;e960cfb2-7559-425b-a2a5-10e61013f0bd;390.25;0.23;UNKNOWN
2016-01-23T16:16:38.000000;2016-01-23T16:16:38.000000;645d550d-0ea7-40b8-b9e0-f22ed64542c4;390.25;6.77;UNKNOWN
2016-01-23T16:16:40.000000;2016-01-23T16:16:40.000000;5bd7cdb9-a3b1-4967-98ce-a0d6e199bb7e;390.25;0.02;UNKNOWN
2016-01-23T16:17:07.000000;2016-01-23T16:17:07.000000;3e9306da-d131-4bbf-af64-27f81ec5d8b9;390.32;1.66594956;UNKNOWN
2016-01-23T16:17:07.000000;2016-01-23T16:17:07.000000;da0bc82b-1dfe-4bba-853d-710e80e19454;390.33;0.016;UNKNOWN
2016-01-23T16:17:07.000000;2016-01-23T16:17:07.000000;464a64b9-9435-436e-83bc-82d5ebbc0a47;390.33;0.184;UNKNOWN
2016-01-23T16:17:07.000000;2016-01-23T16:17:07.000000;7fa34988-0729-44e2-aabf-853a49047f59;390.32;2.55725044;UNKNOWN
2016-01-23T16:17:07.000000;2016-01-23T16:17:07.000000;611f8f82-ed11-4d4e-8a96-2025b41e1566;390.34;6.3768;UNKNOWN
2016-01-23T16:17:07.000000;2016-01-23T16:17:07.000000;9e43f1dc-2c92-4313-8ea3-7cbdbf0c8609;390.33;0.2;UNKNOWN
2016-01-23T16:17:20.000000;2016-01-23T16:17:20.000000;65c207e7-e431-43e9-a893-702d6de8305c;390.33;0.86;UNKNOWN
2016-01-23T16:17:45.000000;2016-01-23T16:17:45.000000;d1dbea85-e8c3-4a4d-a6c5-ab7ad2e273b3;390.56;0.2;UNKNOWN
2016-01-23T16:17:45.000000;2016-01-23T16:17:45.000000;a27cf430-18e0-4c95-b241-c858bcb0e1c7;390.55;0.05;UNKNOWN
2016-01-23T16:18:15.000000;2016-01-23T16:18:15.000000;9ce8f462-04d9-463c-af38-0e3bcd091379;390.25;2.85;UNKNOWN
2016-01-23T16:18:15.000000;2016-01-23T16:18:15.000000;7d9b18a3-703f-486c-9b70-94cbd85fe2a9;390.55;0.15;UNKNOWN
2016-01-23T16:18:16.000000;2016-01-23T16:18:16.000000;5717e7d8-2530-4c27-9033-70464f579eb8;390.25;1.83585;UNKNOWN
2016-01-23T16:18:20.000000;2016-01-23T16:18:20.000000;47bcd416-f1c6-4b13-950f-e5fca09dcd5d;390.25;0.2;UNKNOWN
2016-01-23T16:18:25.000000;2016-01-23T16:18:25.000000;e8304da1-5c5f-4107-b185-e16a2e80d0e5;390.16;5.6511256;UNKNOWN
2016-01-23T16:18:37.000000;2016-01-23T16:18:37.000000;ab585fe8-7bc4-4d03-93a1-36447e6f43a4;390.01;0.2;UNKNOWN
2016-01-23T16:18:37.000000;2016-01-23T16:18:37.000000;fc600a75-21d9-4c2f-b9f9-f6033f5dc8d7;390.0;1.0;UNKNOWN
2016-01-23T16:18:37.000000;2016-01-23T16:18:37.000000;3e092e0e-37b9-4da6-b1f9-a6c6b77ab753;390.01;0.2;UNKNOWN
2016-01-23T16:18:37.000000;2016-01-23T16:18:37.000000;6fcc0a3d-e6c2-40e9-9774-fc567146e20d;390.01;0.2;UNKNOWN
2016-01-23T16:18:37.000000;2016-01-23T16:18:37.000000;8e78bfe3-8260-4f91-8853-cab083fe02f8;389.93;0.4;UNKNOWN
2016-01-23T16:18:43.000000;2016-01-23T16:18:43.000000;855ca03d-6c93-4e7b-9c9e-fff8e8d503f7;389.93;0.07303035;UNKNOWN
2016-01-23T16:19:04.000000;2016-01-23T16:19:04.000000;e8164a7c-28fa-4314-ab12-a2e5e6c0134e;389.96;0.1;UNKNOWN
2016-01-23T16:19:04.000000;2016-01-23T16:19:04.000000;33da6c81-80fe-4290-aea1-34f8eed74040;390.05;2.0;UNKNOWN
2016-01-23T16:19:08.000000;2016-01-23T16:19:08.000000;30793ffb-e72d-4ca2-bee2-42843438704c;390.0;0.2;UNKNOWN
2016-01-23T16:19:17.000000;2016-01-23T16:19:17.000000;b78cdb0a-3ee5-450d-b90c-71142ae01f3b;390.0;0.1;UNKNOWN
2016-01-23T16:19:17.000000;2016-01-23T16:19:17.000000;232977a2-288d-4e3f-af11-6175cbecb518;390.0;0.2;UNKNOWN
2016-01-23T16:19:22.000000;2016-01-23T16:19:22.000000;26b0ec09-28c8-45c3-abcc-a4b22c022170;390.0;0.25;UNKNOWN
2016-01-23T16:19:29.000000;2016-01-23T16:19:29.000000;b4cd6e77-ee87-4530-a791-1c6749d9a1be;390.0;0.25;UNKNOWN
2016-01-23T16:19:40.000000;2016-01-23T16:19:40.000000;57341837-8b96-42c3-bf94-93c1e8fdc085;390.0;0.25;UNKNOWN
2016-01-23T16:20:14.000000;2016-01-23T16:20:14.000000;c39e8874-7b92-4d2e-a693-d114c89d457d;389.99;0.02484;UNKNOWN
2016-01-23T16:20:19.000000;2016-01-23T16:20:19.000000;ebc0cd4e-b02b-4fed-bf6e-1ca988e59f1f;390.0;5.25;UNKNOWN
2016-01-23T16:20:19.000000;2016-01-23T16:20:19.000000;c8f6865c-d694-4ca6-adff-37f4e1991204;390.0;6.75;UNKNOWN
2016-01-23T16:20:32.000000;2016-01-23T16:20:32.000000;7df67936-cc9c-4e55-8d69-9b471acd7daa;390.48;0.5;UNKNOWN
2016-01-23T16:20:32.000000;2016-01-23T16:20:32.000000;3e19ecdc-f088-4790-8971-936c577d5ff4;390.0;0.75;UNKNOWN
2016-01-23T16:20:32.000000;2016-01-23T16:20:32.000000;44099b19-35e5-4986-a90e-b2704d907cbb;390.0;1.0;UNKNOWN
2016-01-23T16:20:32.000000;2016-01-23T16:20:32.000000;5b86de05-d9f5-4a7f-badc-a972df101b8d;390.49;1.41537;UNKNOWN
2016-01-23T16:20:51.000000;2016-01-23T16:20:51.000000;b44ae0e9-5185-4b79-8149-934b01b17de5;390.36;1.8386;UNKNOWN
2016-01-23T16:20:54.000000;2016-01-23T16:20:54.000000;96735d6b-1201-4f91-a179-13f27d9bd030;390.35;0.5;UNKNOWN
2016-01-23T16:20:54.000000;2016-01-23T16:20:54.000000;ab043d34-7521-478c-8533-b740c07f00c7;390.36;0.1314;UNKNOWN
2016-01-23T16:20:54.000000;2016-01-23T16:20:54.000000;8baa53c2-97d7-44eb-b152-650c39fdad4f;390.33;2.3686;UNKNOWN
2016-01-23T16:21:12.000000;2016-01-23T16:21:12.000000;b370facc-13b5-4c6b-afbe-06164877ef41;390.89;2.54016147;UNKNOWN
2016-01-23T16:21:12.000000;2016-01-23T16:21:12.000000;33e67f0f-975a-4371-b195-340a04ed0d64;390.85;6.0;UNKNOWN
2016-01-23T16:21:12.000000;2016-01-23T16:21:12.000000;2bbca3db-3668-4141-aa95-04f8094a772c;390.84;3.0;UNKNOWN
2016-01-23T16:21:12.000000;2016-01-23T16:21:12.000000;84ba6123-9d41-4dd4-858d-2ce40038c159;390.84;0.5;UNKNOWN
2016-01-23T16:21:12.000000;2016-01-23T16:21:12.000000;32a6198e-3c97-4e1f-b617-6450bbc36769;390.84;6.371;UNKNOWN
2016-01-23T16:21:15.000000;2016-01-23T16:21:15.000000;e9d7e3a0-8d0d-41de-a6d7-d6c3a186c001;390.35;2.0;UNKNOWN
2016-01-23T16:22:09.000000;2016-01-23T16:22:09.000000;b2f2462a-85d9-44da-bef6-dea89a753197;390.56;2.37253673;UNKNOWN
2016-01-23T16:22:09.000000;2016-01-23T16:22:09.000000;4e13d104-02f6-461d-b0a4-3e987bb547b0;390.56;0.5;UNKNOWN
2016-01-23T16:22:42.000000;2016-01-23T16:22:42.000000;1f5c2426-35c5-4d10-aa7f-e1be25643a41;390.85;4.8;UNKNOWN
2016-01-23T16:22:42.000000;2016-01-23T16:22:42.000000;9e591a4c-6a18-4416-b1a5-ee2e05cb0d28;390.74;0.2;UNKNOWN
2016-01-23T16:23:06.000000;2016-01-23T16:23:06.000000;ccd73d9e-ffe2-4f4d-9b5c-396ce2697562;390.23;0.01004;UNKNOWN
2016-01-23T16:23:07.000000;2016-01-23T16:23:07.000000;9068ddd0-5edc-4155-88c8-234454bbf90f;390.89;0.5617;UNKNOWN
2016-01-23T16:23:23.000000;2016-01-23T16:23:23.000000;ab1aeeec-7499-4196-8faf-b1737370b77b;390.2;0.03;UNKNOWN
2016-01-23T16:23:23.000000;2016-01-23T16:23:23.000000;9052a905-eb1c-4bbb-a672-379a2a74d4cd;390.23;0.059201;UNKNOWN
2016-01-23T16:23:23.000000;2016-01-23T16:23:23.000000;6051450d-bd98-42f7-9583-f774f5f65038;390.0;0.02;UNKNOWN
2016-01-23T16:23:23.000000;2016-01-23T16:23:23.000000;c0c20f08-f0bb-4af2-8334-91ad4b30c1a0;390.02;0.23;UNKNOWN
2016-01-23T16:23:23.000000;2016-01-23T16:23:23.000000;bfd64f24-4d58-470a-8d6b-b7009ec40e23;390.23;0.069254;UNKNOWN
2016-01-23T16:23:23.000000;2016-01-23T16:23:23.000000;2b03dc62-172b-45d4-8c22-926202804c09;389.96;3.591545;UNKNOWN
2016-01-23T16:23:29.000000;2016-01-23T16:23:29.000000;cfac27d6-585a-4364-99cb-f139cb32d148;389.66;1.0;UNKNOWN
2016-01-23T16:23:34.000000;2016-01-23T16:23:34.000000;9356c551-ef73-450d-b0e4-b6e059af775c;389.42;1.5;UNKNOWN
2016-01-23T16:23:34.000000;2016-01-23T16:23:34.000000;7ad1adeb-d5df-4e8d-8afb-0666f446b120;389.65;1.01;UNKNOWN
2016-01-23T16:23:34.000000;2016-01-23T16:23:34.000000;cb41c8cf-c922-4225-8673-ca26bfa2e167;389.64;24.8666;UNKNOWN
2016-01-23T16:23:34.000000;2016-01-23T16:23:34.000000;056c2ada-b559-4685-ab98-a828432f62c5;389.0;2.56252562;UNKNOWN
2016-01-23T16:23:34.000000;2016-01-23T16:23:34.000000;6a49127c-f9ae-418c-8b0a-15d1c802da4b;388.65;0.05;UNKNOWN
2016-01-23T16:23:34.000000;2016-01-23T16:23:34.000000;fd86f9a0-2027-4ca2-8eac-42155ae4cb0e;388.82;2.56726227;UNKNOWN
2016-01-23T16:23:34.000000;2016-01-23T16:23:34.000000;2cbb2359-fece-4043-9276-4b4e241da571;390.23;0.069263;UNKNOWN
2016-01-23T16:23:34.000000;2016-01-23T16:23:34.000000;c0a2e863-c1b1-4c3a-8ddd-bf27246aa12e;389.04;2.51;UNKNOWN
2016-01-23T16:23:34.000000;2016-01-23T16:23:34.000000;5bf0ca17-9492-49ae-8582-61d1cd2cd2f3;389.03;24.5501;UNKNOWN
2016-01-23T16:23:34.000000;2016-01-23T16:23:34.000000;866058f0-ba78-4019-81b0-ed8286c727bb;389.1;2.56245996;UNKNOWN
2016-01-23T16:23:34.000000;2016-01-23T16:23:34.000000;3ba554c1-ba68-46af-b32c-1745b6079449;389.04;10.165;UNKNOWN
2016-01-23T16:23:34.000000;2016-01-23T16:23:34.000000;4a7ca22e-0b4e-4f0a-969b-27d685eab75b;388.72;2.89;UNKNOWN
2016-01-23T16:23:34.000000;2016-01-23T16:23:34.000000;6116fa57-fe06-4f3a-a532-bccf2624d537;389.11;0.1199;UNKNOWN
2016-01-23T16:23:34.000000;2016-01-23T16:23:34.000000;b60544a5-11ad-47ce-a4f1-b4584480cf7b;389.0;1.0;UNKNOWN
2016-01-23T16:23:34.000000;2016-01-23T16:23:34.000000;0655f52d-003b-4596-b076-e0e71d447cba;389.4;2.56229582;UNKNOWN
2016-01-23T16:23:34.000000;2016-01-23T16:23:34.000000;27f39b03-c180-4492-a298-83869470fb44;389.41;49.03541699;UNKNOWN
2016-01-23T16:23:34.000000;2016-01-23T16:23:34.000000;bbc38735-02a4-4247-8de9-5f0ec85488e9;389.21;12.5;UNKNOWN
2016-01-23T16:23:34.000000;2016-01-23T16:23:34.000000;0e523905-c739-4761-9787-4b3fadadc8c2;389.0;0.03;UNKNOWN
2016-01-23T16:23:34.000000;2016-01-23T16:23:34.000000;36b25bbb-622d-467d-942f-fe2a7f2fa301;388.81;2.56265696;UNKNOWN
2016-01-23T16:23:34.000000;2016-01-23T16:23:34.000000;417dc3a6-ddef-4694-be11-e0bd0c6bc9ca;388.89;2.56213169;UNKNOWN
2016-01-23T16:23:34.000000;2016-01-23T16:23:34.000000;983bf34e-cbfc-46da-bc6a-f40c95eb8508;389.34;26.7674;UNKNOWN
2016-01-23T16:23:34.000000;2016-01-23T16:23:34.000000;4bf9d368-82b7-42cc-8669-0bbedc67897f;389.3;2.56236147;UNKNOWN
2016-01-23T16:23:34.000000;2016-01-23T16:23:34.000000;0cbe0570-74c3-4fae-b026-fd96ec7e4b91;388.78;2.56693277;UNKNOWN
2016-01-23T16:23:34.000000;2016-01-23T16:23:34.000000;a151f58c-d082-449b-94c7-c799237d9c0c;389.19;2.56245996;UNKNOWN
2016-01-23T16:23:34.000000;2016-01-23T16:23:34.000000;ba6bb1a3-e2a3-458c-a31d-0834f23f446f;388.38;6.96814007;UNKNOWN
2016-01-23T16:23:34.000000;2016-01-23T16:23:34.000000;a6073e21-52fc-447d-8136-0f087c9c9637;389.35;2.01;UNKNOWN
2016-01-23T16:23:34.000000;2016-01-23T16:23:34.000000;e90b4f23-da7f-4de7-ad69-d7c527326138;389.66;5.3636;UNKNOWN
2016-01-23T16:23:34.000000;2016-01-23T16:23:34.000000;7b498596-e3c6-457a-8018-41cb140c94ed;389.67;10.0;UNKNOWN
2016-01-23T16:23:34.000000;2016-01-23T16:23:34.000000;b932869c-096f-4cb9-9c11-50c0e1a15a98;388.71;25.4054;UNKNOWN
2016-01-23T16:23:34.000000;2016-01-23T16:23:34.000000;85d8b994-fdc4-43a0-b4e1-1cbe17bcde96;388.5;0.1962;UNKNOWN
2016-01-23T16:23:34.000000;2016-01-23T16:23:34.000000;01816c59-6027-48dc-8b02-48bdd5636c4c;389.45;0.015;UNKNOWN
2016-01-23T16:23:34.000000;2016-01-23T16:23:34.000000;f61dd0d1-d6ab-4de4-a1be-7815030b97c8;388.46;2.57026461;UNKNOWN
2016-01-23T16:23:34.000000;2016-01-23T16:23:34.000000;f27013a6-d6b0-4654-91df-60609e0fdbb7;390.69;0.5613;UNKNOWN
2016-01-23T16:23:42.000000;2016-01-23T16:23:42.000000;270381ae-379d-4e3c-99bd-9600e465470e;389.36;0.2;UNKNOWN
2016-01-23T16:23:42.000000;2016-01-23T16:23:42.000000;394f7f0f-46e7-462d-a5f6-a14594cc59e4;389.35;2.1;UNKNOWN
2016-01-23T16:23:42.000000;2016-01-23T16:23:42.000000;6251265d-4d07-49f0-a2cc-a1f531f53051;389.36;0.2;UNKNOWN
2016-01-23T16:23:52.000000;2016-01-23T16:23:52.000000;b5685473-dc0c-433b-b21a-177532598561;388.43;0.2;UNKNOWN
2016-01-23T16:23:52.000000;2016-01-23T16:23:52.000000;e029ada1-0544-4e99-b368-51fcdf725949;388.43;0.2;UNKNOWN
2016-01-23T16:23:52.000000;2016-01-23T16:23:52.000000;d475ea88-e569-4bf6-967a-eb3a578055d0;388.42;0.6;UNKNOWN
2016-01-23T16:23:52.000000;2016-01-23T16:23:52.000000;52eeb244-99f9-4ae6-babb-6597b7ff6440;388.43;3.0;UNKNOWN
2016-01-23T16:23:52.000000;2016-01-23T16:23:52.000000;9ed9ad7f-9ab1-48ff-8465-da96652c3cb1;388.42;1.39058536;UNKNOWN
2016-01-23T16:23:57.000000;2016-01-23T16:23:57.000000;7582be52-30ce-4e27-b109-597da6dffa43;389.85;0.36;UNKNOWN
2016-01-23T16:24:05.000000;2016-01-23T16:24:05.000000;63900eee-e67a-4702-970a-b4964fcd33f5;389.79;1.0;UNKNOWN
2016-01-23T16:24:08.000000;2016-01-23T16:24:08.000000;1731606e-cd38-4b8a-a627-8342582b0ff0;388.81;0.01006;UNKNOWN
2016-01-23T16:24:32.000000;2016-01-23T16:24:32.000000;65e11f3c-1311-4a1c-8d9a-9d44e59e750d;389.7;0.5;UNKNOWN
2016-01-23T16:24:33.000000;2016-01-23T16:24:33.000000;fee3a58b-fe43-4e98-be10-b311e64bf230;389.7;0.171;UNKNOWN
2016-01-23T16:24:39.000000;2016-01-23T16:24:39.000000;f1ec7cda-e104-49ca-a50a-cfa07fb3e862;389.66;0.5;UNKNOWN
2016-01-23T16:25:05.000000;2016-01-23T16:25:05.000000;6a624ae6-6312-43f8-b8cc-80237fe7dadd;388.86;0.01002;UNKNOWN
2016-01-23T16:25:15.000000;2016-01-23T16:25:15.000000;444cacd9-9524-4e5c-8cd5-5d691b090807;389.4;0.6123;UNKNOWN
2016-01-23T16:25:15.000000;2016-01-23T16:25:15.000000;8ff86065-c2bf-4c6b-965d-866bb0b972a8;389.4;0.5;UNKNOWN
2016-01-23T16:25:20.000000;2016-01-23T16:25:20.000000;6c3152d1-8f4e-43d4-be93-5268a6dd0d7f;389.37;0.699;UNKNOWN
2016-01-23T16:25:48.000000;2016-01-23T16:25:48.000000;502bddf2-6c3e-4dee-9646-bbc431fbfcba;389.38;3.4;UNKNOWN
2016-01-23T16:25:51.000000;2016-01-23T16:25:51.000000;8c951721-e619-447a-a341-655903f067e1;389.46;0.1071;UNKNOWN
2016-01-23T16:25:54.000000;2016-01-23T16:25:54.000000;10af746c-1158-4c80-abed-d39d12aba637;389.45;1.6;UNKNOWN
2016-01-23T16:25:55.000000;2016-01-23T16:25:55.000000;ddc75ee5-1f8d-4a4a-b574-2ecda278aab4;389.45;4.0;UNKNOWN
2016-01-23T16:26:00.000000;2016-01-23T16:26:00.000000;91618d49-0bc6-4f1c-8400-df22437a1873;389.44;0.289;UNKNOWN
2016-01-23T16:26:00.000000;2016-01-23T16:26:00.000000;6f5bc49d-2400-4706-8292-c4e873b98406;389.44;0.1;UNKNOWN
2016-01-23T16:26:09.000000;2016-01-23T16:26:09.000000;4fd2342a-412b-456c-8500-a66f6339722e;389.2;0.01002;UNKNOWN
2016-01-23T16:26:14.000000;2016-01-23T16:26:14.000000;714c558f-127d-4b32-9d0d-e4badc89aaeb;389.21;0.01001;UNKNOWN
2016-01-23T16:26:23.000000;2016-01-23T16:26:23.000000;20092971-c1fb-45d5-a2e1-9a4ef2d45d89;389.38;0.2;UNKNOWN
2016-01-23T16:26:35.000000;2016-01-23T16:26:35.000000;e68e6c20-f648-4408-8a27-77be123d0099;389.39;0.025;UNKNOWN
2016-01-23T16:26:35.000000;2016-01-23T16:26:35.000000;3254f010-0cc3-46eb-90bb-52a7ba87bf98;389.39;0.025;UNKNOWN
2016-01-23T16:26:38.000000;2016-01-23T16:26:38.000000;d2795688-1db9-491f-ae9b-319e16dba69f;389.74;1.41913719;UNKNOWN
2016-01-23T16:26:38.000000;2016-01-23T16:26:38.000000;17cb0b52-0f12-4d0e-a98d-63669c3cd817;389.73;0.531;UNKNOWN
2016-01-23T16:26:57.000000;2016-01-23T16:26:57.000000;69542694-ef8d-41be-a17b-c9eb964bedd8;389.5;0.5;UNKNOWN
2016-01-23T16:27:02.000000;2016-01-23T16:27:02.000000;aa6ed4db-e4dd-4580-80a7-a3e4626b6c2c;389.72;0.3;UNKNOWN
2016-01-23T16:27:14.000000;2016-01-23T16:27:14.000000;b12b1675-bac4-43a1-b8b6-e81a9fa19a41;389.74;0.3;UNKNOWN
2016-01-23T16:27:16.000000;2016-01-23T16:27:16.000000;047e4e70-9a77-46c0-940e-da45382d0258;389.74;0.84677467;UNKNOWN
2016-01-23T16:27:16.000000;2016-01-23T16:27:16.000000;80dd7607-c67b-4793-9c9a-ac16bda2d577;389.74;0.15322533;UNKNOWN
2016-01-23T16:27:53.000000;2016-01-23T16:27:53.000000;d5737e2e-d8c0-4eee-a77b-5d971d90b68e;389.43;0.13;UNKNOWN
2016-01-23T16:27:53.000000;2016-01-23T16:27:53.000000;a9551599-0ea2-4ffd-842b-36f033213891;389.42;0.603;UNKNOWN
2016-01-23T16:28:13.000000;2016-01-23T16:28:13.000000;c738311f-e74b-48ba-9478-0f7bf61db226;389.41;0.5428122;UNKNOWN
2016-01-23T16:29:08.000000;2016-01-23T16:29:08.000000;ff38b073-8a96-4550-8ec9-712be1c98b7a;389.43;0.01002;UNKNOWN
2016-01-23T16:29:10.000000;2016-01-23T16:29:10.000000;4c42bee2-bec4-44d0-9e17-635ea578913d;389.44;0.01001;UNKNOWN
2016-01-23T16:29:49.000000;2016-01-23T16:29:49.000000;ed94223e-d999-4f0f-a7fc-b7b3a4c7c7cc;389.79;0.2;UNKNOWN
2016-01-23T16:29:49.000000;2016-01-23T16:29:49.000000;892df773-caa2-495f-ba71-c9fa39dc94c7;389.99;2.56426694;UNKNOWN
2016-01-23T16:29:49.000000;2016-01-23T16:29:49.000000;727f9283-193d-4097-ad70-c23f9c18e39b;389.79;0.2;UNKNOWN
2016-01-23T16:29:49.000000;2016-01-23T16:29:49.000000;8659be4d-5cd3-40ad-9f03-6f26a21bdc90;389.89;2.5643327;UNKNOWN
2016-01-23T16:29:49.000000;2016-01-23T16:29:49.000000;1215ff8d-ff14-46ac-8bfc-23c6dbfc9822;389.8;2.56439846;UNKNOWN
2016-01-23T16:29:49.000000;2016-01-23T16:29:49.000000;333faec0-3374-47a1-9daf-9f21fcd11e09;390.0;38.29;UNKNOWN
2016-01-23T16:29:49.000000;2016-01-23T16:29:49.000000;5bbd355a-f4e0-4e0c-8b8d-b8cde36fd5f9;390.0;0.5;UNKNOWN
2016-01-23T16:29:52.000000;2016-01-23T16:29:52.000000;13576cd3-135c-4cad-b17f-63057713aa7d;389.89;0.5;UNKNOWN
2016-01-23T16:29:53.000000;2016-01-23T16:29:53.000000;bd4d2c8b-b5d9-49bc-9ce0-348297d3961c;390.2;66.333197;UNKNOWN
2016-01-23T16:29:53.000000;2016-01-23T16:29:53.000000;edeade72-2d28-428b-af17-4406c5de9b5c;389.89;1.0;UNKNOWN
2016-01-23T16:29:53.000000;2016-01-23T16:29:53.000000;92edfea3-caae-4812-8018-0b93b716069d;390.13;2.56594478;UNKNOWN
2016-01-23T16:29:53.000000;2016-01-23T16:29:53.000000;25b91f0a-4d21-408f-bd89-d2689f9b5338;390.17;9.0;UNKNOWN
2016-01-23T16:29:53.000000;2016-01-23T16:29:53.000000;4e7cf7fa-cf8f-40e5-87f3-fbce78bf77fd;390.2;9.0;UNKNOWN
2016-01-23T16:29:53.000000;2016-01-23T16:29:53.000000;011e738b-a2d7-4ccd-91ee-1c5c80fbefd5;390.12;2.56406969;UNKNOWN
2016-01-23T16:29:53.000000;2016-01-23T16:29:53.000000;f5433720-87a0-464e-958e-2c801ae4cb5b;389.89;5.476803;UNKNOWN
2016-01-23T16:29:55.000000;2016-01-23T16:29:55.000000;31925aa1-8002-42b5-81f4-cfb0a398eec3;390.2;0.1;UNKNOWN
2016-01-23T16:30:05.000000;2016-01-23T16:30:05.000000;f65fede8-4ac4-4827-a6ac-171d7abb9006;390.19;0.3;UNKNOWN
2016-01-23T16:30:09.000000;2016-01-23T16:30:09.000000;017de35e-f454-4c1d-894d-9a1ac3dbd3ce;390.19;1.0;UNKNOWN
2016-01-23T16:30:09.000000;2016-01-23T16:30:09.000000;17e53d1e-bc32-4695-a1a6-8b3c63fe57f8;390.2;5.376803;UNKNOWN
2016-01-23T16:30:09.000000;2016-01-23T16:30:09.000000;b807ff3d-b427-42df-8259-aee579916002;390.34;2.05922592;UNKNOWN
2016-01-23T16:30:09.000000;2016-01-23T16:30:09.000000;e662745f-1eaf-4ef6-965f-356fc749703d;390.23;2.56397108;UNKNOWN
2016-01-23T16:30:57.000000;2016-01-23T16:30:57.000000;5e32077f-53ab-46e5-a6f1-871370e98639;390.51;6.352;UNKNOWN
2016-01-23T16:30:57.000000;2016-01-23T16:30:57.000000;615c0c36-9fd6-41f8-bc16-527fe5de4c6f;390.52;1.0846533;UNKNOWN
2016-01-23T16:30:57.000000;2016-01-23T16:30:57.000000;c03ae985-0b9b-4274-b096-73eb055b6ee8;390.42;2.5633467;UNKNOWN
2016-01-23T16:31:02.000000;2016-01-23T16:31:02.000000;16c2761d-5379-448f-bfce-61d2e11f9737;390.14;0.1;UNKNOWN
2016-01-23T16:31:23.000000;2016-01-23T16:31:23.000000;c3fee23a-eeda-4db2-8f1a-3af5da692aa1;390.15;0.12851141;UNKNOWN
2016-01-23T16:31:28.000000;2016-01-23T16:31:28.000000;ea0d67c4-b877-454c-9db5-7ec5138d2d18;390.18;0.1;UNKNOWN
2016-01-23T16:31:53.000000;2016-01-23T16:31:53.000000;937eee8e-7cf0-4c7d-96a2-e00737942463;390.29;3.23457061;UNKNOWN
2016-01-23T16:32:48.000000;2016-01-23T16:32:48.000000;48a2e983-b626-4c1d-83aa-4cd1ba5d14b5;390.16;1.0;UNKNOWN
2016-01-23T16:32:55.000000;2016-01-23T16:32:55.000000;52ad929b-66c3-4f1e-b04c-a7ded6ccc676;390.15;0.05076285;UNKNOWN
2016-01-23T16:33:15.000000;2016-01-23T16:33:15.000000;b0ba9061-04a4-403e-86ad-ba59a42263a3;390.08;12.0;UNKNOWN
2016-01-23T16:33:15.000000;2016-01-23T16:33:15.000000;fc898600-b51b-43ac-a3f7-a20190bafaac;390.09;1.953606;UNKNOWN
2016-01-23T16:35:26.000000;2016-01-23T16:35:26.000000;1f1f9ba0-b3d6-4193-9408-f8229c5cffe9;389.6;0.03;UNKNOWN
2016-01-23T16:35:26.000000;2016-01-23T16:35:26.000000;b4447d9f-ac2a-4b6b-83ec-9d4a64bf189d;389.35;0.83801927;UNKNOWN
2016-01-23T16:35:41.000000;2016-01-23T16:35:41.000000;621251c0-e759-45c5-97ec-a3870843d88c;389.2;0.03;UNKNOWN
2016-01-23T16:35:41.000000;2016-01-23T16:35:41.000000;63e9af2b-10d8-4c72-8240-bd1e2fd3eb43;389.11;1.97;UNKNOWN
2016-01-23T16:35:55.000000;2016-01-23T16:35:55.000000;11dc65d2-66b8-40a2-a6bb-1ba72c10e665;389.1;4.0;UNKNOWN
2016-01-23T16:36:42.000000;2016-01-23T16:36:42.000000;2b23eea7-b006-4ea4-b35a-091689a9e6a0;389.41;0.50748436;UNKNOWN
2016-01-23T16:37:02.000000;2016-01-23T16:37:02.000000;9a3d400c-3707-40f7-a626-8cf522ff9f79;389.28;0.5;UNKNOWN
2016-01-23T16:37:02.000000;2016-01-23T16:37:02.000000;7e4fc637-e103-407e-8eb5-a4e2919c2189;389.29;0.3;UNKNOWN
2016-01-23T16:37:12.000000;2016-01-23T16:37:12.000000;a7cbfd70-5a30-4969-a885-f39b43e428b3;389.38;0.05643024;UNKNOWN
2016-01-23T16:37:12.000000;2016-01-23T16:37:12.000000;3f32f1fb-2573-4fdd-8241-a1a7087d803a;389.36;0.2;UNKNOWN
2016-01-23T16:37:48.000000;2016-01-23T16:37:48.000000;a3575784-da8d-4d24-ba77-e364371cd3fe;389.37;1.83233919;UNKNOWN
2016-01-23T16:38:04.000000;2016-01-23T16:38:04.000000;fc494df1-eb81-4efc-a04f-b8168a677139;389.53;0.24573478;UNKNOWN
2016-01-23T16:38:04.000000;2016-01-23T16:38:04.000000;657e0c63-8187-499b-a4f8-73b7524021f6;389.5;0.5;UNKNOWN
2016-01-23T16:38:21.000000;2016-01-23T16:38:21.000000;50cc9864-fa0e-41b6-8fc7-d18b8a20ba12;389.73;0.17389727;UNKNOWN
2016-01-23T16:40:01.000000;2016-01-23T16:40:01.000000;9cc9c617-e676-4e39-a6e2-b19facd2d91d;389.63;0.2506;UNKNOWN
2016-01-23T16:42:10.000000;2016-01-23T16:42:10.000000;3edfa5dc-bb45-4cb0-8665-1fce8be769e9;389.62;0.12;UNKNOWN
2016-01-23T16:43:01.000000;2016-01-23T16:43:01.000000;43d34338-331b-4999-aa5f-5d59b0eb4782;389.1;2.0;UNKNOWN
2016-01-23T16:43:04.000000;2016-01-23T16:43:04.000000;aacd4e07-5480-434e-9001-e0a5e1b4e698;389.09;0.2786;UNKNOWN
2016-01-23T16:43:05.000000;2016-01-23T16:43:05.000000;930a2407-537f-4805-805a-5130871bfddb;389.09;1.3214;UNKNOWN
2016-01-23T16:43:05.000000;2016-01-23T16:43:05.000000;a82108d0-7c33-4760-bfe6-1181c6790366;389.0;0.03;UNKNOWN
2016-01-23T16:43:05.000000;2016-01-23T16:43:05.000000;130a4c31-9266-480f-bd3f-9f5210398209;388.52;0.07624194;UNKNOWN
2016-01-23T16:43:06.000000;2016-01-23T16:43:06.000000;60da026c-cfd5-4284-a571-a5c2c0c528e5;389.3;0.19660221;UNKNOWN
2016-01-23T16:43:47.000000;2016-01-23T16:43:47.000000;9a187db6-4add-4764-8caa-c25c19d8e4bd;389.27;0.02;UNKNOWN
2016-01-23T16:44:11.000000;2016-01-23T16:44:11.000000;412e9cdb-53f2-4ac9-852f-49cf17bfc04e;389.23;0.02;UNKNOWN
2016-01-23T16:44:12.000000;2016-01-23T16:44:12.000000;ab94a3d7-6285-46e4-a8dd-d88935e91dea;389.23;0.02;UNKNOWN
2016-01-23T16:44:52.000000;2016-01-23T16:44:52.000000;3eee1030-87bb-4260-b292-3b45fdcdb73e;388.77;0.0197;UNKNOWN
2016-01-23T16:45:11.000000;2016-01-23T16:45:11.000000;6f0408a7-835f-4a00-b48e-fc5fd5165539;389.74;2.56976923;UNKNOWN
2016-01-23T16:45:11.000000;2016-01-23T16:45:11.000000;6d220f18-c163-4986-8811-f1588eb5381e;389.77;3.30125261;UNKNOWN
2016-01-23T16:45:11.000000;2016-01-23T16:45:11.000000;1d8e9367-b57e-4493-889c-b80684f683dd;389.42;0.03624194;UNKNOWN
2016-01-23T16:45:11.000000;2016-01-23T16:45:11.000000;a0fd9789-11c2-4c57-beb1-e87be3ffbaec;389.64;2.56973622;UNKNOWN
2016-01-23T16:45:11.000000;2016-01-23T16:45:11.000000;3a94ae08-19ea-4f59-b7d2-3e53fd43413c;389.73;0.1;UNKNOWN
2016-01-23T16:45:11.000000;2016-01-23T16:45:11.000000;55c4c8f5-2ebd-402e-8286-8b816df2718c;389.41;0.06;UNKNOWN
2016-01-23T16:45:11.000000;2016-01-23T16:45:11.000000;d7866340-1825-417d-a776-614c42f8f2a1;389.54;6.363;UNKNOWN
2016-01-23T16:45:17.000000;2016-01-23T16:45:17.000000;3cfb02f4-8869-4ad7-8151-eb83ecf54fe0;388.95;0.0197;UNKNOWN
2016-01-23T16:45:43.000000;2016-01-23T16:45:43.000000;49fb2e3a-86d7-4635-bff7-a7c66a24ad24;389.12;0.02;UNKNOWN
2016-01-23T16:45:58.000000;2016-01-23T16:45:58.000000;0079a8dd-12bd-4868-99b0-6279b03ff6a1;389.72;2.6;UNKNOWN
2016-01-23T16:46:08.000000;2016-01-23T16:46:08.000000;f3f4fe68-db07-4b2c-a5e4-b31569cfec0e;389.24;0.07587;UNKNOWN
2016-01-23T16:46:09.000000;2016-01-23T16:46:09.000000;2ad754cb-9d5e-4eed-8f10-80038295110a;389.77;0.0364172;UNKNOWN
2016-01-23T16:46:13.000000;2016-01-23T16:46:13.000000;1ba89769-aa84-469b-be15-5865aa0727fe;389.27;1.28106585;UNKNOWN
2016-01-23T16:48:13.000000;2016-01-23T16:48:13.000000;77aa8b75-8c42-4640-8bd3-abe00ed016a3;389.53;0.05657987;UNKNOWN
2016-01-23T16:48:19.000000;2016-01-23T16:48:19.000000;e3124a63-6d7a-4cd7-85a9-ccd55a789be7;389.8;0.2;UNKNOWN
2016-01-23T16:48:19.000000;2016-01-23T16:48:19.000000;27a4d7a8-21d3-4f47-8793-b0e144fc98fd;389.81;6.4058;UNKNOWN
2016-01-23T16:48:19.000000;2016-01-23T16:48:19.000000;d8ba52f7-4551-4840-8c16-7d79b6d55f0a;389.82;13.1942;UNKNOWN
2016-01-23T16:48:19.000000;2016-01-23T16:48:19.000000;7a3f89d5-9d9b-4549-8467-8a52c49ba95f;389.8;0.2;UNKNOWN
2016-01-23T16:48:21.000000;2016-01-23T16:48:21.000000;306360ba-6b0f-463d-980f-13b79d0c7f54;389.82;36.57173498;UNKNOWN
2016-01-23T16:49:00.000000;2016-01-23T16:49:00.000000;a305d4ff-08c3-4439-b925-3aeba753a67f;389.96;0.02;UNKNOWN
2016-01-23T16:49:06.000000;2016-01-23T16:49:06.000000;4e84aae0-27b6-47dc-9243-0f6d539247f7;390.1;2.0;UNKNOWN
2016-01-23T16:49:14.000000;2016-01-23T16:49:14.000000;69ac15f1-a5b7-4e09-93a4-0fa55600a158;390.1;0.01;UNKNOWN
2016-01-23T16:49:26.000000;2016-01-23T16:49:26.000000;2bed899c-612b-412c-bac4-331a0c558941;390.0;0.2513148;UNKNOWN
2016-01-23T16:49:31.000000;2016-01-23T16:49:31.000000;6b460967-1bc0-4d56-a389-efa93d563497;390.01;0.02;UNKNOWN
2016-01-23T16:50:03.000000;2016-01-23T16:50:03.000000;08e4fa3f-dddd-488d-ac97-02cd6964b195;389.96;0.02;UNKNOWN
2016-01-23T16:50:29.000000;2016-01-23T16:50:29.000000;df3777ef-968e-4d96-8c8c-c1a4b5c5c9fc;389.96;0.02;UNKNOWN
2016-01-23T16:51:01.000000;2016-01-23T16:51:01.000000;b0dd368a-902c-4aa2-a99a-5ad17c9e3604;389.96;0.02;UNKNOWN
2016-01-23T16:51:28.000000;2016-01-23T16:51:28.000000;bdf38edb-3e6d-4e8f-ad83-121300f61dc9;389.96;0.02;UNKNOWN
2016-01-23T16:51:51.000000;2016-01-23T16:51:51.000000;aea08c65-f44c-4b1c-8c52-0b9ed95a40c5;390.02;10.0;UNKNOWN
2016-01-23T16:52:02.000000;2016-01-23T16:52:02.000000;24cfbd73-2c90-42dd-8631-9dcda9f27c02;389.96;0.02;UNKNOWN
2016-01-23T16:52:29.000000;2016-01-23T16:52:29.000000;9bb429a0-3768-4881-88d4-99b903c93364;389.96;0.02;UNKNOWN
2016-01-23T16:53:02.000000;2016-01-23T16:53:02.000000;67464459-9203-405c-b29a-e1415dc36405;389.96;0.02;UNKNOWN
2016-01-23T16:53:48.000000;2016-01-23T16:53:48.000000;71ea0d20-2127-46e9-83b3-2c4281f19f0c;389.57;0.8077;UNKNOWN
2016-01-23T16:53:48.000000;2016-01-23T16:53:48.000000;b5f7eeab-7fbd-4f13-8836-d53a58d319f6;389.58;6.3592;UNKNOWN
2016-01-23T16:53:48.000000;2016-01-23T16:53:48.000000;374f896b-bb87-4b24-9189-6fd461aeb2b1;389.58;0.5;UNKNOWN
2016-01-23T16:53:48.000000;2016-01-23T16:53:48.000000;36003574-a505-4836-b6a3-5e58128e718c;389.96;0.04;UNKNOWN
2016-01-23T16:54:09.000000;2016-01-23T16:54:09.000000;40b777d2-e5ed-4adc-9d4c-1e01754c4f3b;390.15;10.0;UNKNOWN
2016-01-23T16:54:12.000000;2016-01-23T16:54:12.000000;60f3b0f8-6a7a-4ad9-b46d-c893b9f678fd;389.19;9.75;UNKNOWN
2016-01-23T16:54:12.000000;2016-01-23T16:54:12.000000;285528cd-e358-41f3-aa90-2c5e086a182c;389.12;2.56528654;UNKNOWN
2016-01-23T16:54:12.000000;2016-01-23T16:54:12.000000;f42eee54-7236-4106-8f76-e8a68091b892;389.18;12.0;UNKNOWN
2016-01-23T16:54:12.000000;2016-01-23T16:54:12.000000;78f2f4a6-f134-4cda-82a6-10340960f452;389.03;23.6053;UNKNOWN
2016-01-23T16:54:12.000000;2016-01-23T16:54:12.000000;6cddc60e-b559-4903-b512-ffb8d2ce7f15;389.22;2.56525364;UNKNOWN
2016-01-23T16:54:12.000000;2016-01-23T16:54:12.000000;1fb20d7b-f002-4452-9be4-12bc74700e50;389.32;2.56528654;UNKNOWN
2016-01-23T16:54:12.000000;2016-01-23T16:54:12.000000;b3d955b9-3388-407a-8b88-156cfde7ae97;389.43;2.56525364;UNKNOWN
2016-01-23T16:54:12.000000;2016-01-23T16:54:12.000000;f852fe5f-c176-458a-9c57-e1076f7467e4;388.98;0.52;UNKNOWN
2016-01-23T16:54:12.000000;2016-01-23T16:54:12.000000;b7276789-c604-45ff-8ea0-1ed7e9548ce6;389.29;3.0;UNKNOWN
2016-01-23T16:54:12.000000;2016-01-23T16:54:12.000000;8c0621ba-ab3c-422f-b247-fb945ee90559;388.98;2.66358304;UNKNOWN
2016-01-23T16:54:12.000000;2016-01-23T16:54:12.000000;417dea63-a9b7-46ce-a9cd-cbaced990c04;389.0;2.56545107;UNKNOWN
2016-01-23T16:54:12.000000;2016-01-23T16:54:12.000000;1a8ff3a7-dd42-4473-8f77-ffd7ea9dcbb6;389.44;6.3194;UNKNOWN
2016-01-23T16:54:12.000000;2016-01-23T16:54:12.000000;3dec6754-eaf5-4d2b-80f4-3c211d13fc4e;389.04;2.09;UNKNOWN
2016-01-23T16:54:12.000000;2016-01-23T16:54:12.000000;7edfc4b4-7594-4aac-952f-7ff34ca588f0;389.0;0.06;UNKNOWN
2016-01-23T16:54:12.000000;2016-01-23T16:54:12.000000;9912a72d-ab77-4eef-aaad-98de61a2aef9;389.22;22.1052;UNKNOWN
2016-01-23T16:54:14.000000;2016-01-23T16:54:14.000000;f84aeb62-859c-4f0b-901f-abf99a0e6559;389.18;1.03319302;UNKNOWN
2016-01-23T16:55:29.000000;2016-01-23T16:55:29.000000;7b1a181b-6ed6-403f-aedb-b1ced6eb9d7f;389.41;0.156626;UNKNOWN
2016-01-23T16:55:53.000000;2016-01-23T16:55:53.000000;67bcc84a-9243-4852-aa16-a94620430958;389.61;0.10267731;UNKNOWN
2016-01-23T16:56:04.000000;2016-01-23T16:56:04.000000;8a6c7c79-145c-45aa-9d8d-6654037658e0;389.67;0.1;UNKNOWN
2016-01-23T16:56:05.000000;2016-01-23T16:56:05.000000;2803d3da-d10e-43c2-aef8-2b570738a7ab;389.68;0.1;UNKNOWN
2016-01-23T16:56:06.000000;2016-01-23T16:56:06.000000;b17809b5-f3cb-4715-ad39-76b3f06cbde1;389.68;0.1;UNKNOWN
2016-01-23T16:56:17.000000;2016-01-23T16:56:17.000000;e298ef3d-2f14-4a39-aa72-e0cc278f349f;389.76;0.28294306;UNKNOWN
2016-01-23T16:56:19.000000;2016-01-23T16:56:19.000000;6280ae80-1aac-4533-b482-9c7a1bb7e3d2;389.78;0.76936886;UNKNOWN
2016-01-23T16:56:24.000000;2016-01-23T16:56:24.000000;13d3ac76-cb5b-4299-9af2-09ab178b88b8;390.17;6.0;UNKNOWN
2016-01-23T16:56:24.000000;2016-01-23T16:56:24.000000;91e6c0cc-ca97-440f-8c6c-b6d0f5d51758;390.2;1.0;UNKNOWN
2016-01-23T16:56:24.000000;2016-01-23T16:56:24.000000;66bc1d7c-c883-4eb7-adfd-c6932364e81c;390.16;0.5;UNKNOWN
2016-01-23T16:56:24.000000;2016-01-23T16:56:24.000000;af3dd38b-1205-4714-9ab8-af0e1caf168d;390.17;3.0;UNKNOWN
2016-01-23T16:56:24.000000;2016-01-23T16:56:24.000000;67408a77-2771-49d0-8285-8002aeb3b93a;390.18;10.0;UNKNOWN
2016-01-23T16:56:24.000000;2016-01-23T16:56:24.000000;d0e22151-4753-4e5e-98ff-a6f5c01d1800;390.24;0.169876;UNKNOWN
2016-01-23T16:56:24.000000;2016-01-23T16:56:24.000000;6aca78f1-abf0-473d-a000-c707b84dda7f;390.17;0.52;UNKNOWN
2016-01-23T16:56:24.000000;2016-01-23T16:56:24.000000;76917a43-5a8a-41ae-9f3f-dd5cfa2ed6c5;390.24;21.4338;UNKNOWN
2016-01-23T16:56:24.000000;2016-01-23T16:56:24.000000;a783fef1-f29d-497d-be61-3ddea5e7cbe4;390.29;0.37289384;UNKNOWN
2016-01-23T16:56:24.000000;2016-01-23T16:56:24.000000;56f341cd-dae9-41a8-a844-1189ff6e86e4;390.25;12.0;UNKNOWN
2016-01-23T16:58:02.000000;2016-01-23T16:58:02.000000;714a81da-5ea8-4327-8c65-f9da21164320;390.26;0.02;UNKNOWN
2016-01-23T16:58:14.000000;2016-01-23T16:58:14.000000;6867325d-d5b7-41d1-ad84-303b112e74b9;390.25;0.19;UNKNOWN
2016-01-23T16:58:27.000000;2016-01-23T16:58:27.000000;703a3a70-b844-4b1e-acfa-1462d2b8e003;390.25;0.186002;UNKNOWN
2016-01-23T16:58:27.000000;2016-01-23T16:58:27.000000;2bb1869f-f938-4b17-9b4e-a51feb81e0ae;390.25;3.841047;UNKNOWN
2016-01-23T16:58:42.000000;2016-01-23T16:58:42.000000;5cc02084-1fb7-41d8-a475-9f41433f9c68;389.92;0.2;UNKNOWN
2016-01-23T16:59:43.000000;2016-01-23T16:59:43.000000;2c8e761f-9cc6-4008-988f-c6cc62ff7160;390.05;0.5;UNKNOWN
2016-01-23T16:59:43.000000;2016-01-23T16:59:43.000000;00b13485-7892-47ce-8656-17667ac89906;389.69;2.56032772;UNKNOWN
2016-01-23T16:59:43.000000;2016-01-23T16:59:43.000000;003f572d-c346-4e0b-a8e5-2165f88fff96;390.02;6.3902;UNKNOWN
2016-01-23T16:59:43.000000;2016-01-23T16:59:43.000000;1db5e773-27d6-4dee-8894-04b7ad7ebaaf;389.9;0.3;UNKNOWN
2016-01-23T16:59:43.000000;2016-01-23T16:59:43.000000;5b4e7e51-6350-4980-8d99-31ed104529d8;389.62;18.0;UNKNOWN
2016-01-23T16:59:43.000000;2016-01-23T16:59:43.000000;474e248f-ca0e-4023-8e04-eefdb4dda7e2;389.63;3.26;UNKNOWN
2016-01-23T16:59:43.000000;2016-01-23T16:59:43.000000;5912a108-e270-4ae7-a4e7-344ffbb24a7e;390.05;6.0;UNKNOWN
2016-01-23T16:59:43.000000;2016-01-23T16:59:43.000000;d20fd829-5e66-48b6-91eb-59b1c8e14fb2;390.06;16.18;UNKNOWN
2016-01-23T16:59:43.000000;2016-01-23T16:59:43.000000;ed473913-6d5a-4b2a-a6ec-216179035448;390.05;3.0;UNKNOWN
2016-01-23T16:59:43.000000;2016-01-23T16:59:43.000000;bbc6e103-2327-4938-ad74-3838224ec54e;389.61;7.94166874;UNKNOWN
2016-01-23T17:00:02.000000;2016-01-23T17:00:02.000000;554016ab-d4a1-4876-abdc-981e0ff4d9b9;390.11;6.3318;UNKNOWN
2016-01-23T17:00:02.000000;2016-01-23T17:00:02.000000;e9bfda55-1c17-4565-bd30-0ac394b87f3d;390.1;3.0;UNKNOWN
2016-01-23T17:00:02.000000;2016-01-23T17:00:02.000000;f2a16828-cf20-42e0-aefe-f8949998fb1a;390.1;6.0;UNKNOWN
2016-01-23T17:00:02.000000;2016-01-23T17:00:02.000000;0b044b50-77f1-47c6-8d73-97fecebc1d0d;390.1;0.5;UNKNOWN
2016-01-23T17:00:02.000000;2016-01-23T17:00:02.000000;f2e59861-bc40-4e62-b0eb-bf132e826035;390.35;1.1682;UNKNOWN
2016-01-23T17:00:02.000000;2016-01-23T17:00:02.000000;61fc699d-babf-453b-9151-ee37ebe3d884;390.2;1.0;UNKNOWN
2016-01-23T17:00:33.000000;2016-01-23T17:00:33.000000;c77f0c7d-2fba-490e-b41c-bb0c0f1db4d8;389.61;0.068209;UNKNOWN
2016-01-23T17:00:33.000000;2016-01-23T17:00:33.000000;be87cb81-434b-46c3-a87c-9bf52e5e1d3b;389.37;0.06013763;UNKNOWN
2016-01-23T17:01:04.000000;2016-01-23T17:01:04.000000;c399dcbd-ede8-4934-8d53-af1ad8e03037;389.75;0.5;UNKNOWN
2016-01-23T17:01:04.000000;2016-01-23T17:01:04.000000;f24765e3-0d43-422c-97ca-202d2ab5aec3;389.76;0.3;UNKNOWN
2016-01-23T17:01:34.000000;2016-01-23T17:01:34.000000;26a47fb7-2a5a-4887-b814-92399d302434;389.17;0.031347;UNKNOWN
2016-01-23T17:02:13.000000;2016-01-23T17:02:13.000000;224f3b14-5ca0-4b39-9223-3351576ce433;389.6;0.29;UNKNOWN
2016-01-23T17:02:13.000000;2016-01-23T17:02:13.000000;6665475c-4591-4d26-92a5-62eb08cef34b;389.27;0.39714263;UNKNOWN
2016-01-23T17:02:13.000000;2016-01-23T17:02:13.000000;899a093c-7ddd-46c0-bdf5-3ca98722e9c2;389.6;0.069111;UNKNOWN
2016-01-23T17:04:15.000000;2016-01-23T17:04:15.000000;27d6be33-299b-492f-bffe-e728335581d9;390.2;0.5;UNKNOWN
2016-01-23T17:04:52.000000;2016-01-23T17:04:52.000000;16f7a6bb-5898-492e-a776-0e5a8a5dfc08;390.19;0.5;UNKNOWN
2016-01-23T17:06:04.000000;2016-01-23T17:06:04.000000;02679e60-281b-4fe5-b848-5c72dcae517e;389.83;0.3;UNKNOWN
2016-01-23T17:06:05.000000;2016-01-23T17:06:05.000000;2b958682-e395-400b-9be9-9c5454f4bc03;390.38;1.0;UNKNOWN
2016-01-23T17:08:04.000000;2016-01-23T17:08:04.000000;d753fb32-3f0a-4f83-8e01-76df94382191;390.58;0.044765;UNKNOWN
2016-01-23T17:09:18.000000;2016-01-23T17:09:18.000000;267fcdcc-5bbc-4ed5-bbfc-e71d1500d299;390.66;1.1;UNKNOWN
2016-01-23T17:11:04.000000;2016-01-23T17:11:04.000000;472995c5-92e3-445e-9aaa-32b1b8fe5094;389.96;0.25497845;UNKNOWN
2016-01-23T17:13:38.000000;2016-01-23T17:13:38.000000;eb75ff78-82a1-43f0-8394-7186eb27a8f8;389.5;6.0;UNKNOWN
2016-01-23T17:13:52.000000;2016-01-23T17:13:52.000000;e9d3a3e6-bcf7-4f57-9e49-d9915e6f1b51;389.51;5.0;UNKNOWN
2016-01-23T17:15:04.000000;2016-01-23T17:15:04.000000;789295ce-8c18-451e-bdd3-05ff0c2bd75d;389.45;0.03429;UNKNOWN
2016-01-23T17:15:04.000000;2016-01-23T17:15:04.000000;ac4794bc-b298-4220-923d-feb5998aa1e2;389.45;0.25571;UNKNOWN
2016-01-23T17:15:07.000000;2016-01-23T17:15:07.000000;899f0c69-c274-478a-8cfe-9c37f0262059;389.44;0.25;UNKNOWN
2016-01-23T17:15:35.000000;2016-01-23T17:15:35.000000;1c91d9a7-fc74-4ea3-94a5-c52e508170f0;389.24;0.3;UNKNOWN
2016-01-23T17:15:44.000000;2016-01-23T17:15:44.000000;5232d947-a7b0-42a9-8681-fc769b162a12;389.28;0.44186;UNKNOWN
2016-01-23T17:15:57.000000;2016-01-23T17:15:57.000000;b7320f23-f4fd-404c-a748-4e69b65d2369;389.33;0.29;UNKNOWN
2016-01-23T17:16:37.000000;2016-01-23T17:16:37.000000;318c228e-1e12-4105-aa94-d0b14826f94e;389.31;0.1;UNKNOWN
2016-01-23T17:16:52.000000;2016-01-23T17:16:52.000000;370e1d0f-bf2d-4b77-951c-7bd6643ff0f5;389.26;6.3479;UNKNOWN
2016-01-23T17:16:52.000000;2016-01-23T17:16:52.000000;3ff2e29c-1f07-4a19-b9fa-cd5c5d7c8f7c;389.25;13.8921;UNKNOWN
2016-01-23T17:16:52.000000;2016-01-23T17:16:52.000000;59d0e57e-3082-4cea-840f-cd8cc60aa6f5;389.26;4.26;UNKNOWN
2016-01-23T17:16:54.000000;2016-01-23T17:16:54.000000;bb6c7252-c567-4a70-a0ae-15cb689999f1;389.31;0.29;UNKNOWN
2016-01-23T17:16:58.000000;2016-01-23T17:16:58.000000;c9886611-2a78-4eea-ad31-3bbf2af244b3;389.25;0.5;UNKNOWN
2016-01-23T17:18:59.000000;2016-01-23T17:18:59.000000;fd03b490-62ab-4d2d-ad2a-668c0b4e77db;389.26;0.091927;UNKNOWN
2016-01-23T17:19:00.000000;2016-01-23T17:19:00.000000;50858843-4284-419a-9871-cceaca0820bb;389.26;0.137355;UNKNOWN
2016-01-23T17:19:02.000000;2016-01-23T17:19:02.000000;f03c234c-bb4c-4c8d-8f64-131ac6cd7aaf;389.26;0.177606;UNKNOWN
2016-01-23T17:19:04.000000;2016-01-23T17:19:04.000000;ba10efba-8e3d-4d12-af5d-b92042570e2b;389.26;0.49308385;UNKNOWN
2016-01-23T17:19:57.000000;2016-01-23T17:19:57.000000;51fa071f-2c72-470b-844f-6cc647c2780b;389.28;0.29;UNKNOWN
2016-01-23T17:20:54.000000;2016-01-23T17:20:54.000000;a75b2f3e-b197-473a-9006-364e04eade6c;389.26;0.29;UNKNOWN
2016-01-23T17:21:10.000000;2016-01-23T17:21:10.000000;33080e36-24c2-445c-8bcc-d21eac483ca1;389.25;0.1735;UNKNOWN
2016-01-23T17:21:42.000000;2016-01-23T17:21:42.000000;cbabbf69-3ae7-4b36-8e8c-4c95bbc85a73;389.26;0.29;UNKNOWN
2016-01-23T17:21:42.000000;2016-01-23T17:21:42.000000;e8c7d7cc-50e5-419b-8d30-c99c3f3ec41a;389.25;0.01;UNKNOWN
2016-01-23T17:22:12.000000;2016-01-23T17:22:12.000000;50dfdc7d-25e3-46cf-a30b-265bec9b0112;389.25;0.259733;UNKNOWN
2016-01-23T17:23:03.000000;2016-01-23T17:23:03.000000;d665fb4b-fad1-4a76-ab2e-5b89d85d0baf;389.3;0.14920767;UNKNOWN
2016-01-23T17:23:24.000000;2016-01-23T17:23:24.000000;0879a0e7-f780-49a3-b1b3-fa476f2a3bdb;389.3;1.2286699;UNKNOWN
2016-01-23T17:23:33.000000;2016-01-23T17:23:33.000000;50dc24f1-88ca-4917-98a7-0ae6656f6c84;389.27;1.0200789;UNKNOWN
2016-01-23T17:23:39.000000;2016-01-23T17:23:39.000000;0d34deef-0dde-41a6-af3e-7af2c054319c;389.3;0.05;UNKNOWN
2016-01-23T17:25:02.000000;2016-01-23T17:25:02.000000;1accf176-8001-40b6-90f9-df707a957a54;389.3;3.0;UNKNOWN
2016-01-23T17:25:13.000000;2016-01-23T17:25:13.000000;2ea18458-7d1f-4a1d-9966-c4cbf1775b4a;389.29;0.02571614;UNKNOWN
2016-01-23T17:25:44.000000;2016-01-23T17:25:44.000000;8362833a-dad8-463d-a726-bd72a1508ac3;389.3;0.4;UNKNOWN
2016-01-23T17:25:45.000000;2016-01-23T17:25:45.000000;c541f86c-8c40-4848-b122-a5609b4c877f;389.3;0.16712243;UNKNOWN
2016-01-23T17:26:09.000000;2016-01-23T17:26:09.000000;1695a4cb-7e04-4c28-88e6-43cbab1d7466;389.99;21.0;UNKNOWN
2016-01-23T17:26:23.000000;2016-01-23T17:26:23.000000;ba37b5a3-5097-43fe-8e36-309829cc2145;389.44;0.07714448;UNKNOWN
2016-01-23T17:26:35.000000;2016-01-23T17:26:35.000000;003ec850-6ddf-4aba-adb6-c3ae39bc14ce;390.1;1.0;UNKNOWN
2016-01-23T17:26:35.000000;2016-01-23T17:26:35.000000;6ed45e82-b8cc-4480-a623-220fe41f66c8;390.33;19.99;UNKNOWN
2016-01-23T17:26:35.000000;2016-01-23T17:26:35.000000;3b74e67a-bb22-4d11-bc1e-fc9527494cbf;390.3;0.01;UNKNOWN
2016-01-23T17:26:50.000000;2016-01-23T17:26:50.000000;d1f9ef9a-1ac0-4623-9dcb-70057f5930e3;390.63;2.56252562;UNKNOWN
2016-01-23T17:26:50.000000;2016-01-23T17:26:50.000000;352282f9-7257-489d-b621-ffde514284a0;390.54;2.56245996;UNKNOWN
2016-01-23T17:26:50.000000;2016-01-23T17:26:50.000000;571280dd-523b-40ea-b359-aaceb599c3fe;390.68;0.05;UNKNOWN
2016-01-23T17:26:50.000000;2016-01-23T17:26:50.000000;4103cb28-749f-4917-b2e5-4e06241102e4;390.85;18.8141;UNKNOWN
2016-01-23T17:26:50.000000;2016-01-23T17:26:50.000000;6614e003-4da5-40f8-8b9c-0df6df45242c;390.84;0.52;UNKNOWN
2016-01-23T17:26:50.000000;2016-01-23T17:26:50.000000;ce71cb99-19c5-45ba-8964-38af8c510dfb;390.87;2.56236147;UNKNOWN
2016-01-23T17:26:50.000000;2016-01-23T17:26:50.000000;79bcde09-592f-4953-8af7-97682c9ba989;390.49;2.56216452;UNKNOWN
2016-01-23T17:26:50.000000;2016-01-23T17:26:50.000000;04a3d437-6436-467b-81ab-88d9307de42b;390.8;0.3;UNKNOWN
2016-01-23T17:26:50.000000;2016-01-23T17:26:50.000000;53e1cdbe-24a4-4d97-8d29-cc9565cbb93f;390.87;8.34043263;UNKNOWN
2016-01-23T17:26:50.000000;2016-01-23T17:26:50.000000;933f990b-aed9-4e80-b619-f3988f04de39;390.5;0.11;UNKNOWN
2016-01-23T17:26:50.000000;2016-01-23T17:26:50.000000;344c393f-d613-4e77-b459-cc83033efde7;390.7;3.0;UNKNOWN
2016-01-23T17:26:50.000000;2016-01-23T17:26:50.000000;03983d68-252f-4600-aafa-ad4dbffb1304;390.8;0.11;UNKNOWN
2016-01-23T17:26:50.000000;2016-01-23T17:26:50.000000;0bb045d1-b510-4d44-b652-b3a567d44fb6;390.71;6.0;UNKNOWN
2016-01-23T17:26:50.000000;2016-01-23T17:26:50.000000;9af26db1-49b4-49b6-85b3-5728b7d850e8;390.39;2.56219734;UNKNOWN
2016-01-23T17:26:50.000000;2016-01-23T17:26:50.000000;c8b89539-2f1e-4e2b-ae1a-b12b7ec3b9a0;390.73;2.56255846;UNKNOWN
2016-01-23T17:27:54.000000;2016-01-23T17:27:54.000000;3c2d2552-90d0-4ac6-b8af-3a1af0fba88e;390.98;0.5;UNKNOWN
2016-01-23T17:27:54.000000;2016-01-23T17:27:54.000000;b7c8f622-7ddc-4127-9d96-fa38de21afec;390.99;0.5;UNKNOWN
2016-01-23T17:28:20.000000;2016-01-23T17:28:20.000000;ac578b4f-2d3f-46ca-9087-ae22bd49f479;391.0;0.04;UNKNOWN
2016-01-23T17:28:20.000000;2016-01-23T17:28:20.000000;e54c056a-2177-449e-ad69-2c08f3b0be2a;391.0;0.8694297;UNKNOWN
2016-01-23T17:28:20.000000;2016-01-23T17:28:20.000000;b859a346-cb52-46fc-abea-364436b01801;391.06;3.0;UNKNOWN
2016-01-23T17:28:20.000000;2016-01-23T17:28:20.000000;cca348d8-17ec-4da2-9d7c-4e144f4740f4;391.0;0.46133852;UNKNOWN
2016-01-23T17:28:20.000000;2016-01-23T17:28:20.000000;eb94dd4a-5225-4ab4-bff0-8dc92c40d29d;391.1;2.56229582;UNKNOWN
2016-01-23T17:28:20.000000;2016-01-23T17:28:20.000000;d5b58a7b-621c-47ba-8d09-33a63dd3fd2b;391.15;6.0;UNKNOWN
2016-01-23T17:28:20.000000;2016-01-23T17:28:20.000000;37f22743-8002-4e83-91c6-a49187f1cd76;391.0;0.01;UNKNOWN
2016-01-23T17:28:20.000000;2016-01-23T17:28:20.000000;803eb9bb-5875-47d0-b7f3-5beedf6bb165;391.15;8.05693596;UNKNOWN
2016-01-23T17:28:40.000000;2016-01-23T17:28:40.000000;253e0bc8-dece-4518-96cc-86fb33118f3e;391.19;0.05;UNKNOWN
2016-01-23T17:28:40.000000;2016-01-23T17:28:40.000000;81a0eb01-3cb9-4278-87d7-f5e083b8a3b7;391.25;9.0;UNKNOWN
2016-01-23T17:28:40.000000;2016-01-23T17:28:40.000000;6aa9d2db-0960-4a1b-a6ef-7240f09bdf4a;391.34;22.33783548;UNKNOWN
2016-01-23T17:28:40.000000;2016-01-23T17:28:40.000000;9f65e6ed-e000-4cea-ac70-8c84557f0f69;391.23;2.56216452;UNKNOWN
2016-01-23T17:28:40.000000;2016-01-23T17:28:40.000000;ae1bc10e-c7fb-4969-8eda-34e50a363fcb;391.3;0.05;UNKNOWN
2016-01-23T17:28:45.000000;2016-01-23T17:28:45.000000;ee2254a0-5326-4bf5-b183-c168e74a4fad;391.22;7.0;UNKNOWN
2016-01-23T17:29:23.000000;2016-01-23T17:29:23.000000;387fab30-0c49-448d-ad2f-9eef4a9df9d3;391.36;0.02;UNKNOWN
2016-01-23T17:29:34.000000;2016-01-23T17:29:34.000000;fc987506-ad3b-40a4-b447-c91b2de97445;391.36;0.0829;UNKNOWN
2016-01-23T17:29:54.000000;2016-01-23T17:29:54.000000;060b1938-27c3-439a-88d8-c360783fde0e;391.35;12.5;UNKNOWN
2016-01-23T17:30:11.000000;2016-01-23T17:30:11.000000;3a0d7a8e-61bf-4df8-913b-7d417084c3c6;391.77;1.28076831;UNKNOWN
2016-01-23T17:30:11.000000;2016-01-23T17:30:11.000000;4922e5cf-a9f3-4f78-8118-35ad8b5152f7;391.77;0.11;UNKNOWN
2016-01-23T17:30:11.000000;2016-01-23T17:30:11.000000;23d57f3e-329a-4da1-b089-5eeb290f403d;391.36;0.1;UNKNOWN
2016-01-23T17:30:11.000000;2016-01-23T17:30:11.000000;4223a92c-fb76-4365-a8c8-bff072874704;391.36;2.45923169;UNKNOWN
2016-01-23T17:30:11.000000;2016-01-23T17:30:11.000000;de434b9a-5606-43ed-8ec4-fba1bfafdfd7;391.36;1.0;UNKNOWN
2016-01-23T17:30:11.000000;2016-01-23T17:30:11.000000;cba0cec9-9478-415d-ac4d-5a3226f5fac3;391.49;0.05;UNKNOWN
2016-01-23T17:30:59.000000;2016-01-23T17:30:59.000000;d94112ed-9543-4d0f-a75f-d4ae5bde2186;391.77;5.0;UNKNOWN
2016-01-23T17:31:40.000000;2016-01-23T17:31:40.000000;4cb9d951-33f0-4015-9213-d9ca7c18b631;391.77;0.2;UNKNOWN
2016-01-23T17:31:49.000000;2016-01-23T17:31:49.000000;a9fba2d4-5e7d-4515-a834-81292cf130b3;391.34;0.1;UNKNOWN
2016-01-23T17:32:02.000000;2016-01-23T17:32:02.000000;1450b8ec-7302-4cd1-8454-806c06883af9;391.3;9.0;UNKNOWN
2016-01-23T17:32:02.000000;2016-01-23T17:32:02.000000;ef845e44-b539-4fc0-aa61-fc38ea5d624d;391.31;0.15;UNKNOWN
2016-01-23T17:32:02.000000;2016-01-23T17:32:02.000000;0aea4b86-9aee-4c21-aa3c-f5b05e0a0b07;390.97;2.55731584;UNKNOWN
2016-01-23T17:32:02.000000;2016-01-23T17:32:02.000000;7328a267-47cc-4863-a7e9-c7728bedf77b;390.91;0.04578416;UNKNOWN
2016-01-23T17:32:02.000000;2016-01-23T17:32:02.000000;6e5ebc06-f330-46d5-b805-b8218ad46ff6;391.32;6.2969;UNKNOWN
2016-01-23T17:32:45.000000;2016-01-23T17:32:45.000000;1ad1989d-ca0f-47e7-bf81-de5a7c5127a1;390.96;1.0;UNKNOWN
2016-01-23T17:33:45.000000;2016-01-23T17:33:45.000000;be35446e-5421-4169-be9f-856607433e3b;391.75;2.0;UNKNOWN
2016-01-23T17:33:57.000000;2016-01-23T17:33:57.000000;6b3d43c9-e087-430a-9008-661026a75f24;391.78;3.5698;UNKNOWN
2016-01-23T17:34:02.000000;2016-01-23T17:34:02.000000;bbeb68b6-9dfd-4cb4-b2cf-2fdf3d9afdba;391.78;5.9302;UNKNOWN
2016-01-23T17:34:03.000000;2016-01-23T17:34:03.000000;6b167e19-3e99-4f37-bfa7-245b811693bf;391.95;2.0;UNKNOWN
2016-01-23T17:34:10.000000;2016-01-23T17:34:10.000000;f0b0bd03-124a-4de0-a1a7-8d39fb4e0bfe;391.82;0.01048;UNKNOWN
2016-01-23T17:34:24.000000;2016-01-23T17:34:24.000000;6cba4022-2fe7-4d50-9079-1b3585e6d18a;391.9;0.01397;UNKNOWN
2016-01-23T17:34:51.000000;2016-01-23T17:34:51.000000;50bec481-25e6-4e44-ac29-a4d8c7f29071;392.0;1.0;UNKNOWN
2016-01-23T17:34:51.000000;2016-01-23T17:34:51.000000;ffcf3994-65ea-4162-9516-142d9ee7a323;391.95;7.0;UNKNOWN
2016-01-23T17:34:56.000000;2016-01-23T17:34:56.000000;358a8b02-5183-41e1-9238-0841d680bb51;392.45;3.92;UNKNOWN
2016-01-23T17:34:56.000000;2016-01-23T17:34:56.000000;37baaa24-6ca6-44eb-8cfd-5df207ccfe1f;392.2;0.03;UNKNOWN
2016-01-23T17:34:56.000000;2016-01-23T17:34:56.000000;2dc97d70-2ede-4246-b315-dd648218b181;392.4;0.03;UNKNOWN
2016-01-23T17:34:56.000000;2016-01-23T17:34:56.000000;77793ec8-57e1-4f3a-a486-e7d9a4148dc8;392.43;0.02;UNKNOWN
2016-01-23T17:35:06.000000;2016-01-23T17:35:06.000000;891e7429-ba0f-423c-9e42-241463fb7d49;392.5;0.0299996;UNKNOWN
2016-01-23T17:35:06.000000;2016-01-23T17:35:06.000000;6c9bf14a-7ea5-4f7a-886a-5dec6dc082f1;392.5;0.7610524;UNKNOWN
2016-01-23T17:35:06.000000;2016-01-23T17:35:06.000000;5af8aaad-32b4-49bc-aa0c-2014b063c63d;392.48;0.068948;UNKNOWN
2016-01-23T17:35:08.000000;2016-01-23T17:35:08.000000;2820b29d-345f-4427-aeda-e5939f9678b6;392.12;0.01048;UNKNOWN
2016-01-23T17:35:12.000000;2016-01-23T17:35:12.000000;fd7b99c3-71f9-43d2-9254-d0d81e6575f5;392.13;0.01397;UNKNOWN
2016-01-23T17:35:13.000000;2016-01-23T17:35:13.000000;e8eae87a-cd63-4de4-9717-538c7204ee10;392.48;2.16;UNKNOWN
2016-01-23T17:35:13.000000;2016-01-23T17:35:13.000000;99bf59d2-8d47-4490-aa51-138eb4623b48;392.49;12.84;UNKNOWN
2016-01-23T17:35:13.000000;2016-01-23T17:35:13.000000;91964a38-30d8-4ba8-947e-e3912fc80223;392.02;0.0332669;UNKNOWN
2016-01-23T17:35:24.000000;2016-01-23T17:35:24.000000;bfc27815-d1c9-4fd2-8d6e-ffa887c4fb22;392.06;0.35931427;UNKNOWN
2016-01-23T17:35:30.000000;2016-01-23T17:35:30.000000;d435758a-0621-48e9-887d-3f25adf3ef4a;392.09;1.02;UNKNOWN
2016-01-23T17:35:48.000000;2016-01-23T17:35:48.000000;34402fdf-55d7-4038-8e2d-54b1c4369cce;392.01;0.45150851;UNKNOWN
2016-01-23T17:35:48.000000;2016-01-23T17:35:48.000000;1ba66e27-70b6-45b1-80a2-6f44914526d9;392.14;0.3528;UNKNOWN
2016-01-23T17:35:52.000000;2016-01-23T17:35:52.000000;7b6b2437-22fd-4b2d-a068-eece543d922a;392.44;0.3;UNKNOWN
2016-01-23T17:35:57.000000;2016-01-23T17:35:57.000000;0e6b0bb3-bc12-44a1-be41-db6a4173a4cc;392.01;4.0;UNKNOWN
2016-01-23T17:36:00.000000;2016-01-23T17:36:00.000000;e0ad9119-7dd3-4a34-b896-d89b66b205aa;392.0;0.01397;UNKNOWN
2016-01-23T17:36:05.000000;2016-01-23T17:36:05.000000;f933f11a-bc23-401b-99ba-9d9ad5dabe01;392.02;0.01048;UNKNOWN
2016-01-23T17:36:06.000000;2016-01-23T17:36:06.000000;320814ed-71e4-4121-93c0-1e59a8c794cd;392.02;1.0;UNKNOWN
2016-01-23T17:36:06.000000;2016-01-23T17:36:06.000000;cf56656a-b4ad-4143-b566-3231ba7cd0e8;392.02;4.35320681;UNKNOWN
2016-01-23T17:36:14.000000;2016-01-23T17:36:14.000000;58df4061-8bde-40d8-8dbb-31b4831616f8;392.01;0.10542103;UNKNOWN
2016-01-23T17:36:26.000000;2016-01-23T17:36:26.000000;9565b03c-1e42-486b-9f59-de048e03778e;392.01;1.0;UNKNOWN
2016-01-23T17:36:50.000000;2016-01-23T17:36:50.000000;19e8f44c-d855-41ad-8546-82e012cca55b;392.0;0.01397;UNKNOWN
2016-01-23T17:36:50.000000;2016-01-23T17:36:50.000000;f775f29b-aafd-40af-82b6-3e24334df93c;392.0;4.0;UNKNOWN
2016-01-23T17:36:56.000000;2016-01-23T17:36:56.000000;26cec49e-2c96-4f6b-bab9-b7cb60cb21d2;392.0;0.4;UNKNOWN
2016-01-23T17:37:32.000000;2016-01-23T17:37:32.000000;16d46bea-b2de-452d-b722-c4508a9f6930;392.0;0.25;UNKNOWN
2016-01-23T17:37:36.000000;2016-01-23T17:37:36.000000;284d8b5e-0cb7-42c9-bcbd-d71708408336;392.0;0.01397;UNKNOWN
2016-01-23T17:37:38.000000;2016-01-23T17:37:38.000000;6068da1c-71a9-48e4-b8d2-4b2158114b51;392.0;0.11;UNKNOWN
2016-01-23T17:38:07.000000;2016-01-23T17:38:07.000000;4a92ca78-5dc5-43fe-9b37-6b8025fad478;392.0;0.04;UNKNOWN
2016-01-23T17:38:33.000000;2016-01-23T17:38:33.000000;cb234955-24d1-4ec1-a5ba-bfdf4e333ce2;392.0;1.4894342;UNKNOWN
2016-01-23T17:38:41.000000;2016-01-23T17:38:41.000000;d81ac9be-52ba-42c1-8877-66079aadda52;392.0;0.25;UNKNOWN
2016-01-23T17:39:47.000000;2016-01-23T17:39:47.000000;bf8ba075-6776-4830-a2a5-39bf2d99385f;392.0;0.1;UNKNOWN
2016-01-23T17:40:21.000000;2016-01-23T17:40:21.000000;446baa89-0e5d-4da3-bc16-f499021f262f;392.0;0.1;UNKNOWN
2016-01-23T17:40:36.000000;2016-01-23T17:40:36.000000;73958fdf-b4c9-4665-a7c8-d3f6c69dab94;392.0;0.2186558;UNKNOWN
2016-01-23T17:40:42.000000;2016-01-23T17:40:42.000000;2ab7accb-fef6-488b-b208-1f30d12baac1;390.83;6.3065;UNKNOWN
2016-01-23T17:40:42.000000;2016-01-23T17:40:42.000000;ba6ba3f6-36fe-4e58-a1a3-4cbd3d98d6d3;390.8;0.03;UNKNOWN
2016-01-23T17:40:42.000000;2016-01-23T17:40:42.000000;b6537c12-3d3f-47b7-a997-4189c70e154f;390.54;3.6635;UNKNOWN
2016-01-23T17:40:42.000000;2016-01-23T17:40:42.000000;aa69e438-d530-4f12-a1d3-1fc8cfc08c49;390.75;10.0;UNKNOWN
2016-01-23T17:41:23.000000;2016-01-23T17:41:23.000000;4a9b20f4-e2e3-4b05-9fb9-58291ba75123;390.2;0.51071479;UNKNOWN
2016-01-23T17:42:43.000000;2016-01-23T17:42:43.000000;4fc8bcd8-6ac0-4691-a9dd-4ba5029e9607;390.46;0.16;UNKNOWN
2016-01-23T17:43:18.000000;2016-01-23T17:43:18.000000;de3d835a-f209-462c-a3b6-801b8113bbe4;390.38;0.02565353;UNKNOWN
2016-01-23T17:43:34.000000;2016-01-23T17:43:34.000000;386edd7c-de5c-4fc4-baff-ab2a0543e366;390.21;0.04005856;UNKNOWN
2016-01-23T17:43:34.000000;2016-01-23T17:43:34.000000;5c10bc05-58f3-4018-a79c-c5f9f1170177;390.23;0.24;UNKNOWN
2016-01-23T17:43:37.000000;2016-01-23T17:43:37.000000;0e30d701-8345-45a2-9330-76b7435201da;390.89;6.3649;UNKNOWN
2016-01-23T17:43:37.000000;2016-01-23T17:43:37.000000;a6dbe6da-d308-4e89-8fd9-c4249ffb508b;390.89;22.4991;UNKNOWN
2016-01-23T17:43:37.000000;2016-01-23T17:43:37.000000;e174591f-4d76-4216-8522-2b4aa4ae8436;390.41;0.3;UNKNOWN
2016-01-23T17:44:48.000000;2016-01-23T17:44:48.000000;ce50b8e9-0664-4372-ba19-72d75fb34b72;391.04;4.5044;UNKNOWN
2016-01-23T17:45:01.000000;2016-01-23T17:45:01.000000;1e1ac1a0-649e-4256-be52-38e2df0e6acb;391.05;1.0;UNKNOWN
2016-01-23T17:45:06.000000;2016-01-23T17:45:06.000000;a8736993-cf00-4a79-b56a-b27c249488f6;390.43;0.18;UNKNOWN
2016-01-23T17:45:06.000000;2016-01-23T17:45:06.000000;f6c8c0f6-c274-4e1f-841b-22b075033e01;390.43;0.52;UNKNOWN
2016-01-23T17:46:03.000000;2016-01-23T17:46:03.000000;1ef3bee2-b67b-4092-9122-e479bbc647bc;390.61;0.20517044;UNKNOWN
2016-01-23T17:46:23.000000;2016-01-23T17:46:23.000000;0bd599f6-6752-4af4-bf95-d4304ca92ff2;390.22;0.50465545;UNKNOWN
2016-01-23T17:46:38.000000;2016-01-23T17:46:38.000000;5970dcef-8d3e-4f96-9c26-0864712b2891;389.78;14.99061497;UNKNOWN
2016-01-23T17:46:38.000000;2016-01-23T17:46:38.000000;12ef50b8-86ff-423a-ab29-6ca80df0bce5;390.31;0.5;UNKNOWN
2016-01-23T17:46:38.000000;2016-01-23T17:46:38.000000;ec84aaf7-5e38-423a-9a86-97ce8bdb9a63;389.91;0.12;UNKNOWN
2016-01-23T17:46:38.000000;2016-01-23T17:46:38.000000;562acc48-1acc-4fa6-85a6-91d14627293e;390.2;0.03;UNKNOWN
2016-01-23T17:46:38.000000;2016-01-23T17:46:38.000000;844cf294-6104-4a14-92b2-5e0e9053fdcf;390.01;2.56134419;UNKNOWN
2016-01-23T17:46:38.000000;2016-01-23T17:46:38.000000;1b740cfa-ce1f-488c-8e96-2ca80219d17c;390.3;6.3225;UNKNOWN
2016-01-23T17:46:38.000000;2016-01-23T17:46:38.000000;a7f24cf1-4546-43bc-9b07-5fd0f1742fb2;389.85;0.5;UNKNOWN
2016-01-23T17:46:38.000000;2016-01-23T17:46:38.000000;1499628c-df66-4388-b9b8-4cecd81600e3;390.1;1.17;UNKNOWN
2016-01-23T17:46:38.000000;2016-01-23T17:46:38.000000;293cc698-2000-46b2-a7a1-14509c3ed4a8;389.93;2.56124579;UNKNOWN
2016-01-23T17:46:38.000000;2016-01-23T17:46:38.000000;b55c6469-23a1-4f89-99e3-9074319c8f9d;389.84;2.56114739;UNKNOWN
2016-01-23T17:46:38.000000;2016-01-23T17:46:38.000000;f93e6087-a3f9-485d-a622-96655c7f92b7;390.0;0.02;UNKNOWN
2016-01-23T17:46:38.000000;2016-01-23T17:46:38.000000;f0197365-5fdc-4a06-87ea-edf91e878d77;390.31;6.0;UNKNOWN
2016-01-23T17:46:38.000000;2016-01-23T17:46:38.000000;7c4de726-920c-4443-a345-0437f27efeef;390.31;3.0;UNKNOWN
2016-01-23T17:46:38.000000;2016-01-23T17:46:38.000000;151cb7c8-80bd-4f35-aa3d-63298ca9d43f;390.09;2.56154102;UNKNOWN
2016-01-23T17:46:38.000000;2016-01-23T17:46:38.000000;864efe31-e53a-4d37-8448-bc85bf14d558;390.28;2.9;UNKNOWN
2016-01-23T17:46:38.000000;2016-01-23T17:46:38.000000;722f1f40-f6de-4c53-9ef0-d37f4996ebdc;390.29;12.0;UNKNOWN
2016-01-23T17:46:38.000000;2016-01-23T17:46:38.000000;42648d25-b17b-4f36-ab99-16baacde74a0;390.19;2.56160664;UNKNOWN
2016-01-23T17:46:38.000000;2016-01-23T17:46:38.000000;8d23b1b8-e1cc-43cc-9ef0-a4e1f27096d9;390.3;5.47;UNKNOWN
2016-01-23T17:46:38.000000;2016-01-23T17:46:38.000000;52a51fce-1561-4d48-8066-8f50f268722a;390.2;1.17;UNKNOWN
2016-01-23T17:46:59.000000;2016-01-23T17:46:59.000000;7faf1826-99b6-4312-88e4-503335ab580e;389.79;0.3;UNKNOWN
2016-01-23T17:48:13.000000;2016-01-23T17:48:13.000000;669b508a-43c8-4625-a178-2fa4aa3e3079;390.03;0.056388;UNKNOWN
2016-01-23T17:48:13.000000;2016-01-23T17:48:13.000000;a2291a80-2cf5-480c-bf43-8df28446846b;390.03;0.15;UNKNOWN
2016-01-23T17:48:56.000000;2016-01-23T17:48:56.000000;ebce8611-76f6-4d1b-bc0d-2fd4b8df6c72;389.37;5.9564;UNKNOWN
2016-01-23T17:48:56.000000;2016-01-23T17:48:56.000000;1ffb9745-b071-48ee-b061-710551b9ad0d;390.01;0.3436;UNKNOWN
2016-01-23T17:48:56.000000;2016-01-23T17:48:56.000000;43e18f1d-cf1b-4cb1-b849-ff49dfb5d2f2;389.51;0.13;UNKNOWN
2016-01-23T17:48:56.000000;2016-01-23T17:48:56.000000;5b2966fd-2642-4ac0-9360-97ac4082fee3;389.4;0.03;UNKNOWN
2016-01-23T17:48:56.000000;2016-01-23T17:48:56.000000;82bffa9e-9120-40bc-b509-639ad2024484;390.0;10.0;UNKNOWN
2016-01-23T17:48:56.000000;2016-01-23T17:48:56.000000;423b5b18-3056-4b02-bf8a-9b78059e57ff;390.01;0.25;UNKNOWN
2016-01-23T17:48:56.000000;2016-01-23T17:48:56.000000;c2bdda53-17f5-422e-a32b-ee07b59a518f;389.69;0.4;UNKNOWN
2016-01-23T17:48:56.000000;2016-01-23T17:48:56.000000;85d9fc6c-6b6f-4a08-960a-008d0f97f12d;389.45;2.89;UNKNOWN
2016-01-23T17:49:13.000000;2016-01-23T17:49:13.000000;68ba6219-174e-494e-b847-1e22fdd74ec9;389.32;0.21576343;UNKNOWN
2016-01-23T17:49:13.000000;2016-01-23T17:49:13.000000;7c9084e5-709f-4170-9c0b-baab3b9177a2;389.33;0.1;UNKNOWN
2016-01-23T17:49:15.000000;2016-01-23T17:49:15.000000;a5ce5309-8def-473c-a66e-9bd064649d25;389.83;0.02537301;UNKNOWN
2016-01-23T17:49:50.000000;2016-01-23T17:49:50.000000;27506296-7a39-4713-a64c-779aa262610c;389.28;0.3;UNKNOWN
2016-01-23T17:49:50.000000;2016-01-23T17:49:50.000000;6ea91f2b-4b16-4593-8d09-c7e75deb9a66;389.28;2.0;UNKNOWN
2016-01-23T17:49:53.000000;2016-01-23T17:49:53.000000;53bfbe2d-bfd8-4222-bb83-2eadff8916c8;389.28;0.1;UNKNOWN
2016-01-23T17:49:56.000000;2016-01-23T17:49:56.000000;1f621ea6-05ca-47f5-bdc9-a03ddab94911;389.03;0.09956536;UNKNOWN
2016-01-23T17:49:56.000000;2016-01-23T17:49:56.000000;2055290c-5a8d-40e8-a222-77864ae02578;389.17;0.038106;UNKNOWN
2016-01-23T17:49:56.000000;2016-01-23T17:49:56.000000;5de4c601-3e49-48b8-a46b-fa9d9dc06df7;389.28;0.16232864;UNKNOWN
2016-01-23T17:49:59.000000;2016-01-23T17:49:59.000000;3a52dd84-b9b9-4d26-bbb0-eb18af327cb4;389.03;2.46378134;UNKNOWN
2016-01-23T17:49:59.000000;2016-01-23T17:49:59.000000;7075eead-2d34-4fce-a3b7-ec794833d16b;389.0;2.53621866;UNKNOWN
2016-01-23T17:50:03.000000;2016-01-23T17:50:03.000000;980838fe-e114-4c3e-85df-89e50356409e;389.0;6.4;UNKNOWN
2016-01-23T17:50:03.000000;2016-01-23T17:50:03.000000;586a88cc-c695-4c80-8368-0b809d012822;389.0;0.25;UNKNOWN
2016-01-23T17:50:04.000000;2016-01-23T17:50:04.000000;4ce546e2-3da5-4b47-98aa-493baa304b77;389.0;0.81378134;UNKNOWN
2016-01-23T17:50:04.000000;2016-01-23T17:50:04.000000;185117fe-4b08-42b7-be8a-6bb9bf4d251c;388.94;1.37709519;UNKNOWN
2016-01-23T17:50:04.000000;2016-01-23T17:50:04.000000;39fdd235-b24d-4b00-8dee-a231100f6165;388.94;1.18621866;UNKNOWN
2016-01-23T17:50:08.000000;2016-01-23T17:50:08.000000;bcdad168-0408-4ff6-a792-ba41ed26be13;388.88;2.5631496;UNKNOWN
2016-01-23T17:50:09.000000;2016-01-23T17:50:09.000000;3060710a-e572-4ffc-a549-5e28c9a3ace5;388.8;2.56311675;UNKNOWN
2016-01-23T17:50:09.000000;2016-01-23T17:50:09.000000;d17d0424-7f93-497b-9ef5-6b3e0be9303a;388.72;1.73688325;UNKNOWN
2016-01-23T17:50:10.000000;2016-01-23T17:50:10.000000;bda02b47-3c9b-4057-9109-0414a5d06c72;388.72;0.4466;UNKNOWN
2016-01-23T17:50:12.000000;2016-01-23T17:50:12.000000;9aa4d091-0cc7-4a0f-bf2a-e5b4796fd240;388.64;0.1;UNKNOWN
2016-01-23T17:50:12.000000;2016-01-23T17:50:12.000000;c44862fc-ff7c-409b-9d6f-efa806252f42;388.59;2.5633467;UNKNOWN
2016-01-23T17:50:12.000000;2016-01-23T17:50:12.000000;bbe616cf-85a9-4d96-aae1-6a643b0bb8d5;388.63;0.05;UNKNOWN
2016-01-23T17:50:12.000000;2016-01-23T17:50:12.000000;ede16907-a375-41a9-8e10-49c4d6f96f1d;388.72;0.3795678;UNKNOWN
2016-01-23T17:50:16.000000;2016-01-23T17:50:16.000000;6262817c-0899-4aff-b550-99cc004fd0b2;388.29;0.068428;UNKNOWN
2016-01-23T17:50:16.000000;2016-01-23T17:50:16.000000;5e5182c6-573d-4336-9491-96669034c486;388.14;0.1;UNKNOWN
2016-01-23T17:50:16.000000;2016-01-23T17:50:16.000000;7d1c46aa-00fb-4612-91a4-09999f655739;388.0;1.0;UNKNOWN
2016-01-23T17:50:16.000000;2016-01-23T17:50:16.000000;cb937c53-2b47-448c-834e-fe5dbefd5035;387.76;2.3942324;UNKNOWN
2016-01-23T17:50:16.000000;2016-01-23T17:50:16.000000;15c8f214-5198-43d2-9145-a5962d926dd6;387.76;0.5;UNKNOWN
2016-01-23T17:50:21.000000;2016-01-23T17:50:21.000000;e6dd5a67-97fb-463a-8055-1c622f4266a7;387.36;12.5;UNKNOWN
2016-01-23T17:50:21.000000;2016-01-23T17:50:21.000000;82686c98-9c8c-4d9e-ae58-a0a648e7f83e;387.36;11.10596978;UNKNOWN
2016-01-23T17:50:21.000000;2016-01-23T17:50:21.000000;585331cb-a506-405d-bf5e-79c369abc6b5;387.76;3.1257676;UNKNOWN
2016-01-23T17:50:21.000000;2016-01-23T17:50:21.000000;1a2ffc5c-0d5d-4835-be18-d1d0091777d9;387.8;0.02;UNKNOWN
2016-01-23T17:50:21.000000;2016-01-23T17:50:21.000000;9f553be4-1007-4cba-abcf-3d4d243772d9;387.71;12.5;UNKNOWN
2016-01-23T17:50:21.000000;2016-01-23T17:50:21.000000;e022bda7-9a7a-41d2-a428-c0920cba1db6;387.76;0.98;UNKNOWN
2016-01-23T17:50:27.000000;2016-01-23T17:50:27.000000;73a32596-211f-4939-bc56-9c28e4550e1a;386.75;2.33673949;UNKNOWN
2016-01-23T17:50:27.000000;2016-01-23T17:50:27.000000;0f30c343-2088-4e8c-8f65-81a4dc092e37;387.72;7.0;UNKNOWN
2016-01-23T17:50:27.000000;2016-01-23T17:50:27.000000;1feb8949-94a1-4410-aca4-7f29fa6d33cc;387.2;0.02;UNKNOWN
2016-01-23T17:50:27.000000;2016-01-23T17:50:27.000000;217f071b-81b7-4c5f-968e-25c19d51f698;387.0;0.0477;UNKNOWN
2016-01-23T17:50:27.000000;2016-01-23T17:50:27.000000;c3df9f26-dfbb-4063-b842-3e11be5465d0;386.8;0.02;UNKNOWN
2016-01-23T17:50:27.000000;2016-01-23T17:50:27.000000;b867b09e-8355-4e68-a19c-56ed7f7dd846;387.34;2.57556051;UNKNOWN
2016-01-23T17:50:30.000000;2016-01-23T17:50:30.000000;8b7cf3af-2928-475a-b5cb-438392916d39;386.77;9.0;UNKNOWN
2016-01-23T17:50:35.000000;2016-01-23T17:50:35.000000;e5a35641-b5ca-4d87-99bc-4e17e1f1ccbc;386.68;0.05;UNKNOWN
2016-01-23T17:50:35.000000;2016-01-23T17:50:35.000000;b34f2526-2db4-47ca-b72e-926fe5fd3133;386.76;15.96;UNKNOWN
2016-01-23T17:50:35.000000;2016-01-23T17:50:35.000000;cf920e02-3ded-4c43-8446-1b145546d08e;386.36;9.9135624;UNKNOWN
2016-01-23T17:50:35.000000;2016-01-23T17:50:35.000000;bdacc2fc-b303-497e-9f3a-f148ef511fc9;387.29;2.5;UNKNOWN
2016-01-23T17:50:35.000000;2016-01-23T17:50:35.000000;68b54330-0b2c-4702-a983-c49233db3aff;386.76;14.89;UNKNOWN
2016-01-23T17:50:35.000000;2016-01-23T17:50:35.000000;e11238c5-5d0e-424e-9764-93caeed6420a;386.57;2.0;UNKNOWN
2016-01-23T17:50:35.000000;2016-01-23T17:50:35.000000;df9112ac-8a78-4484-8370-dbd899c7246b;386.77;0.4;UNKNOWN
2016-01-23T17:50:35.000000;2016-01-23T17:50:35.000000;02716e6d-cc70-4f21-97e5-504151bbea79;386.72;2.93;UNKNOWN
2016-01-23T17:50:35.000000;2016-01-23T17:50:35.000000;5ee404a7-fa08-4630-8434-001e19f3b4d5;386.77;4.37;UNKNOWN
2016-01-23T17:50:35.000000;2016-01-23T17:50:35.000000;815463f9-93c2-4c07-98f4-bc91545d6cc1;386.4;2.0;UNKNOWN
2016-01-23T17:50:42.000000;2016-01-23T17:50:42.000000;6ef3d573-dfb4-42db-aeed-bf31c30273af;387.0;0.9;UNKNOWN
2016-01-23T17:50:48.000000;2016-01-23T17:50:48.000000;2b6111ee-2d6c-4fc0-b91c-5e6895ac7deb;386.97;2.8;UNKNOWN
2016-01-23T17:50:48.000000;2016-01-23T17:50:48.000000;afa219db-0f6a-4662-8e19-0d20d0a27a87;386.97;0.2;UNKNOWN
2016-01-23T17:50:48.000000;2016-01-23T17:50:48.000000;48eff2f3-2133-4fcd-84e1-9727c2879630;386.98;0.1;UNKNOWN
2016-01-23T17:50:49.000000;2016-01-23T17:50:49.000000;c5baedd6-2357-4626-80e8-b48dac173cb8;386.96;0.12034467;UNKNOWN
2016-01-23T17:51:02.000000;2016-01-23T17:51:02.000000;630fa686-7c0d-48c9-96d1-37a76cdaae14;386.68;0.03036678;UNKNOWN
2016-01-23T17:51:04.000000;2016-01-23T17:51:04.000000;593e614c-f535-41be-a8f3-df6065bd6445;386.68;0.36963322;UNKNOWN
2016-01-23T17:51:04.000000;2016-01-23T17:51:04.000000;06abc73e-f75a-4de3-8cc8-04ac237de0c8;386.68;1.19036678;UNKNOWN
2016-01-23T17:51:05.000000;2016-01-23T17:51:05.000000;d97fd845-f5e5-4fc3-906d-7ba2ef636e40;386.96;1.6;UNKNOWN
2016-01-23T17:51:11.000000;2016-01-23T17:51:11.000000;eed3a814-8b59-4c44-bc09-0f012a17dc17;386.97;0.11788887;UNKNOWN
2016-01-23T17:51:11.000000;2016-01-23T17:51:11.000000;b0615ab6-bceb-48fb-a1ba-2357d7f3571e;386.97;2.58211113;UNKNOWN
2016-01-23T17:51:11.000000;2016-01-23T17:51:11.000000;a55330eb-78a3-40a4-b0af-8d71e6e6649e;386.95;0.4;UNKNOWN
2016-01-23T17:51:18.000000;2016-01-23T17:51:18.000000;54810380-769b-433d-ba68-5c42faaabc90;386.95;0.3;UNKNOWN
2016-01-23T17:51:24.000000;2016-01-23T17:51:24.000000;541076f4-09cc-4f58-bf4b-a25759a29838;386.76;1.287;UNKNOWN
2016-01-23T17:51:59.000000;2016-01-23T17:51:59.000000;7ab09c3d-7d7c-4d0e-afc7-ff73db034963;387.12;0.1;UNKNOWN
2016-01-23T17:52:10.000000;2016-01-23T17:52:10.000000;07dd6a07-bdf2-4757-8c06-07b2c8c33ac7;387.12;1.0;UNKNOWN
2016-01-23T17:52:11.000000;2016-01-23T17:52:11.000000;31f6af8a-5f8a-41af-9768-68224d193f80;387.12;0.4;UNKNOWN
2016-01-23T17:52:11.000000;2016-01-23T17:52:11.000000;fd40c91b-75a1-4177-b3c1-d4dc80e8684d;387.12;0.4;UNKNOWN
2016-01-23T17:52:24.000000;2016-01-23T17:52:24.000000;1ce45047-63be-4529-a616-7142a1428c62;387.12;0.68224449;UNKNOWN
2016-01-23T17:52:36.000000;2016-01-23T17:52:36.000000;d9d9f72c-1195-4d45-9d66-c4b578f90a2c;387.49;0.1;UNKNOWN
2016-01-23T17:52:42.000000;2016-01-23T17:52:42.000000;f046ce30-5ce7-4057-b0cb-36c0bc506d7e;387.49;5.0;UNKNOWN
2016-01-23T17:52:53.000000;2016-01-23T17:52:53.000000;5de71c3e-dd3b-4849-b14d-c47f0330c0a6;387.36;0.12943532;UNKNOWN
2016-01-23T17:53:25.000000;2016-01-23T17:53:25.000000;b6423a48-04f6-4a9a-86da-cd8eb5de3d38;387.41;10.0;UNKNOWN
2016-01-23T17:54:07.000000;2016-01-23T17:54:07.000000;51a78f96-4e99-41ee-a1f0-e261f6767b39;387.36;0.5;UNKNOWN
2016-01-23T17:54:16.000000;2016-01-23T17:54:16.000000;9dd343fd-503e-44fd-b74c-b8aa5cc0c3c0;387.26;0.8;UNKNOWN
2016-01-23T17:54:22.000000;2016-01-23T17:54:22.000000;d182aefb-0986-4bbd-86a7-2c8f9758d462;387.26;0.16251921;UNKNOWN
2016-01-23T17:55:00.000000;2016-01-23T17:55:00.000000;36d881f0-0610-4ada-bdbc-c4abfb3476a0;387.46;0.02;UNKNOWN
2016-01-23T17:55:18.000000;2016-01-23T17:55:18.000000;11624a3d-358d-405f-91f4-999bc53ba37c;387.52;0.1;UNKNOWN
2016-01-23T17:55:56.000000;2016-01-23T17:55:56.000000;087d58d4-173b-4ab2-b580-e11e55388740;387.46;0.26824824;UNKNOWN
2016-01-23T17:55:59.000000;2016-01-23T17:55:59.000000;9acc2c89-6351-4bab-99ad-fed1687b81d1;387.46;0.02;UNKNOWN
2016-01-23T17:56:08.000000;2016-01-23T17:56:08.000000;3e9997a3-c925-455d-b473-bbe1961cb8aa;387.44;2.38;UNKNOWN
2016-01-23T17:56:08.000000;2016-01-23T17:56:08.000000;9baf78bc-f106-4e93-a563-e9ca4efaa184;387.46;7.62;UNKNOWN
2016-01-23T17:56:13.000000;2016-01-23T17:56:13.000000;14726819-867e-4ec1-8e49-7bc40503a652;387.41;0.9899;UNKNOWN
2016-01-23T17:56:17.000000;2016-01-23T17:56:17.000000;3ccac2f5-87b3-4144-8b37-d0b7045bde46;387.46;4.09175176;UNKNOWN
2016-01-23T17:56:18.000000;2016-01-23T17:56:18.000000;3f095edf-18d8-4b0f-ad7e-19c0098beab4;387.52;0.1;UNKNOWN
2016-01-23T17:56:30.000000;2016-01-23T17:56:30.000000;0313a73e-858d-428e-a4d0-c8c414634864;387.53;0.954;UNKNOWN
2016-01-23T17:56:43.000000;2016-01-23T17:56:43.000000;a33fe7c4-634a-4424-87ec-d3aff56e73a9;387.58;3.0;UNKNOWN
2016-01-23T17:57:07.000000;2016-01-23T17:57:07.000000;eb386a18-2180-4537-acb1-023b7f339195;388.0;0.10097938;UNKNOWN
2016-01-23T17:57:09.000000;2016-01-23T17:57:09.000000;6216581b-04ce-4232-aa9b-562c486982dc;387.97;2.47507873;UNKNOWN
2016-01-23T17:57:18.000000;2016-01-23T17:57:18.000000;2e5db2a0-0cfc-424d-95e6-4c8a86db8cc8;388.02;0.05168857;UNKNOWN
2016-01-23T17:57:24.000000;2016-01-23T17:57:24.000000;d1c920ea-c057-4750-9099-7fbef5fc85f8;388.05;0.3;UNKNOWN
2016-01-23T18:00:04.000000;2016-01-23T18:00:04.000000;d9be02f2-975b-40e6-bfbd-00158e4aa4e5;388.03;0.01160494;UNKNOWN
2016-01-23T18:00:17.000000;2016-01-23T18:00:17.000000;729fd0d4-1437-41f0-9c5b-44510d74102f;388.38;0.1;UNKNOWN
2016-01-23T18:00:27.000000;2016-01-23T18:00:27.000000;3486789c-3ab5-4d3b-a082-522e480963d9;388.53;0.5;UNKNOWN
2016-01-23T18:00:54.000000;2016-01-23T18:00:54.000000;4e41e1a5-5340-454e-8c7b-7f4388c4d022;388.52;0.02;UNKNOWN
2016-01-23T18:01:18.000000;2016-01-23T18:01:18.000000;5fefa27a-1d63-4112-bf75-c76322b66864;388.56;2.55663357;UNKNOWN
2016-01-23T18:01:18.000000;2016-01-23T18:01:18.000000;1b57236d-2ef9-4fb3-bb25-1377662ceb48;388.46;3.0;UNKNOWN
2016-01-23T18:01:18.000000;2016-01-23T18:01:18.000000;1cf9243e-cb21-484d-b5be-aabd7253036e;388.52;2.57516256;UNKNOWN
2016-01-23T18:03:43.000000;2016-01-23T18:03:43.000000;c8e27cd8-5086-45f3-9e52-3f7af195833a;387.93;5.15753962;UNKNOWN
2016-01-23T18:03:46.000000;2016-01-23T18:03:46.000000;9311c849-56c1-4d69-ac24-ca260528c097;387.92;9.0;UNKNOWN
2016-01-23T18:03:49.000000;2016-01-23T18:03:49.000000;d0811f2c-6ee6-46e3-a663-938b47f8f301;387.99;0.1;UNKNOWN
2016-01-23T18:04:43.000000;2016-01-23T18:04:43.000000;c3a12983-bddf-4aa4-9a01-ddf55f8b6a03;387.55;3.37258841;UNKNOWN
2016-01-23T18:04:43.000000;2016-01-23T18:04:43.000000;918b91e9-7187-4b65-a246-dd2527893ccb;387.9;9.0;UNKNOWN
2016-01-23T18:04:43.000000;2016-01-23T18:04:43.000000;34cb5ed5-0fb1-4289-8ea9-0e9a33361e42;387.8;0.61;UNKNOWN
2016-01-23T18:04:43.000000;2016-01-23T18:04:43.000000;1a09ec4c-58c4-4a6b-8c42-806f6e0e8e94;387.6;2.5;UNKNOWN
2016-01-23T18:04:53.000000;2016-01-23T18:04:53.000000;c1da1faf-8165-413f-8012-470019d4b00c;387.62;0.1;UNKNOWN
2016-01-23T18:05:04.000000;2016-01-23T18:05:04.000000;7c97d0b3-4474-441b-b6a6-90408865a299;387.63;0.39309812;UNKNOWN
2016-01-23T18:05:06.000000;2016-01-23T18:05:06.000000;ceebb82c-3f13-4247-b040-d11fb9016682;387.63;0.1;UNKNOWN
2016-01-23T18:06:20.000000;2016-01-23T18:06:20.000000;83b252cb-31c4-49f8-8982-a1c697d7a8cb;387.89;0.413917;UNKNOWN
2016-01-23T18:07:04.000000;2016-01-23T18:07:04.000000;295c4c45-1002-442d-8264-1dbe79ebc1e2;387.87;0.1;UNKNOWN
2016-01-23T18:08:18.000000;2016-01-23T18:08:18.000000;83a8f7a8-0efe-484b-9128-2da1330f4347;387.93;0.1;UNKNOWN
2016-01-23T18:08:18.000000;2016-01-23T18:08:18.000000;c5fe7ea8-1c8a-45ba-83d2-4523fe966e0a;387.92;0.02703897;UNKNOWN
2016-01-23T18:08:50.000000;2016-01-23T18:08:50.000000;1ad2fdb7-e475-4e7a-aad6-750e17f7443a;388.01;0.1;UNKNOWN
2016-01-23T18:09:01.000000;2016-01-23T18:09:01.000000;8c9cb793-bd60-4fb1-a3fc-296de59ec74e;387.99;0.1;UNKNOWN
2016-01-23T18:09:15.000000;2016-01-23T18:09:15.000000;80b47ea6-7e08-48f2-b6ed-b78c941fc223;388.01;6.3508;UNKNOWN
2016-01-23T18:10:41.000000;2016-01-23T18:10:41.000000;9cd2b5a3-1347-4cd4-aa60-a8165e09749b;388.02;0.247955;UNKNOWN
2016-01-23T18:12:11.000000;2016-01-23T18:12:11.000000;2508edea-8642-4ac3-a9e1-77510cd77939;388.01;0.1;UNKNOWN
2016-01-23T18:13:26.000000;2016-01-23T18:13:26.000000;3645130c-e081-4f5f-afc5-8074ea5ce58d;387.9;0.1;UNKNOWN
2016-01-23T18:13:26.000000;2016-01-23T18:13:26.000000;cd4d92c4-193f-4a5c-bed9-a22d68ba2970;387.56;6.19;UNKNOWN
2016-01-23T18:13:26.000000;2016-01-23T18:13:26.000000;00cd640f-8815-4a9b-9cfb-ed9f151b0017;387.91;0.21;UNKNOWN
2016-01-23T18:13:43.000000;2016-01-23T18:13:43.000000;d93d5e09-e348-42b0-b3ea-dc522a226366;387.53;0.1;UNKNOWN
2016-01-23T18:13:43.000000;2016-01-23T18:13:43.000000;a0a1b7f4-44e5-43ea-988f-c490fbf3e3a1;387.61;0.1;UNKNOWN
2016-01-23T18:13:43.000000;2016-01-23T18:13:43.000000;af93cb4c-79f9-4758-83e1-ca7f08e26f73;387.51;1.8;UNKNOWN
2016-01-23T18:16:12.000000;2016-01-23T18:16:12.000000;e4928fc9-3a9f-41b2-95af-07c6fb737488;387.52;0.14357707;UNKNOWN
2016-01-23T18:16:12.000000;2016-01-23T18:16:12.000000;34ac9ad8-1666-4b68-88a9-fb4bd59c3bd1;387.5;0.05015505;UNKNOWN
2016-01-23T18:16:14.000000;2016-01-23T18:16:14.000000;af9d45d4-37f9-4dcb-bda3-bcf8bf8aceea;387.5;0.1007407;UNKNOWN
2016-01-23T18:16:32.000000;2016-01-23T18:16:32.000000;17acbfdc-7d7c-482b-b583-bcc5e37fef6f;387.5;0.15;UNKNOWN
2016-01-23T18:17:38.000000;2016-01-23T18:17:38.000000;6a949386-7466-41f4-b8a5-665a4c6f3f54;387.5;0.39302373;UNKNOWN
2016-01-23T18:18:38.000000;2016-01-23T18:18:38.000000;f3f803ea-be5d-49b3-b351-a5ae253a9192;387.55;0.012764;UNKNOWN
2016-01-23T18:18:38.000000;2016-01-23T18:18:38.000000;1b2881cf-bfe9-4cfc-af87-d4f681b1c8ca;387.66;0.087236;UNKNOWN
2016-01-23T18:18:42.000000;2016-01-23T18:18:42.000000;8592e993-6b87-4284-ae1d-56adae89a929;387.52;5.4;UNKNOWN
2016-01-23T18:18:43.000000;2016-01-23T18:18:43.000000;3b28ad30-ef5b-464f-bb82-9df03a85e864;387.52;0.010978;UNKNOWN
2016-01-23T18:18:43.000000;2016-01-23T18:18:43.000000;bb6edc25-a295-47a8-9c9f-786ff30dd4d2;387.52;0.019885;UNKNOWN
2016-01-23T18:18:44.000000;2016-01-23T18:18:44.000000;35674aa7-5f04-4c87-b175-0c026aed4043;387.5;0.011536;UNKNOWN
2016-01-23T18:19:18.000000;2016-01-23T18:19:18.000000;c358d660-3712-408d-b6f7-df5d2c0c1102;387.51;0.030022;UNKNOWN
2016-01-23T18:19:19.000000;2016-01-23T18:19:19.000000;4d7fb055-6a24-43d6-bcaf-eb619b3d02a0;387.51;0.06273752;UNKNOWN
2016-01-23T18:20:08.000000;2016-01-23T18:20:08.000000;ead14284-e64d-41c4-9d87-fa578b114336;387.52;0.28932157;UNKNOWN
2016-01-23T18:20:33.000000;2016-01-23T18:20:33.000000;e71e50e7-e68c-4ff7-89e8-8a5f4e5387c3;387.51;0.58119636;UNKNOWN
2016-01-23T18:20:37.000000;2016-01-23T18:20:37.000000;9d36c7c8-5bec-454a-9f43-c76660aaf76c;387.87;1.243;UNKNOWN
2016-01-23T18:21:18.000000;2016-01-23T18:21:18.000000;15d1a351-9f6b-4728-9530-213af3b30a23;387.59;0.25435584;UNKNOWN
2016-01-23T18:21:40.000000;2016-01-23T18:21:40.000000;7b9baf53-075b-4806-ab85-8200d86329f2;387.59;0.0194;UNKNOWN
2016-01-23T18:21:43.000000;2016-01-23T18:21:43.000000;77420ae4-31f0-48a0-a8b2-da82e1c5f72d;387.59;0.23480191;UNKNOWN
2016-01-23T18:21:43.000000;2016-01-23T18:21:43.000000;f6f970c3-73a1-43b9-a891-29f5b96f2be7;387.59;0.96624416;UNKNOWN
2016-01-23T18:21:48.000000;2016-01-23T18:21:48.000000;fccd832a-fa39-4855-9415-9d0b86b183f6;387.59;0.06973815;UNKNOWN
2016-01-23T18:21:59.000000;2016-01-23T18:21:59.000000;146c9187-cfb9-4e9a-b76d-23365f9a6cb9;387.9;0.01;UNKNOWN
2016-01-23T18:22:08.000000;2016-01-23T18:22:08.000000;ff992de0-d72b-4dc8-ae60-cbd67323a799;388.0;0.014803;UNKNOWN
2016-01-23T18:22:11.000000;2016-01-23T18:22:11.000000;e3cf61c1-d4e5-4e2f-b227-6d696e9f0446;388.01;0.1;UNKNOWN
2016-01-23T18:22:13.000000;2016-01-23T18:22:13.000000;b4cc0b7e-c2a1-4b6f-ac54-bab9a0f8ab5f;388.01;0.023574;UNKNOWN
2016-01-23T18:22:13.000000;2016-01-23T18:22:13.000000;3dd62a53-1144-420f-a5af-6a78718d5ba5;388.02;0.076426;UNKNOWN
2016-01-23T18:22:14.000000;2016-01-23T18:22:14.000000;1f24e625-cd6b-4706-9eed-2ae8e4aa6f00;388.0;0.283463;UNKNOWN
2016-01-23T18:22:16.000000;2016-01-23T18:22:16.000000;18d3c6aa-f403-417c-89bd-91a4b677584e;388.0;0.053337;UNKNOWN
2016-01-23T18:22:16.000000;2016-01-23T18:22:16.000000;12bcdf77-6739-4349-84f1-c5d6f76e4c39;388.02;0.1;UNKNOWN
2016-01-23T18:22:19.000000;2016-01-23T18:22:19.000000;62eb4ac7-b587-4349-a2bb-fa5f507c01cc;388.02;0.1;UNKNOWN
2016-01-23T18:22:21.000000;2016-01-23T18:22:21.000000;f2d832e3-5ba4-464b-b387-f249913fd0ad;388.02;0.1;UNKNOWN
2016-01-23T18:22:23.000000;2016-01-23T18:22:23.000000;85b74722-2da7-497e-9a10-4e8f676fcbf5;388.02;0.39;UNKNOWN
2016-01-23T18:23:17.000000;2016-01-23T18:23:17.000000;b4095a92-cf6a-4f45-8b52-2d1fd5ef09da;388.1;0.5;UNKNOWN
2016-01-23T18:23:28.000000;2016-01-23T18:23:28.000000;12456fb5-2f8e-4c5f-a173-42b1084953b8;388.1;1.0;UNKNOWN
2016-01-23T18:26:12.000000;2016-01-23T18:26:12.000000;35df3daa-311f-404a-a386-9d93e671e0d4;388.0;0.50838675;UNKNOWN
2016-01-23T18:26:36.000000;2016-01-23T18:26:36.000000;aea74b0e-e3e1-4dac-a0eb-c29e413d0457;388.0;0.55;UNKNOWN
2016-01-23T18:26:50.000000;2016-01-23T18:26:50.000000;47dffb2c-71c1-4a2d-b1fc-2b450b07b83b;388.0;0.3996;UNKNOWN
2016-01-23T18:27:42.000000;2016-01-23T18:27:42.000000;4260c6f9-0b89-42f3-adce-281ed6403f2c;388.03;0.1;UNKNOWN
2016-01-23T18:27:44.000000;2016-01-23T18:27:44.000000;b1d808cf-54e0-4084-9fbe-f42df4db0ce8;388.03;1.0;UNKNOWN
2016-01-23T18:28:42.000000;2016-01-23T18:28:42.000000;514bad45-e6db-40d3-a7da-90016000460d;388.02;0.058522;UNKNOWN
2016-01-23T18:28:42.000000;2016-01-23T18:28:42.000000;91ee7130-e9e9-41fe-a488-7cf1f5eaea86;388.02;0.016008;UNKNOWN
2016-01-23T18:29:22.000000;2016-01-23T18:29:22.000000;854f372b-866f-4aef-a3d0-479149a0e362;388.01;0.02776482;UNKNOWN
2016-01-23T18:29:22.000000;2016-01-23T18:29:22.000000;40843d51-7868-4166-bde3-886506f8a046;388.01;0.8752;UNKNOWN
2016-01-23T18:31:26.000000;2016-01-23T18:31:26.000000;a5e3e55b-68a4-4e77-bf86-8cd49665d76a;388.58;12.0;UNKNOWN
2016-01-23T18:31:26.000000;2016-01-23T18:31:26.000000;1e4ab93e-c94f-4d51-b9ee-7ada14cd8fd1;388.48;2.57449958;UNKNOWN
2016-01-23T18:31:26.000000;2016-01-23T18:31:26.000000;3a2555bf-f2a5-488c-9dad-3719a2f38403;388.61;1.12516425;UNKNOWN
2016-01-23T18:31:26.000000;2016-01-23T18:31:26.000000;89c4459d-d41d-436b-9769-10f5d13077b8;388.1;1.0;UNKNOWN
2016-01-23T18:31:26.000000;2016-01-23T18:31:26.000000;6faad3e9-2d0f-485c-8cf9-4ab3ddb4ed36;388.1;0.5;UNKNOWN
2016-01-23T18:31:26.000000;2016-01-23T18:31:26.000000;a254b48f-ed0c-4d96-ba49-bd3202b9080e;388.35;3.0;UNKNOWN
2016-01-23T18:31:26.000000;2016-01-23T18:31:26.000000;57f044b5-969e-46a8-bc28-6e4cd29b14a0;388.4;7.0;UNKNOWN
2016-01-23T18:31:26.000000;2016-01-23T18:31:26.000000;38ca7c91-5aad-45e4-87db-2a107c3fdc5f;388.41;2.57436703;UNKNOWN
2016-01-23T18:31:27.000000;2016-01-23T18:31:27.000000;dfba1798-b4de-46c9-a867-cd292100535a;388.61;0.25;UNKNOWN
2016-01-23T18:31:33.000000;2016-01-23T18:31:33.000000;49fbcfbf-7523-429f-906e-40abe8f5e8a0;388.09;1.00542561;UNKNOWN
2016-01-23T18:31:52.000000;2016-01-23T18:31:52.000000;664b90b3-dc64-4a1e-84b0-453b6764413a;388.7;0.041;UNKNOWN
2016-01-23T18:32:01.000000;2016-01-23T18:32:01.000000;15c384a2-95b8-4df2-8722-c66a0c70c0a8;388.84;2.57473158;UNKNOWN
2016-01-23T18:32:01.000000;2016-01-23T18:32:01.000000;573efbba-7e8e-4b63-8380-f6fb920e9f1b;388.81;0.5;UNKNOWN
2016-01-23T18:32:01.000000;2016-01-23T18:32:01.000000;1adb9d67-8f0a-494b-befd-da016446fe94;388.7;0.009;UNKNOWN
2016-01-23T18:32:13.000000;2016-01-23T18:32:13.000000;25d58838-3775-4327-ab67-77448024a168;389.02;2.57496363;UNKNOWN
2016-01-23T18:32:13.000000;2016-01-23T18:32:13.000000;d4712af2-08b7-4355-826c-9a2dc61619d9;389.03;2.57416822;UNKNOWN
2016-01-23T18:32:13.000000;2016-01-23T18:32:13.000000;6afdec2d-fb58-4d12-818d-c9eb51d94706;389.02;2.57290983;UNKNOWN
2016-01-23T18:32:13.000000;2016-01-23T18:32:13.000000;2373c4d1-52b1-44f4-8d32-f7c59579578c;389.1;0.01;UNKNOWN
2016-01-23T18:32:13.000000;2016-01-23T18:32:13.000000;caa3cd3f-37df-4651-9aff-4704455d01e3;388.85;20.06;UNKNOWN
2016-01-23T18:32:13.000000;2016-01-23T18:32:13.000000;ca156d4b-f4f0-4bac-9d3c-65991ae4afcc;388.95;2.57466529;UNKNOWN
2016-01-23T18:32:13.000000;2016-01-23T18:32:13.000000;3cbc69f4-64bc-4df6-a2c9-37d6ac19f6db;389.17;2.57466529;UNKNOWN
2016-01-23T18:32:13.000000;2016-01-23T18:32:13.000000;24d98e6a-6540-426d-b6d4-06e0357111d6;389.14;2.57277744;UNKNOWN
2016-01-23T18:32:13.000000;2016-01-23T18:32:13.000000;e6968723-cbe3-4c4f-8bf1-889d16ce0f08;388.99;2.57307534;UNKNOWN
2016-01-23T18:32:13.000000;2016-01-23T18:32:13.000000;46a8342e-a03c-43fb-9ae0-9720bb6d4d28;389.15;2.57410196;UNKNOWN
2016-01-23T18:32:14.000000;2016-01-23T18:32:14.000000;ffd9483d-dd8b-493d-b4c3-946a021c78ab;389.24;2.57324087;UNKNOWN
2016-01-23T18:32:30.000000;2016-01-23T18:32:30.000000;49dd8b23-1d06-4335-b47e-a938743c520a;389.24;0.02;UNKNOWN
2016-01-23T18:32:40.000000;2016-01-23T18:32:40.000000;ac2155ef-c50e-43c8-978c-0dcf3dd3c09a;389.28;0.5;UNKNOWN
2016-01-23T18:32:40.000000;2016-01-23T18:32:40.000000;338e4895-6be3-4038-a073-fcf5ff812b8d;389.29;2.57466529;UNKNOWN
2016-01-23T18:33:03.000000;2016-01-23T18:33:03.000000;82bbd7cc-84c5-46c1-8bcb-2daf2a6c976d;389.38;2.83;UNKNOWN
2016-01-23T18:33:37.000000;2016-01-23T18:33:37.000000;27f1d8cd-af75-4cc5-b59a-d25a9e1eb288;389.24;1.0;UNKNOWN
2016-01-23T18:34:28.000000;2016-01-23T18:34:28.000000;9303ba34-f67d-4628-8a2d-96740ec52da8;389.22;20.09746762;UNKNOWN
2016-01-23T18:35:29.000000;2016-01-23T18:35:29.000000;ea6ec5a8-de14-4bef-b876-cc8e6c6ac3a5;389.0;2.0;UNKNOWN
2016-01-23T18:37:07.000000;2016-01-23T18:37:07.000000;624b8d76-6344-40f5-8ef9-6d4517181f47;389.18;0.13;UNKNOWN
2016-01-23T18:37:07.000000;2016-01-23T18:37:07.000000;eef3354a-0312-4789-b78a-85f12d10a5b8;389.3;0.16053675;UNKNOWN
2016-01-23T18:37:07.000000;2016-01-23T18:37:07.000000;15d64682-16de-4616-bd16-9a9295228e00;389.18;0.4;UNKNOWN
2016-01-23T18:37:11.000000;2016-01-23T18:37:11.000000;4780bcfa-fd48-452b-8b5b-2f0cf5356266;389.58;2.01621195;UNKNOWN
2016-01-23T18:37:11.000000;2016-01-23T18:37:11.000000;8e199a79-6eea-4f3a-828c-cfcb3bc19965;389.29;0.27;UNKNOWN
2016-01-23T18:37:11.000000;2016-01-23T18:37:11.000000;15c568fe-d71c-4fd1-b558-d9b1b21b4f46;389.37;7.0;UNKNOWN
2016-01-23T18:37:11.000000;2016-01-23T18:37:11.000000;d2503a0d-2c34-43d2-a85f-9c73aa115faa;389.3;0.71378805;UNKNOWN
2016-01-23T18:38:28.000000;2016-01-23T18:38:28.000000;9a0db417-9cdd-44ed-883f-95a779e59371;389.46;0.5;UNKNOWN
2016-01-23T18:38:28.000000;2016-01-23T18:38:28.000000;7a29872f-3af1-452c-835e-da201410e0c7;389.46;0.15444051;UNKNOWN
2016-01-23T18:39:18.000000;2016-01-23T18:39:18.000000;a684e586-a6a2-492d-898f-cb9b6418a92e;389.39;0.01669;UNKNOWN
2016-01-23T18:39:43.000000;2016-01-23T18:39:43.000000;082b7811-3b2a-4b4f-941a-20b08b448774;389.39;0.17955186;UNKNOWN
2016-01-23T18:39:45.000000;2016-01-23T18:39:45.000000;7adba237-6ec2-483c-9115-4c19e74133f3;389.39;0.04935814;UNKNOWN
2016-01-23T18:39:45.000000;2016-01-23T18:39:45.000000;efac6f1c-2371-4ca6-b44f-a5a8eee5214b;389.39;0.05064186;UNKNOWN
2016-01-23T18:40:03.000000;2016-01-23T18:40:03.000000;e7b2bfa5-3479-4577-a2c4-3f5da8543502;388.92;0.25728707;UNKNOWN
2016-01-23T18:41:36.000000;2016-01-23T18:41:36.000000;9186fc9a-09bb-4767-8450-f812aa965b9a;389.0;0.0557;UNKNOWN
2016-01-23T18:41:38.000000;2016-01-23T18:41:38.000000;34588d88-7ba9-4884-8c16-98bef509c424;389.0;0.2937;UNKNOWN
2016-01-23T18:41:38.000000;2016-01-23T18:41:38.000000;54c6293a-64d4-46fc-9834-9d978eb2bc51;389.0;0.3;UNKNOWN
2016-01-23T18:41:38.000000;2016-01-23T18:41:38.000000;15c3ddba-2efd-4d70-81e5-6f09e481f8a5;389.01;4.4063;UNKNOWN
2016-01-23T18:43:14.000000;2016-01-23T18:43:14.000000;f4310e18-eed6-40a2-8e70-16d05c711458;388.81;0.75751799;UNKNOWN
2016-01-23T18:43:53.000000;2016-01-23T18:43:53.000000;27f73032-99a5-4f01-977e-42f253a5a519;389.0;0.25681259;UNKNOWN
2016-01-23T18:44:05.000000;2016-01-23T18:44:05.000000;77f49aa1-6c6d-4160-aff6-ff03af598a82;389.0;0.1;UNKNOWN
2016-01-23T18:44:17.000000;2016-01-23T18:44:17.000000;cf9619b7-a379-4330-b717-24cc78f5f278;388.86;0.01;UNKNOWN
2016-01-23T18:44:43.000000;2016-01-23T18:44:43.000000;34eae278-d60c-445d-ad6f-0f5b56fc671a;389.2;10.0;UNKNOWN
2016-01-23T18:44:43.000000;2016-01-23T18:44:43.000000;87a471c4-5b40-4fae-8ad4-4d35494d3443;389.01;0.5937;UNKNOWN
2016-01-23T18:44:43.000000;2016-01-23T18:44:43.000000;54cce91f-7537-4a45-aa09-73b13bd5b354;389.0;0.0432;UNKNOWN
2016-01-23T18:44:43.000000;2016-01-23T18:44:43.000000;38284713-bd26-401c-a7db-aa50d31240fa;389.0;0.4;UNKNOWN
2016-01-23T18:44:43.000000;2016-01-23T18:44:43.000000;f9df72bb-872f-4e51-ba71-a875f2d5ff50;389.0;0.1;UNKNOWN
2016-01-23T18:45:57.000000;2016-01-23T18:45:57.000000;a665ba7a-cf1d-4de4-a18b-73480b4eefa1;389.5;2.567;UNKNOWN
2016-01-23T18:46:28.000000;2016-01-23T18:46:28.000000;ca21ba21-998d-466d-9bba-700b20453ab4;389.5;0.36420575;UNKNOWN
2016-01-23T18:46:33.000000;2016-01-23T18:46:33.000000;d4f1ca5b-e434-475c-88a6-3a1a793963e9;389.12;3.52740153;UNKNOWN
2016-01-23T18:46:33.000000;2016-01-23T18:46:33.000000;c136d149-d16d-4a80-a229-cd006581da2c;389.39;1.47259847;UNKNOWN
2016-01-23T18:47:13.000000;2016-01-23T18:47:13.000000;fd265f77-314e-4b9e-ac54-d0f349f4e8e6;388.9;0.06426394;UNKNOWN
2016-01-23T18:47:54.000000;2016-01-23T18:47:54.000000;fa7d4660-f9a4-45a6-b48b-85583b08ea15;389.22;2.0;UNKNOWN
2016-01-23T18:47:54.000000;2016-01-23T18:47:54.000000;2611107a-8fd6-4749-bccd-77825a7d1658;389.22;6.0;UNKNOWN
2016-01-23T18:48:13.000000;2016-01-23T18:48:13.000000;fe4a76f3-5ae3-4a48-8737-8a088282e244;388.66;0.05260223;UNKNOWN
2016-01-23T18:48:15.000000;2016-01-23T18:48:15.000000;07c1bbe3-5840-4a94-a5ce-0f1768978bb4;389.1;0.1;UNKNOWN
2016-01-23T18:48:15.000000;2016-01-23T18:48:15.000000;7140a8b5-ef2f-4c28-b0ca-7d7005b7157d;388.66;0.02828273;UNKNOWN
2016-01-23T18:48:30.000000;2016-01-23T18:48:30.000000;e69b5537-a55d-4049-a416-a4f69f3840e8;389.0;0.02249;UNKNOWN
2016-01-23T18:48:48.000000;2016-01-23T18:48:48.000000;ae4af9f1-565d-4873-897f-aa0e37bde64a;388.49;0.03856035;UNKNOWN
2016-01-23T18:49:12.000000;2016-01-23T18:49:12.000000;789bf5ec-b469-4f44-87dd-97f0593fdff9;388.83;1.0;UNKNOWN
2016-01-23T18:49:15.000000;2016-01-23T18:49:15.000000;b4398f78-98b0-4dab-9104-51fbf64b59e9;388.4;0.1;UNKNOWN
2016-01-23T18:49:27.000000;2016-01-23T18:49:27.000000;47921b5b-e4d3-48fd-a77a-8678ff73a435;388.4;5.0;UNKNOWN
2016-01-23T18:49:36.000000;2016-01-23T18:49:36.000000;fe96c65b-ddea-4191-bb1b-ef776108962e;388.39;2.57317465;UNKNOWN
2016-01-23T18:49:39.000000;2016-01-23T18:49:39.000000;c8e5af25-4285-47a6-a6a6-f3f5d2278761;388.22;2.57357199;UNKNOWN
2016-01-23T18:49:39.000000;2016-01-23T18:49:39.000000;3b4d81e2-0e86-4f2b-8afb-4b7c108e78e4;388.23;6.3621;UNKNOWN
2016-01-23T18:49:39.000000;2016-01-23T18:49:39.000000;929348b1-a330-47d8-8671-47d8401ff9ad;388.08;2.57310844;UNKNOWN
2016-01-23T18:49:39.000000;2016-01-23T18:49:39.000000;33d52dea-6331-49cb-b264-ad6523668169;388.0;19.34301493;UNKNOWN
2016-01-23T18:49:39.000000;2016-01-23T18:49:39.000000;2fea65dd-6dc3-4907-ad75-f451e1b13cf7;388.18;2.57314155;UNKNOWN
2016-01-23T18:49:39.000000;2016-01-23T18:49:39.000000;0486bb94-e7c9-4e0c-b705-63a591d5c039;388.21;2.57506309;UNKNOWN
2016-01-23T18:49:42.000000;2016-01-23T18:49:42.000000;37ae9a97-e349-4986-b43a-38a5115239b7;388.0;0.25;UNKNOWN
2016-01-23T18:49:46.000000;2016-01-23T18:49:46.000000;b1404963-70b4-419a-bb8d-50865cba5f13;388.0;0.29;UNKNOWN
2016-01-23T18:49:46.000000;2016-01-23T18:49:46.000000;fe1d1024-ae51-4027-b0b4-4ab2a7bc271c;388.0;0.98582735;UNKNOWN
2016-01-23T18:49:51.000000;2016-01-23T18:49:51.000000;4f7e9803-60e3-4598-92b4-e47d3a042920;388.0;0.77;UNKNOWN
2016-01-23T18:49:54.000000;2016-01-23T18:49:54.000000;bb491390-5cc2-459a-b1f7-7e83556df75b;388.0;26.54156797;UNKNOWN
2016-01-23T18:49:54.000000;2016-01-23T18:49:54.000000;c07c75b3-ce66-41ef-bb24-93e952429a69;387.99;0.025;UNKNOWN
2016-01-23T18:49:54.000000;2016-01-23T18:49:54.000000;8f33cd19-44dd-4c42-bb8d-1b66f1cb0ebd;387.99;2.57795079;UNKNOWN
2016-01-23T18:49:54.000000;2016-01-23T18:49:54.000000;095af63a-f748-4540-8600-550c153ab85c;387.9;1.0;UNKNOWN
2016-01-23T18:49:54.000000;2016-01-23T18:49:54.000000;87a8bd7d-5527-4e91-91b8-aa481d5a57f3;387.98;2.57310844;UNKNOWN
2016-01-23T18:49:54.000000;2016-01-23T18:49:54.000000;f2066e51-56d8-40a7-ad75-f02254878bb1;387.86;2.2823728;UNKNOWN
2016-01-23T18:50:00.000000;2016-01-23T18:50:00.000000;d830a38e-38e8-4759-bf5c-b374a91cbb2e;387.86;0.29567768;UNKNOWN
2016-01-23T18:50:20.000000;2016-01-23T18:50:20.000000;94729f5b-1b18-466a-8901-cb7cb86a3a67;387.75;0.4;UNKNOWN
2016-01-23T18:50:20.000000;2016-01-23T18:50:20.000000;9b377e77-20cb-4d6b-b21c-431920ff22f5;387.75;0.39;UNKNOWN
2016-01-23T18:50:22.000000;2016-01-23T18:50:22.000000;29a289a6-f88c-46ee-893d-7b02406ddbc9;387.76;0.251;UNKNOWN
2016-01-23T18:50:22.000000;2016-01-23T18:50:22.000000;34a28137-cb6a-4f3d-9059-f9c82759be92;387.76;0.1;UNKNOWN
2016-01-23T18:50:41.000000;2016-01-23T18:50:41.000000;0d63a2c9-dc49-4832-a2a4-61083e5c7ddb;387.77;0.25;UNKNOWN
2016-01-23T18:50:53.000000;2016-01-23T18:50:53.000000;1aafe658-06a0-41a7-8aee-29da51f2faaf;387.77;1.8386;UNKNOWN
2016-01-23T18:51:11.000000;2016-01-23T18:51:11.000000;53ee904a-bee6-48e7-8301-9840bb48347a;387.75;0.4156;UNKNOWN
2016-01-23T18:51:12.000000;2016-01-23T18:51:12.000000;59994bab-5e9d-4f8e-a0ae-7ec3eed0f533;387.75;23.7944;UNKNOWN
2016-01-23T18:51:28.000000;2016-01-23T18:51:28.000000;78012394-2ddf-47fd-aeda-6c6ccef87e18;387.5;0.58567317;UNKNOWN
2016-01-23T18:51:28.000000;2016-01-23T18:51:28.000000;52595cb9-4e5f-43ed-a949-627dd9f4fc26;387.59;0.025468;UNKNOWN
2016-01-23T18:51:28.000000;2016-01-23T18:51:28.000000;b84c515b-ac8d-4f3f-8158-962886dc9a28;387.51;6.4449;UNKNOWN
2016-01-23T18:51:31.000000;2016-01-23T18:51:31.000000;8e5bc607-40cb-42be-80ea-1fe50f1ecc4b;387.5;2.56844877;UNKNOWN
2016-01-23T18:51:35.000000;2016-01-23T18:51:35.000000;e58da170-45dd-4134-bfb0-a4cd442f7dfd;387.58;8.0;UNKNOWN
2016-01-23T18:51:48.000000;2016-01-23T18:51:48.000000;60e2cc97-11e0-4402-ba8b-f3123c0a8969;387.51;0.05150639;UNKNOWN
2016-01-23T18:52:40.000000;2016-01-23T18:52:40.000000;64ec27b6-d597-4353-9aeb-1254a7ecdab5;387.99;5.919;UNKNOWN
2016-01-23T18:52:40.000000;2016-01-23T18:52:40.000000;1058cef2-fa68-4313-924f-42aca46f43d7;387.7;16.0;UNKNOWN
2016-01-23T18:52:52.000000;2016-01-23T18:52:52.000000;3ee21fe1-7e41-432c-a1d9-e4c52ea27e7d;388.0;0.5;UNKNOWN
2016-01-23T18:53:29.000000;2016-01-23T18:53:29.000000;700d15f6-d860-4e2d-90d8-1a9ae7f3609b;388.0;0.1;UNKNOWN
2016-01-23T18:56:04.000000;2016-01-23T18:56:04.000000;f1100bf2-3e9a-49ef-8f26-93bafec505c4;388.34;0.03742672;UNKNOWN
2016-01-23T18:56:14.000000;2016-01-23T18:56:14.000000;1d767331-665d-44bb-b31a-960a82f846a2;388.54;4.38;UNKNOWN
2016-01-23T18:57:13.000000;2016-01-23T18:57:13.000000;b8cbe5be-7abc-4012-97ec-3ef6d6928961;388.14;0.89928057;UNKNOWN
2016-01-23T18:57:45.000000;2016-01-23T18:57:45.000000;9d03a83c-85b2-44cb-beae-a4f73100630f;388.3;0.1;UNKNOWN
2016-01-23T18:57:47.000000;2016-01-23T18:57:47.000000;9eeb5ce4-7620-4278-b6da-309c422e6cee;388.3;4.0;UNKNOWN
2016-01-23T18:57:56.000000;2016-01-23T18:57:56.000000;532c2589-e71c-41ef-8be7-798afa909feb;388.3;0.1029;UNKNOWN
2016-01-23T18:58:49.000000;2016-01-23T18:58:49.000000;db616746-5602-4aa8-8374-7514756ee5b3;388.26;1.85382;UNKNOWN
2016-01-23T19:00:04.000000;2016-01-23T19:00:04.000000;f76122dc-9a15-4df0-ae67-441454f75a76;388.3;0.05;UNKNOWN
2016-01-23T19:00:53.000000;2016-01-23T19:00:53.000000;453a143b-72da-40bf-9b99-2adae97c2381;388.29;0.12892519;UNKNOWN
2016-01-23T19:01:18.000000;2016-01-23T19:01:18.000000;30701f6d-9282-4f99-b17b-26a6a6a22da5;388.29;0.120179;UNKNOWN
2016-01-23T19:03:33.000000;2016-01-23T19:03:33.000000;86cfd903-e78a-40f3-8fba-4951bbdd2f48;388.29;1.00540936;UNKNOWN
2016-01-23T19:03:50.000000;2016-01-23T19:03:50.000000;02da215a-d6a3-4560-ab34-4abf6151df2b;388.84;0.032695;UNKNOWN
2016-01-23T19:03:50.000000;2016-01-23T19:03:50.000000;dec093ba-832c-4c70-ac58-634a9949dc67;388.92;1.074025;UNKNOWN
2016-01-23T19:03:50.000000;2016-01-23T19:03:50.000000;ef458883-90ac-4657-8ac6-1114940f5939;388.3;0.7471;UNKNOWN
2016-01-23T19:04:13.000000;2016-01-23T19:04:13.000000;a4102d97-e1c0-4d00-ad23-5e1b4b656b66;388.39;1.16008772;UNKNOWN
2016-01-23T19:04:56.000000;2016-01-23T19:04:56.000000;c68e126f-6e02-4328-80d9-72ff26ab7f65;388.93;0.2;UNKNOWN
2016-01-23T19:05:43.000000;2016-01-23T19:05:43.000000;1817de0a-02e6-419c-84f9-8c64b5d68982;388.48;1.84141;UNKNOWN
2016-01-23T19:08:56.000000;2016-01-23T19:08:56.000000;7c0af2be-e0e2-4a26-97de-5480d9a475f5;388.22;0.061286;UNKNOWN
2016-01-23T19:09:50.000000;2016-01-23T19:09:50.000000;6c67b0c0-1f46-4bf5-aa20-38175321215a;388.68;0.015003;UNKNOWN
2016-01-23T19:09:51.000000;2016-01-23T19:09:51.000000;c2cf1043-66fb-45ff-8f5e-0687460bb028;388.7;0.011751;UNKNOWN
2016-01-23T19:09:53.000000;2016-01-23T19:09:53.000000;bd0b904d-2c68-4459-86a4-101c8dab0830;388.7;0.018127;UNKNOWN
2016-01-23T19:10:03.000000;2016-01-23T19:10:03.000000;84fc8f72-a542-4eb4-b713-dd744aa285b7;388.7;0.805719;UNKNOWN
2016-01-23T19:10:03.000000;2016-01-23T19:10:03.000000;dce22ac2-de92-4155-9542-8ef819b6f4c6;388.22;2.78207726;UNKNOWN
2016-01-23T19:13:43.000000;2016-01-23T19:13:43.000000;e32c5562-9b48-4428-a75c-acb5d3038d57;388.05;0.05159665;UNKNOWN
2016-01-23T19:14:54.000000;2016-01-23T19:14:54.000000;2242771f-d1fe-4159-a244-ac58cdb57944;388.05;0.013107;UNKNOWN
2016-01-23T19:14:55.000000;2016-01-23T19:14:55.000000;fb766e13-f846-4cad-8b1e-de1dec9639de;388.07;0.013107;UNKNOWN
2016-01-23T19:15:05.000000;2016-01-23T19:15:05.000000;1ff9c607-cb5b-4cb7-832c-247ccc39d1a5;388.71;17.371;UNKNOWN
2016-01-23T19:15:05.000000;2016-01-23T19:15:05.000000;706fc1fc-edfd-4913-8d78-bcf51b1b553c;388.54;2.57728637;UNKNOWN
2016-01-23T19:15:05.000000;2016-01-23T19:15:05.000000;4c9d6a52-595f-416a-a25d-3cef0d6a22da;388.8;5.0;UNKNOWN
2016-01-23T19:15:05.000000;2016-01-23T19:15:05.000000;4756f2b8-9090-48e6-91b8-a902ef67246d;388.25;3.19839;UNKNOWN
2016-01-23T19:15:05.000000;2016-01-23T19:15:05.000000;e45165df-7402-4dca-ba24-ec79fb264af2;388.72;2.57678829;UNKNOWN
2016-01-23T19:15:05.000000;2016-01-23T19:15:05.000000;c581b722-7100-4bca-abc3-cbd405f93a43;388.53;19.6327;UNKNOWN
2016-01-23T19:15:05.000000;2016-01-23T19:15:05.000000;f207d27d-e942-4452-a015-4f2f00c3e3d2;388.54;18.0787;UNKNOWN
2016-01-23T19:15:14.000000;2016-01-23T19:15:14.000000;f4777d4e-7558-4f4a-a430-4766d1eee9b2;388.82;1.33;UNKNOWN
2016-01-23T19:15:55.000000;2016-01-23T19:15:55.000000;e8bb1839-b445-4c48-8872-a7a7262bec1e;388.83;1.49;UNKNOWN
2016-01-23T19:18:51.000000;2016-01-23T19:18:51.000000;a172c797-e99a-47fb-852c-79b37ac09ae8;388.56;0.03055082;UNKNOWN
2016-01-23T19:19:46.000000;2016-01-23T19:19:46.000000;48fa34f0-d5a8-4c38-a8f7-06a281cac572;388.9;0.484629;UNKNOWN
2016-01-23T19:20:19.000000;2016-01-23T19:20:19.000000;a34ce8e5-0036-4eec-9ca1-99f0e9688a66;388.98;0.05513534;UNKNOWN
2016-01-23T19:20:25.000000;2016-01-23T19:20:25.000000;7ba6cacb-f27b-4bd4-ba1d-8686a50d9194;388.98;0.02;UNKNOWN
2016-01-23T19:20:48.000000;2016-01-23T19:20:48.000000;3e6d7738-78a2-4a21-9dcc-9a3a3e33eb2c;388.98;0.18808188;UNKNOWN
2016-01-23T19:20:55.000000;2016-01-23T19:20:55.000000;20fad728-1b46-4968-b986-3ae589772f7f;389.0;0.0557;UNKNOWN
2016-01-23T19:21:17.000000;2016-01-23T19:21:17.000000;a3b4c1e4-caec-4924-aa26-8f545433e1c8;389.5;0.25;UNKNOWN
2016-01-23T19:21:52.000000;2016-01-23T19:21:52.000000;11d28935-d9bf-47fb-8de6-d41d233d39b1;389.36;0.419833;UNKNOWN
2016-01-23T19:22:35.000000;2016-01-23T19:22:35.000000;044b5bf9-b4e4-4f6e-82e6-e1244422f73c;389.5;0.1462;UNKNOWN
2016-01-23T19:22:42.000000;2016-01-23T19:22:42.000000;2bb964cc-b21b-4819-bb72-cdf60831cd36;389.49;0.1;UNKNOWN
2016-01-23T19:22:46.000000;2016-01-23T19:22:46.000000;96b2e573-5353-490a-8722-3459241127bf;389.83;5.0;UNKNOWN
2016-01-23T19:22:46.000000;2016-01-23T19:22:46.000000;b2c5fcb9-f23b-4e86-af82-161c88e657ed;389.71;1.203423;UNKNOWN
2016-01-23T19:22:46.000000;2016-01-23T19:22:46.000000;003c92d2-7667-4c7b-8450-edc13870d8f8;389.73;5.0;UNKNOWN
2016-01-23T19:22:46.000000;2016-01-23T19:22:46.000000;4da4d615-f2d5-4423-a1b5-e4c0ac9b7d15;389.78;0.15;UNKNOWN
2016-01-23T19:22:46.000000;2016-01-23T19:22:46.000000;4f3d81cd-bbba-4948-9f46-7f864b63ae8c;389.5;6.67259425;UNKNOWN
2016-01-23T19:22:46.000000;2016-01-23T19:22:46.000000;972342e9-6854-4e8d-a11b-d55a813af78d;390.0;0.1;UNKNOWN
2016-01-23T19:22:46.000000;2016-01-23T19:22:46.000000;4391ece8-7b16-4a52-8097-d33945fec078;390.04;1.87398275;UNKNOWN
2016-01-23T19:22:50.000000;2016-01-23T19:22:50.000000;735f4500-47c7-4d76-b2be-0b4e2de359b2;389.5;0.335887;UNKNOWN
2016-01-23T19:22:52.000000;2016-01-23T19:22:52.000000;03fd2094-0cf8-40c0-a9f8-12314b8be7be;389.51;0.509525;UNKNOWN
2016-01-23T19:22:53.000000;2016-01-23T19:22:53.000000;179bdb83-b872-4955-a141-80c3fab335f3;390.01;0.25;UNKNOWN
2016-01-23T19:23:17.000000;2016-01-23T19:23:17.000000;63b6d13b-1936-4103-a65a-0b1ba7cfc71e;389.51;0.12698735;UNKNOWN
2016-01-23T19:23:34.000000;2016-01-23T19:23:34.000000;3650190c-c8b9-40ea-b0d1-b8008e2f6d9a;389.92;5.0011;UNKNOWN
2016-01-23T19:24:10.000000;2016-01-23T19:24:10.000000;175af5d3-0ca9-4436-83f7-6cb85559bd6b;389.89;0.02;UNKNOWN
2016-01-23T19:25:28.000000;2016-01-23T19:25:28.000000;e609c733-36bf-4201-a3a0-758a98494bed;389.53;0.066099;UNKNOWN
2016-01-23T19:26:14.000000;2016-01-23T19:26:14.000000;3e141acf-87cf-4cf1-83b0-0bb9d4f6326d;389.5;0.808;UNKNOWN
2016-01-23T19:28:10.000000;2016-01-23T19:28:10.000000;ac61b16c-5549-4b31-900f-8d9584d435df;389.67;0.1;UNKNOWN
2016-01-23T19:28:28.000000;2016-01-23T19:28:28.000000;0b0614f9-810a-458e-96b2-7e84ce3d118e;389.86;2.2;UNKNOWN
2016-01-23T19:30:13.000000;2016-01-23T19:30:13.000000;dcd173a1-b5e4-4a63-b1f7-a3eefb65d491;389.54;0.19054393;UNKNOWN
2016-01-23T19:30:40.000000;2016-01-23T19:30:40.000000;f2f799cb-34e2-4cf0-8aa9-41379edcdfa4;389.87;0.0476523;UNKNOWN
2016-01-23T19:30:55.000000;2016-01-23T19:30:55.000000;6eb1a961-9e40-4287-97df-a7be33f2e8ac;389.88;0.1895;UNKNOWN
2016-01-23T19:31:00.000000;2016-01-23T19:31:00.000000;14b1fe4b-315f-49e7-9ad3-69985ccaf9ab;389.87;0.02;UNKNOWN
2016-01-23T19:31:33.000000;2016-01-23T19:31:33.000000;494248da-6aa7-418f-b9a6-2a4bea49f951;389.87;0.02;UNKNOWN
2016-01-23T19:32:06.000000;2016-01-23T19:32:06.000000;756ff3e2-14f6-4a64-ba9d-40b954433632;389.87;0.02;UNKNOWN
2016-01-23T19:32:32.000000;2016-01-23T19:32:32.000000;51d978c5-c276-48bd-bdce-859cfaa6fffd;389.87;0.02;UNKNOWN
2016-01-23T19:33:03.000000;2016-01-23T19:33:03.000000;87e1eb8b-d3fc-440f-bb6e-dcaee9c181e2;389.87;0.02;UNKNOWN
2016-01-23T19:33:30.000000;2016-01-23T19:33:30.000000;2da023ac-198e-47de-bc26-6ec815817dfd;389.87;0.02;UNKNOWN
2016-01-23T19:34:02.000000;2016-01-23T19:34:02.000000;554a0c73-ac38-46fc-9f21-fe72590fda28;389.87;0.02;UNKNOWN
2016-01-23T19:34:33.000000;2016-01-23T19:34:33.000000;1ee6ad2d-de7d-49c3-ae16-c7d727dd45f8;389.87;12.1536477;UNKNOWN
2016-01-23T19:37:13.000000;2016-01-23T19:37:13.000000;ed3eb9d6-dc97-422c-9ae5-7126ed7f7e0c;389.18;0.66643081;UNKNOWN
2016-01-23T19:37:13.000000;2016-01-23T19:37:13.000000;0d6b5ede-176f-4566-a2d9-dcd67489b16e;389.49;0.025;UNKNOWN
2016-01-23T19:37:13.000000;2016-01-23T19:37:13.000000;a754c89a-8c17-4785-9ac9-92bd2c16ff79;389.56;0.070532;UNKNOWN
2016-01-23T19:38:26.000000;2016-01-23T19:38:26.000000;856723b6-e377-4f2d-a259-024e380d8a74;389.86;5.0;UNKNOWN
2016-01-23T19:40:58.000000;2016-01-23T19:40:58.000000;9a4ce982-aa18-42d3-b2b3-10eb3cb5c278;389.01;0.1;UNKNOWN
2016-01-23T19:41:27.000000;2016-01-23T19:41:27.000000;2b23f434-4c9e-48d2-b2da-e4f6ce8d51b7;389.01;1.05;UNKNOWN
2016-01-23T19:41:31.000000;2016-01-23T19:41:31.000000;1386ae22-dae5-4fe0-ad09-b66164d463a4;389.01;1.48;UNKNOWN
2016-01-23T19:41:40.000000;2016-01-23T19:41:40.000000;70a243e5-255d-4ae6-8cef-a4a20c1fc648;389.0;2.15;UNKNOWN
2016-01-23T19:41:40.000000;2016-01-23T19:41:40.000000;06a11424-1cc6-4119-afd4-c760c814ed9c;389.0;0.01;UNKNOWN
2016-01-23T19:41:44.000000;2016-01-23T19:41:44.000000;47699a6a-879d-4bd3-816e-709ecba9461d;389.01;1.47;UNKNOWN
2016-01-23T19:42:27.000000;2016-01-23T19:42:27.000000;f0980f4c-364e-4c9c-90e0-9d011df3bd18;389.2;1.76659;UNKNOWN
2016-01-23T19:42:42.000000;2016-01-23T19:42:42.000000;572ce4ee-9c8d-4ec5-8108-3bf497ccb065;389.05;5.0;UNKNOWN
2016-01-23T19:43:28.000000;2016-01-23T19:43:28.000000;274d65e4-efa0-4291-9624-5e8b557687b3;389.18;4.1667;UNKNOWN
2016-01-23T19:44:46.000000;2016-01-23T19:44:46.000000;1a5fd788-4de3-4cac-9dbc-8f5841f9d44b;389.0;0.01321049;UNKNOWN
2016-01-23T19:44:59.000000;2016-01-23T19:44:59.000000;48651801-fcdc-43f2-aed4-5c0db2f0365d;389.0;0.01;UNKNOWN
2016-01-23T19:46:46.000000;2016-01-23T19:46:46.000000;69f7415b-e397-4cde-b1e0-17f01ba83883;389.0;0.05703;UNKNOWN
2016-01-23T19:47:13.000000;2016-01-23T19:47:13.000000;4690f513-796b-4357-b825-02181afd5611;389.0;0.038082;UNKNOWN
2016-01-23T19:48:19.000000;2016-01-23T19:48:19.000000;6a4d5144-e23b-44e3-bdc9-b20decbaf62a;389.02;0.3;UNKNOWN
2016-01-23T19:48:35.000000;2016-01-23T19:48:35.000000;ebcf4a02-3100-419f-bd26-af4d7ea49a30;389.0;0.01;UNKNOWN
2016-01-23T19:48:53.000000;2016-01-23T19:48:53.000000;b0ac7569-7455-40fe-b758-b5aafe8fabdc;389.0;0.34;UNKNOWN
2016-01-23T19:51:12.000000;2016-01-23T19:51:12.000000;a9f20660-4588-47a9-9065-81037d1cba62;389.0;0.25383287;UNKNOWN
2016-01-23T19:52:23.000000;2016-01-23T19:52:23.000000;9fedff1c-5d4a-475e-8034-aa89eed953cf;389.02;0.105;UNKNOWN
2016-01-23T19:55:25.000000;2016-01-23T19:55:25.000000;b91670b8-1749-40c4-93f9-738826a8ecd9;389.01;0.4;UNKNOWN
2016-01-23T19:55:25.000000;2016-01-23T19:55:25.000000;66193661-d8e4-4cc3-a663-a926d381c608;389.01;0.01;UNKNOWN
2016-01-23T19:55:25.000000;2016-01-23T19:55:25.000000;6a909afb-ebd0-42b8-81fb-4f23e3658ac6;389.02;0.1;UNKNOWN
2016-01-23T19:55:25.000000;2016-01-23T19:55:25.000000;fe48afe3-9ee9-4992-869a-a2f66092c1e0;389.01;0.0896978;UNKNOWN
2016-01-23T19:55:37.000000;2016-01-23T19:55:37.000000;8ff1ba44-c191-4556-a0be-93b1cb8eb450;389.02;0.3103;UNKNOWN
2016-01-23T19:56:03.000000;2016-01-23T19:56:03.000000;1ff00fef-a354-405c-927c-fe1016311ff5;389.0;0.1;UNKNOWN
2016-01-23T19:56:10.000000;2016-01-23T19:56:10.000000;719b92c4-16f9-40e5-b569-d76fd2ed9848;389.02;5.0;UNKNOWN
2016-01-23T19:56:12.000000;2016-01-23T19:56:12.000000;b56b1a37-e0ce-4540-b8bf-1923b7b3cd4c;389.0;0.038415;UNKNOWN
2016-01-23T19:56:14.000000;2016-01-23T19:56:14.000000;534d9b63-d5bd-47f1-9fbb-4001a6279e04;389.0;0.12691965;UNKNOWN
2016-01-23T19:56:29.000000;2016-01-23T19:56:29.000000;f41bc50d-761c-4de8-b48c-c505492117d4;389.0;1.0;UNKNOWN
2016-01-23T19:58:04.000000;2016-01-23T19:58:04.000000;78903d03-8fb7-4e0c-80fa-dc1a08389dbf;389.02;25.0;UNKNOWN
2016-01-23T20:00:16.000000;2016-01-23T20:00:16.000000;4752f8a4-716e-49a6-a976-ede2640d3d94;389.09;0.3;UNKNOWN
2016-01-23T20:01:04.000000;2016-01-23T20:01:04.000000;e489dab0-73c2-4391-8d7e-574cd2e66265;389.0;0.01;UNKNOWN
2016-01-23T20:01:04.000000;2016-01-23T20:01:04.000000;e9811e43-6f5c-4ea1-9266-8fea1978cf14;389.0;0.01;UNKNOWN
2016-01-23T20:01:13.000000;2016-01-23T20:01:13.000000;7367a437-a83c-4635-bdbf-36779bbbd94d;389.0;0.25240505;UNKNOWN
2016-01-23T20:01:21.000000;2016-01-23T20:01:21.000000;2673c4bc-7330-45d0-8acd-5a86e4616a66;389.0;0.59010494;UNKNOWN
2016-01-23T20:02:10.000000;2016-01-23T20:02:10.000000;eb8534f4-e92e-4db6-a2b3-152902576138;388.71;2.0;UNKNOWN
2016-01-23T20:02:39.000000;2016-01-23T20:02:39.000000;d759bf33-5957-43a2-aee0-5a8a61b995b5;388.11;0.07556666;UNKNOWN
2016-01-23T20:03:03.000000;2016-01-23T20:03:03.000000;bb5ae67b-0bf6-4726-9855-b4dbd1519aa1;388.1;2.56910903;UNKNOWN
2016-01-23T20:03:03.000000;2016-01-23T20:03:03.000000;b7765c79-4d73-446c-8f5b-23131a534d7b;388.11;0.5;UNKNOWN
2016-01-23T20:03:03.000000;2016-01-23T20:03:03.000000;349ebc61-ce90-4992-9283-aa3f7a7da8b7;388.05;1.93089097;UNKNOWN
2016-01-23T20:03:33.000000;2016-01-23T20:03:33.000000;69f5d455-6d66-4477-8e65-3cf916d64dde;388.0;0.0477;UNKNOWN
2016-01-23T20:03:33.000000;2016-01-23T20:03:33.000000;75bdb05a-9b2c-46c9-bf37-485b2ade831b;387.95;0.5;UNKNOWN
2016-01-23T20:03:33.000000;2016-01-23T20:03:33.000000;99a69cf6-3a59-44ef-8368-6fb9ea21216a;387.74;1.3623;UNKNOWN
2016-01-23T20:03:33.000000;2016-01-23T20:03:33.000000;2177ecbd-34ae-4b6c-bf97-6dd4c484da50;388.0;0.09;UNKNOWN
2016-01-23T20:04:58.000000;2016-01-23T20:04:58.000000;6ce60783-083b-4555-9dd6-a164e1d20709;387.8;0.27375046;UNKNOWN
2016-01-23T20:04:58.000000;2016-01-23T20:04:58.000000;8366f5af-6e62-4501-95ed-70881a18f749;387.81;0.5;UNKNOWN
2016-01-23T20:05:29.000000;2016-01-23T20:05:29.000000;29c2a70b-a7c2-482a-b527-1ae9a1286278;387.74;1.6377;UNKNOWN
2016-01-23T20:05:29.000000;2016-01-23T20:05:29.000000;dbdbacc3-82e4-4c67-8a49-299553ae262f;387.81;0.5;UNKNOWN
2016-01-23T20:05:29.000000;2016-01-23T20:05:29.000000;17b5c2ab-5334-468c-9112-460642728e6a;387.73;2.13605046;UNKNOWN
2016-01-23T20:05:29.000000;2016-01-23T20:05:29.000000;f12f3d4b-9315-471a-8d62-aecfc83089e6;387.8;0.72624954;UNKNOWN
2016-01-23T20:06:50.000000;2016-01-23T20:06:50.000000;f57a0246-c7e1-48c9-95b9-5b2d8a7d5a59;388.34;0.796;UNKNOWN
2016-01-23T20:07:32.000000;2016-01-23T20:07:32.000000;4282d8c9-1769-4611-9dae-595ba6b092fa;387.88;0.04;UNKNOWN
2016-01-23T20:07:33.000000;2016-01-23T20:07:33.000000;e8ada75c-c1c4-4af4-bfb0-6be249ecb9f9;387.88;0.1057058;UNKNOWN
2016-01-23T20:07:35.000000;2016-01-23T20:07:35.000000;24d3de1b-aa54-41bb-8ae4-a78da0db0672;387.88;0.3542942;UNKNOWN
2016-01-23T20:07:35.000000;2016-01-23T20:07:35.000000;50650391-f46f-4509-8a8e-cc993e2efd1e;387.87;1.18851886;UNKNOWN
2016-01-23T20:08:14.000000;2016-01-23T20:08:14.000000;8430ff02-6fb4-448c-892e-f80bf8d20581;387.27;0.66333719;UNKNOWN
2016-01-23T20:08:14.000000;2016-01-23T20:08:14.000000;003b1341-a6ca-48db-a572-3de949cafa61;387.7;0.7696;UNKNOWN
2016-01-23T20:08:14.000000;2016-01-23T20:08:14.000000;c8c5ec59-f4b1-431b-a1bc-a54aef033613;387.3;0.0172;UNKNOWN
2016-01-23T20:08:14.000000;2016-01-23T20:08:14.000000;f32fc5e9-d9f3-4a34-b572-774cdd061fb0;387.3;0.5;UNKNOWN
2016-01-23T20:08:23.000000;2016-01-23T20:08:23.000000;b8bacb5e-622b-40d9-861b-e36b967419c3;387.31;1.01953322;UNKNOWN
2016-01-23T20:08:39.000000;2016-01-23T20:08:39.000000;8ca76323-a129-4324-97e5-cfe7bc05d3ba;387.4;0.67836406;UNKNOWN
2016-01-23T20:09:15.000000;2016-01-23T20:09:15.000000;3bdb1009-d606-42c9-8d0a-6241991da6fd;388.17;3.68;UNKNOWN
2016-01-23T20:09:15.000000;2016-01-23T20:09:15.000000;3e175561-cd8d-4f1a-8643-efb2b60d1208;387.9;3.0;UNKNOWN
2016-01-23T20:10:03.000000;2016-01-23T20:10:03.000000;c7eee51f-16bf-4ca9-b59d-600307fb7ddd;387.8;0.00039919;UNKNOWN
2016-01-23T20:10:03.000000;2016-01-23T20:10:03.000000;a8a40924-0e4d-47bb-adad-e941b59de925;387.79;0.16782322;UNKNOWN
2016-01-23T20:10:22.000000;2016-01-23T20:10:22.000000;98f55b5d-8f61-4aa5-967f-229c13c123b3;387.86;1.85;UNKNOWN
2016-01-23T20:10:22.000000;2016-01-23T20:10:22.000000;008fbf61-8ff7-42a6-9019-b9cbc5ab36f3;387.86;0.5;UNKNOWN
2016-01-23T20:10:23.000000;2016-01-23T20:10:23.000000;415d0fd2-c022-41a6-b451-7403abfbbd5f;387.87;0.038415;UNKNOWN
2016-01-23T20:11:12.000000;2016-01-23T20:11:12.000000;5903f7a2-b272-40f7-b139-26535d008821;388.08;0.03046303;UNKNOWN
2016-01-23T20:11:15.000000;2016-01-23T20:11:15.000000;138fa450-94fb-4ee1-9937-2916b700e125;388.09;0.5;UNKNOWN
2016-01-23T20:11:15.000000;2016-01-23T20:11:15.000000;d9e5b28d-ebd9-41b3-a0d8-541fea59451b;388.09;1.5;UNKNOWN
2016-01-23T20:12:36.000000;2016-01-23T20:12:36.000000;d9d58d55-5b3b-4d94-a5e8-7a53f010672e;388.23;0.4;UNKNOWN
2016-01-23T20:12:36.000000;2016-01-23T20:12:36.000000;3bf02866-cc46-4c24-be23-8bdef16c1aa1;388.23;0.6;UNKNOWN
2016-01-23T20:16:13.000000;2016-01-23T20:16:13.000000;ab2da5d9-dbea-40e4-8ae6-69e266b793f5;388.72;0.38999899;UNKNOWN
2016-01-23T20:16:13.000000;2016-01-23T20:16:13.000000;68ac8091-b50f-482b-836d-cd39f1d674f0;388.73;0.27;UNKNOWN
2016-01-23T20:16:43.000000;2016-01-23T20:16:43.000000;249fc0fa-f5ea-4196-bf03-d5d76ad484a8;388.8;0.8314;UNKNOWN
2016-01-23T20:16:43.000000;2016-01-23T20:16:43.000000;6e12fb66-d560-4279-94b6-e7da119aa29b;388.79;0.5;UNKNOWN
2016-01-23T20:16:48.000000;2016-01-23T20:16:48.000000;0c817134-9222-4f9f-b7b8-8bad4b0b3d22;388.7;0.1026942;UNKNOWN
2016-01-23T20:18:03.000000;2016-01-23T20:18:03.000000;96a4486b-0ada-41ce-8f99-148f8810fc52;388.71;0.12876267;UNKNOWN
2016-01-23T20:19:04.000000;2016-01-23T20:19:04.000000;897b9253-43fb-4e0d-8091-557b38a5bea1;388.99;3.7;UNKNOWN
2016-01-23T20:19:04.000000;2016-01-23T20:19:04.000000;5c65937a-604a-4bc0-aace-1c6cbd731420;388.97;0.3;UNKNOWN
2016-01-23T20:19:42.000000;2016-01-23T20:19:42.000000;8438b831-b824-4296-b5ee-8f715e7e011d;388.88;0.115977;UNKNOWN
2016-01-23T20:21:12.000000;2016-01-23T20:21:12.000000;ca150ca3-ad23-4fff-bf24-7e85f6acfc50;389.0;0.01;UNKNOWN
2016-01-23T20:21:25.000000;2016-01-23T20:21:25.000000;3ac5bd2c-4e92-421c-af5d-3fa354513b13;389.0;0.01;UNKNOWN
2016-01-23T20:21:25.000000;2016-01-23T20:21:25.000000;a3d4dfc8-056f-4054-b42a-6c20fc18269d;389.0;0.2973;UNKNOWN
2016-01-23T20:21:26.000000;2016-01-23T20:21:26.000000;430c2c7e-2e9c-46cf-aa99-b4fc09926430;389.0;0.39;UNKNOWN
2016-01-23T20:21:28.000000;2016-01-23T20:21:28.000000;df6b21f3-a383-4e01-82d3-5c798497e47c;389.0;0.4;UNKNOWN
2016-01-23T20:21:29.000000;2016-01-23T20:21:29.000000;69c581a4-d107-42c0-b63c-aa97009e6de1;389.0;0.1553;UNKNOWN
2016-01-23T20:21:30.000000;2016-01-23T20:21:30.000000;61e1febb-21ce-4e6f-92aa-d26c0d0e3d32;389.0;0.4;UNKNOWN
2016-01-23T20:21:31.000000;2016-01-23T20:21:31.000000;d648b6b3-c46f-460a-a593-49a4c89c1e42;389.0;0.4;UNKNOWN
2016-01-23T20:21:32.000000;2016-01-23T20:21:32.000000;4a6594b5-af04-464b-b88d-9ad7884f74f5;389.0;0.4;UNKNOWN
2016-01-23T20:21:37.000000;2016-01-23T20:21:37.000000;0893c207-9c31-4016-893e-be6663c47ef9;389.0;0.4;UNKNOWN
2016-01-23T20:21:43.000000;2016-01-23T20:21:43.000000;9c9f24c0-65f4-4a18-b2fa-a43a96276f1c;389.0;0.4;UNKNOWN
2016-01-23T20:21:46.000000;2016-01-23T20:21:46.000000;814903a6-b9dd-45fa-83a1-7870847087ea;389.0;0.01;UNKNOWN
2016-01-23T20:21:47.000000;2016-01-23T20:21:47.000000;a3dda5b2-ed4a-4478-a2c0-a2b36b809123;389.0;0.39;UNKNOWN
2016-01-23T20:21:51.000000;2016-01-23T20:21:51.000000;7846da66-7983-4b3a-a90d-033399e92f7e;388.99;0.4;UNKNOWN
2016-01-23T20:22:35.000000;2016-01-23T20:22:35.000000;9a327bb9-a5df-4c2f-960e-6bba8d47892d;388.98;0.1;UNKNOWN
2016-01-23T20:22:35.000000;2016-01-23T20:22:35.000000;4469a9eb-3d36-48ee-9d4d-a23080fb682b;388.98;0.1;UNKNOWN
2016-01-23T20:22:36.000000;2016-01-23T20:22:36.000000;30815028-1e62-4ca2-aebf-7b94448b05b1;388.98;0.1;UNKNOWN
2016-01-23T20:22:38.000000;2016-01-23T20:22:38.000000;062959af-12cb-4880-b070-8595d7d97eb3;388.98;0.1;UNKNOWN
2016-01-23T20:22:40.000000;2016-01-23T20:22:40.000000;9142a113-c186-4974-b6ae-ca026e2347bd;388.99;0.1;UNKNOWN
2016-01-23T20:22:41.000000;2016-01-23T20:22:41.000000;b38f2bd8-6a12-4bbe-93e8-c6525f7b7d29;388.99;0.1;UNKNOWN
2016-01-23T20:22:46.000000;2016-01-23T20:22:46.000000;fb7ab8e3-cf86-4ec2-be8f-8eddd9811e5e;388.98;0.1;UNKNOWN
2016-01-23T20:22:47.000000;2016-01-23T20:22:47.000000;b69a8582-83c4-450b-92df-138026ff72d6;388.98;0.1;UNKNOWN
2016-01-23T20:22:53.000000;2016-01-23T20:22:53.000000;22dde47f-ce6a-45f5-9b40-c4812c6bdfb7;388.99;0.1;UNKNOWN
2016-01-23T20:22:53.000000;2016-01-23T20:22:53.000000;c082df68-6a5d-4165-84e6-43f63a61ff15;388.98;0.1;UNKNOWN
2016-01-23T20:22:56.000000;2016-01-23T20:22:56.000000;b35597a5-56dd-4769-82dc-aae6766b303b;389.0;0.1;UNKNOWN
2016-01-23T20:22:59.000000;2016-01-23T20:22:59.000000;d24d7e9f-189b-46c9-b902-e5833d255a18;388.98;0.1;UNKNOWN
2016-01-23T20:23:00.000000;2016-01-23T20:23:00.000000;13b1b727-ced1-4bf6-a05b-7765bd7fe297;388.98;0.1;UNKNOWN
2016-01-23T20:23:00.000000;2016-01-23T20:23:00.000000;2d2a89dc-73c1-4753-ae93-9dc2b46f1f68;388.98;0.1;UNKNOWN
2016-01-23T20:23:02.000000;2016-01-23T20:23:02.000000;8c220a61-298b-499b-a492-2cb011fb1e74;388.97;0.1;UNKNOWN
2016-01-23T20:23:05.000000;2016-01-23T20:23:05.000000;2f8417e0-4e59-4a03-af01-28d255bdf50d;388.99;0.1;UNKNOWN
2016-01-23T20:23:06.000000;2016-01-23T20:23:06.000000;8f32a0b5-939b-4620-bff1-e2c7dfcf5329;388.99;0.1;UNKNOWN
2016-01-23T20:23:06.000000;2016-01-23T20:23:06.000000;ef1bc5de-5082-4f74-be13-301af763f5f6;389.0;0.4;UNKNOWN
2016-01-23T20:23:11.000000;2016-01-23T20:23:11.000000;70295ca8-ed7b-4050-803a-46107021cbf3;388.95;0.1;UNKNOWN
2016-01-23T20:23:12.000000;2016-01-23T20:23:12.000000;661eb127-3fa9-4954-b535-206d31272b2c;388.95;0.1;UNKNOWN
2016-01-23T20:23:50.000000;2016-01-23T20:23:50.000000;c31a1f93-8926-4d20-b96e-a136723cf3f3;389.0;0.24729506;UNKNOWN
2016-01-23T20:23:50.000000;2016-01-23T20:23:50.000000;9246aa6e-a477-4345-9703-2231a14298f0;389.0;0.15270494;UNKNOWN
2016-01-23T20:23:54.000000;2016-01-23T20:23:54.000000;99cc14df-1f9f-4817-9cde-f8902f72a4ab;389.0;0.4;UNKNOWN
2016-01-23T20:24:51.000000;2016-01-23T20:24:51.000000;9ac049ae-4a2e-48c1-a349-05983ecb27df;389.0;0.05729506;UNKNOWN
2016-01-23T20:24:51.000000;2016-01-23T20:24:51.000000;060e8c6c-ccfc-4b78-93cb-495b77df5d53;389.0;0.04270494;UNKNOWN
2016-01-23T20:25:01.000000;2016-01-23T20:25:01.000000;aff8c3ed-4b74-4e78-a40f-db00db445d6f;389.0;0.05729506;UNKNOWN
2016-01-23T20:25:23.000000;2016-01-23T20:25:23.000000;286d4b80-0c97-4891-8171-22d722cca398;389.09;0.3427;UNKNOWN
2016-01-23T20:25:27.000000;2016-01-23T20:25:27.000000;42989e41-430b-4300-b956-47749c9cc0ac;389.05;0.1;UNKNOWN
2016-01-23T20:25:28.000000;2016-01-23T20:25:28.000000;3a2cc10a-8882-480a-a77a-c75743fca302;389.05;0.1;UNKNOWN
2016-01-23T20:27:03.000000;2016-01-23T20:27:03.000000;7a1192fa-741f-4a15-aa67-1034e1d97398;389.03;10.29333429;UNKNOWN
2016-01-23T20:27:28.000000;2016-01-23T20:27:28.000000;5298e30b-eea8-4dfc-b1a4-115b6b8f3a25;389.02;0.025;UNKNOWN
2016-01-23T20:27:31.000000;2016-01-23T20:27:31.000000;3450e803-d5d3-4b7c-9459-8ebc412f971c;388.96;1.0;UNKNOWN
2016-01-23T20:27:43.000000;2016-01-23T20:27:43.000000;e106276a-c333-46bb-88f1-62a9c7b9bd5d;388.98;0.078682;UNKNOWN
2016-01-23T20:29:56.000000;2016-01-23T20:29:56.000000;23543784-2145-487f-b944-81866ac2d0d9;389.01;0.4;UNKNOWN
2016-01-23T20:29:59.000000;2016-01-23T20:29:59.000000;4ac797c7-7717-44c3-a402-6c5436599b0f;388.98;0.1;UNKNOWN
2016-01-23T20:30:00.000000;2016-01-23T20:30:00.000000;a360eaac-8664-4bd6-8eb9-a8769198530d;388.98;0.1;UNKNOWN
2016-01-23T20:30:01.000000;2016-01-23T20:30:01.000000;58a9a55b-719c-417c-a111-d2443b4d33d7;388.94;0.1;UNKNOWN
2016-01-23T20:30:02.000000;2016-01-23T20:30:02.000000;413dd848-14f2-40d2-a8a3-4a03d375f640;388.94;0.1;UNKNOWN
2016-01-23T20:30:03.000000;2016-01-23T20:30:03.000000;c41fcb4f-cf1c-405e-93ca-221086c204ec;388.95;0.1;UNKNOWN
2016-01-23T20:30:04.000000;2016-01-23T20:30:04.000000;ccb62081-5abf-4c6c-9bea-575c78752778;388.95;0.1;UNKNOWN
2016-01-23T20:30:07.000000;2016-01-23T20:30:07.000000;7500b1e8-6303-4927-ab4e-755dadba5e76;388.94;0.1;UNKNOWN
2016-01-23T20:30:07.000000;2016-01-23T20:30:07.000000;9f324247-a1d3-4874-8e85-9b801feb20a7;388.84;0.1;UNKNOWN
2016-01-23T20:30:08.000000;2016-01-23T20:30:08.000000;160a7e7d-14bf-4768-8044-a36dd10948d2;388.84;0.1;UNKNOWN
2016-01-23T20:30:08.000000;2016-01-23T20:30:08.000000;869f77c5-f64d-43e0-ade8-cb9ff68bedf8;388.96;0.1;UNKNOWN
2016-01-23T20:30:09.000000;2016-01-23T20:30:09.000000;ce6064a3-fc6f-42c0-902c-b31c93a7f2fd;388.96;0.1;UNKNOWN
2016-01-23T20:30:10.000000;2016-01-23T20:30:10.000000;ef2c390e-5199-4f6a-be59-6ba4ddd35b63;388.96;0.1;UNKNOWN
2016-01-23T20:30:11.000000;2016-01-23T20:30:11.000000;93bd34b8-2c72-4be3-8130-da3e078217f3;388.96;0.1;UNKNOWN
2016-01-23T20:30:12.000000;2016-01-23T20:30:12.000000;d9bd82ec-174e-47bf-b96f-9eba3f7cb356;388.96;0.1;UNKNOWN
2016-01-23T20:30:13.000000;2016-01-23T20:30:13.000000;b449cd93-42c0-4cd9-8554-af0a29bcceab;388.96;0.1;UNKNOWN
2016-01-23T20:30:14.000000;2016-01-23T20:30:14.000000;971a2323-d83e-4093-b85d-c887f3eee0aa;388.96;0.1;UNKNOWN
2016-01-23T20:30:15.000000;2016-01-23T20:30:15.000000;44191891-959a-4d49-9b92-438a70210f7f;388.96;0.1;UNKNOWN
2016-01-23T20:30:16.000000;2016-01-23T20:30:16.000000;da9bfe1c-0b1c-408e-aaa2-e44811d2340f;388.96;0.1;UNKNOWN
2016-01-23T20:30:17.000000;2016-01-23T20:30:17.000000;cfe2af40-5780-44f9-b44a-b0d319251d17;388.96;0.1;UNKNOWN
2016-01-23T20:30:19.000000;2016-01-23T20:30:19.000000;c446135a-6a45-45ef-9715-d4d324335871;388.96;0.1;UNKNOWN
2016-01-23T20:30:20.000000;2016-01-23T20:30:20.000000;c1e09be1-70b7-4c86-9fb3-c19376595002;388.96;0.1;UNKNOWN
2016-01-23T20:30:20.000000;2016-01-23T20:30:20.000000;ba6a7636-0273-4f18-8045-623d960ee8af;388.96;0.1;UNKNOWN
2016-01-23T20:30:21.000000;2016-01-23T20:30:21.000000;548f7ed9-7b39-47d4-acef-7e27177f9275;388.83;0.1;UNKNOWN
2016-01-23T20:30:22.000000;2016-01-23T20:30:22.000000;b45f1ac0-c0e6-4a4b-827f-3cdda9dfdddb;388.84;0.1;UNKNOWN
2016-01-23T20:30:23.000000;2016-01-23T20:30:23.000000;22aa99e2-c270-4fe6-a8e6-729aab0f03c0;388.84;0.1;UNKNOWN
2016-01-23T20:30:24.000000;2016-01-23T20:30:24.000000;072d7a3d-a726-44b1-ad32-c91c6465bc2f;388.84;0.1;UNKNOWN
2016-01-23T20:30:25.000000;2016-01-23T20:30:25.000000;6a6a0e1e-f086-4f01-8c41-eb9f13bae34b;388.84;0.1;UNKNOWN
2016-01-23T20:30:26.000000;2016-01-23T20:30:26.000000;ee27dc06-9c63-4349-86cc-89808c6abc03;388.84;0.1;UNKNOWN
2016-01-23T20:30:27.000000;2016-01-23T20:30:27.000000;086a235a-5b2e-4a35-aa62-1892556b965b;388.84;0.1;UNKNOWN
2016-01-23T20:30:28.000000;2016-01-23T20:30:28.000000;d2ee2f3e-cbc0-407a-a000-81fb2641ae30;388.84;0.1;UNKNOWN
2016-01-23T20:30:30.000000;2016-01-23T20:30:30.000000;f313930f-cf03-4604-8f91-7176b0e0c139;388.83;0.1;UNKNOWN
2016-01-23T20:30:30.000000;2016-01-23T20:30:30.000000;eab7669b-dd06-4e33-b85e-bb5d4eae1f26;388.83;0.1;UNKNOWN
2016-01-23T20:30:31.000000;2016-01-23T20:30:31.000000;894bd8b7-ee50-4752-947c-2944556d60f1;388.7;0.1;UNKNOWN
2016-01-23T20:30:33.000000;2016-01-23T20:30:33.000000;e024d6c5-f99e-4ece-8748-ff6ca152459f;388.7;0.1;UNKNOWN
2016-01-23T20:30:34.000000;2016-01-23T20:30:34.000000;87eb0b93-968d-4dcd-b0d0-d42755b62f51;388.7;0.1;UNKNOWN
2016-01-23T20:30:34.000000;2016-01-23T20:30:34.000000;fe2a050b-23af-4c35-8a12-e41f134c1787;388.7;0.1;UNKNOWN
2016-01-23T20:30:35.000000;2016-01-23T20:30:35.000000;28236bda-80c8-4408-8a4d-b59e69286d85;388.72;0.1;UNKNOWN
2016-01-23T20:30:36.000000;2016-01-23T20:30:36.000000;e9725149-d483-4e47-a2c5-80930198d3c9;388.73;0.1;UNKNOWN
2016-01-23T20:30:37.000000;2016-01-23T20:30:37.000000;558c7f49-1ca1-4264-ae55-c4491286e2b9;388.73;0.1;UNKNOWN
2016-01-23T20:30:38.000000;2016-01-23T20:30:38.000000;63804b6a-cdca-4487-ae55-75321cba5ae4;388.74;0.1;UNKNOWN
2016-01-23T20:30:39.000000;2016-01-23T20:30:39.000000;32d7e890-7a4b-45b3-9ad1-e554a5e35ac5;388.75;0.1;UNKNOWN
2016-01-23T20:30:40.000000;2016-01-23T20:30:40.000000;c93a0470-7032-4046-9259-b8f553b1454e;388.75;0.1;UNKNOWN
2016-01-23T20:30:41.000000;2016-01-23T20:30:41.000000;753622dd-4ec3-4c57-ba8a-14b0c99b622f;388.84;0.1;UNKNOWN
2016-01-23T20:30:42.000000;2016-01-23T20:30:42.000000;23105d1a-fe5a-491f-bc77-43ba536597fd;388.85;0.1;UNKNOWN
2016-01-23T20:30:43.000000;2016-01-23T20:30:43.000000;7dd55d19-b423-4fd2-bde0-8df7c5e2af0d;388.85;0.1;UNKNOWN
2016-01-23T20:30:44.000000;2016-01-23T20:30:44.000000;cad0c026-2bc7-40f4-a3f8-420573d66068;388.85;0.1;UNKNOWN
2016-01-23T20:30:45.000000;2016-01-23T20:30:45.000000;15a149db-8768-4eb1-b4d5-6bc9ad4686f2;388.85;0.1;UNKNOWN
2016-01-23T20:30:47.000000;2016-01-23T20:30:47.000000;4a8c5e81-2489-4684-b089-28d5a7230532;388.85;0.1;UNKNOWN
2016-01-23T20:30:47.000000;2016-01-23T20:30:47.000000;f785dd31-ff7d-4ded-8b8a-977115494902;388.86;0.1;UNKNOWN
2016-01-23T20:30:49.000000;2016-01-23T20:30:49.000000;b9085a9b-8e3e-4ec2-877c-4c9b545b531e;388.87;0.1;UNKNOWN
2016-01-23T20:30:50.000000;2016-01-23T20:30:50.000000;99c2ad03-fb6b-4aac-a774-e38e81c26ec4;388.87;0.1;UNKNOWN
2016-01-23T20:30:50.000000;2016-01-23T20:30:50.000000;aa86ccdf-dd6a-4305-b33c-21391063756f;388.87;0.1;UNKNOWN
2016-01-23T20:30:52.000000;2016-01-23T20:30:52.000000;a54c5edd-040a-4c71-9901-aaa7aac736fe;388.87;0.1;UNKNOWN
2016-01-23T20:30:52.000000;2016-01-23T20:30:52.000000;6d2bc651-4ebe-40fe-bd8e-e604aa2907b5;388.87;0.1;UNKNOWN
2016-01-23T20:30:54.000000;2016-01-23T20:30:54.000000;1d644836-e718-4f26-afc8-3494ad498c70;388.87;0.1;UNKNOWN
2016-01-23T20:31:03.000000;2016-01-23T20:31:03.000000;c270b8f6-d5e8-49af-ab66-e8fdb77981ea;388.87;1.28409345;UNKNOWN
2016-01-23T20:31:10.000000;2016-01-23T20:31:10.000000;f8b3bddb-5402-43f0-872b-0485e654c4c8;388.85;1.94;UNKNOWN
2016-01-23T20:31:10.000000;2016-01-23T20:31:10.000000;e4223543-9bc2-4953-928e-54c3a8b97e05;388.75;0.59082496;UNKNOWN
2016-01-23T20:31:10.000000;2016-01-23T20:31:10.000000;315bb466-c390-48ea-b6a6-966a6df12fcf;388.84;2.46917504;UNKNOWN
2016-01-23T20:31:28.000000;2016-01-23T20:31:28.000000;6c7acbdd-24fa-4423-b447-d43bf9df3f9f;388.64;0.63823599;UNKNOWN
2016-01-23T20:32:32.000000;2016-01-23T20:32:32.000000;17c8f334-2cd5-417c-bc49-e4582ba769bf;388.42;0.15;UNKNOWN
2016-01-23T20:33:59.000000;2016-01-23T20:33:59.000000;00af8027-e397-4c6d-bfc3-222c0d396e0f;388.72;0.5;UNKNOWN
2016-01-23T20:34:04.000000;2016-01-23T20:34:04.000000;eff42809-9002-43fa-ae8a-7b71edc61723;388.72;0.948108;UNKNOWN
2016-01-23T20:35:52.000000;2016-01-23T20:35:52.000000;ce3f6222-69d4-4b2a-86b0-013bfca94dda;389.08;0.21121423;UNKNOWN
2016-01-23T20:35:52.000000;2016-01-23T20:35:52.000000;4192d1aa-e758-4c2d-83e4-c70436a685ef;389.08;0.3;UNKNOWN
2016-01-23T20:35:59.000000;2016-01-23T20:35:59.000000;66113a7e-9f54-473e-83fa-b0aaed9077c0;389.09;0.3573;UNKNOWN
2016-01-23T20:35:59.000000;2016-01-23T20:35:59.000000;714feb42-5649-4952-928a-bd35a25e6b6e;389.09;0.0427;UNKNOWN
2016-01-23T20:39:04.000000;2016-01-23T20:39:04.000000;c2cf5c88-e146-43e5-abf8-a11ff427dfc6;388.83;1.75;UNKNOWN
2016-01-23T20:41:01.000000;2016-01-23T20:41:01.000000;59ef2ef4-d146-4a92-9f4a-4358c163adc4;388.85;0.3;UNKNOWN
2016-01-23T20:41:01.000000;2016-01-23T20:41:01.000000;e4cbc54f-273b-40df-8ab8-dc07f0ee323f;388.83;1.95308;UNKNOWN
2016-01-23T20:42:07.000000;2016-01-23T20:42:07.000000;cdc7ec5b-0c79-4b9d-984f-a7c528f341b8;388.99;0.3;UNKNOWN
2016-01-23T20:42:07.000000;2016-01-23T20:42:07.000000;31910421-d984-4e83-b71f-4e4560d0d0ef;389.07;0.1;UNKNOWN
2016-01-23T20:42:07.000000;2016-01-23T20:42:07.000000;ce84b8f3-e60c-4f20-bc36-bd8691379963;389.01;0.3;UNKNOWN
2016-01-23T20:42:07.000000;2016-01-23T20:42:07.000000;39bbebb7-a313-4fb8-a3e4-52013fa64597;389.0;0.40999;UNKNOWN
2016-01-23T20:42:07.000000;2016-01-23T20:42:07.000000;8fbfc33c-cba2-492a-b9e7-96c7a72c7873;388.87;0.02001;UNKNOWN
2016-01-23T20:45:05.000000;2016-01-23T20:45:05.000000;784bc130-46a6-478a-becf-4db06bb19f5e;389.6;0.7427;UNKNOWN
2016-01-23T20:45:05.000000;2016-01-23T20:45:05.000000;e603d2cf-713c-4dcf-87da-422ab45fd792;389.0;1.0;UNKNOWN
2016-01-23T20:45:05.000000;2016-01-23T20:45:05.000000;74a7b935-a66d-44df-aaaf-9ae2a0430f4e;389.09;1.9573;UNKNOWN
2016-01-23T20:45:05.000000;2016-01-23T20:45:05.000000;9fdc08d2-4966-4384-a107-c06173341ab3;388.99;0.3;UNKNOWN
2016-01-23T20:48:43.000000;2016-01-23T20:48:43.000000;c029dceb-4a4a-4334-ae2e-6a5c5d818083;389.87;0.25712843;UNKNOWN
2016-01-23T20:48:44.000000;2016-01-23T20:48:44.000000;0cd174f2-b88f-420a-9433-3e1fc6b2cc85;389.87;0.00723886;UNKNOWN
2016-01-23T20:48:44.000000;2016-01-23T20:48:44.000000;45791db0-16a9-49c0-b8a8-1202e3a8e0c3;389.87;0.04287157;UNKNOWN
2016-01-23T20:48:46.000000;2016-01-23T20:48:46.000000;222d8d12-ec99-4ce4-b9e4-60f6354fe7c8;389.88;0.3;UNKNOWN
2016-01-23T20:48:48.000000;2016-01-23T20:48:48.000000;d8df28bd-c913-445a-aed1-b1cb25b7bbd9;389.88;4.2177;UNKNOWN
2016-01-23T20:48:48.000000;2016-01-23T20:48:48.000000;69ca092d-1c5f-41b7-bff1-485f7cb2d999;389.88;0.2928;UNKNOWN
2016-01-23T20:48:54.000000;2016-01-23T20:48:54.000000;ddc1c8aa-a065-4184-87ae-d5d1f95d4207;389.9;0.64;UNKNOWN
2016-01-23T20:48:59.000000;2016-01-23T20:48:59.000000;3371b896-850b-4e0b-be57-cec7d2de9cc2;389.9;7.586;UNKNOWN
2016-01-23T20:49:04.000000;2016-01-23T20:49:04.000000;ae17173d-f5c8-487d-b5c0-ebd245d204c0;389.9;0.3;UNKNOWN
2016-01-23T20:49:05.000000;2016-01-23T20:49:05.000000;0df42ec9-1d98-44cc-a056-e15a9439379e;389.9;0.3;UNKNOWN
2016-01-23T20:49:05.000000;2016-01-23T20:49:05.000000;021529bb-ce64-4f41-94ba-d6ab118042e5;389.9;0.174;UNKNOWN
2016-01-23T20:49:15.000000;2016-01-23T20:49:15.000000;5ad16769-4b7d-46d5-8f20-bd7f4aeeea7c;390.03;0.1;UNKNOWN
2016-01-23T20:49:16.000000;2016-01-23T20:49:16.000000;3ec6125d-0ee0-4366-a3c5-aecb00b6ae67;390.0;0.78;UNKNOWN
2016-01-23T20:49:21.000000;2016-01-23T20:49:21.000000;d0848821-2a15-4687-b670-62b042b0a089;390.03;0.1;UNKNOWN
2016-01-23T20:49:23.000000;2016-01-23T20:49:23.000000;cfe099b9-4e49-4f5a-bc37-c1f289f3521e;390.03;0.1;UNKNOWN
2016-01-23T20:49:24.000000;2016-01-23T20:49:24.000000;0b493bb2-e80f-45bd-be92-531dbfa1707a;390.04;0.1;UNKNOWN
2016-01-23T20:49:24.000000;2016-01-23T20:49:24.000000;7a49eb0d-364e-46b2-90b7-58ed11db8df2;390.03;0.2;UNKNOWN
2016-01-23T20:49:26.000000;2016-01-23T20:49:26.000000;9018a872-39e9-4992-8bb9-18760c4945c3;390.04;0.1;UNKNOWN
2016-01-23T20:49:40.000000;2016-01-23T20:49:40.000000;74750755-c299-4b81-87f6-3b680783870f;390.04;0.126;UNKNOWN
2016-01-23T20:49:41.000000;2016-01-23T20:49:41.000000;59887aa8-68ea-4eb4-af49-ec4741a7b5a5;390.04;0.3;UNKNOWN
2016-01-23T20:49:42.000000;2016-01-23T20:49:42.000000;ceb97ab3-a04e-4299-b603-d5315fb46175;390.04;0.3;UNKNOWN
2016-01-23T20:50:03.000000;2016-01-23T20:50:03.000000;a83803bf-7982-439a-bf95-286918496374;390.04;1.0;UNKNOWN
2016-01-23T20:51:06.000000;2016-01-23T20:51:06.000000;f1cce169-edbb-4331-a383-4232e8357735;390.03;2.9302;UNKNOWN
2016-01-23T20:51:23.000000;2016-01-23T20:51:23.000000;cf1204ed-04e9-4ee2-b138-dca8a294b391;390.03;0.6416179;UNKNOWN
2016-01-23T20:51:24.000000;2016-01-23T20:51:24.000000;16191b70-6abb-4010-9942-65882038b3fb;390.03;0.1;UNKNOWN
2016-01-23T20:52:08.000000;2016-01-23T20:52:08.000000;3c3ef721-14e2-4a9a-8b95-dd539ae3f30e;390.04;1.0;UNKNOWN
2016-01-23T20:52:13.000000;2016-01-23T20:52:13.000000;8e0c1ef2-a332-4bad-8eb4-21e584b6f6cc;390.04;0.3;UNKNOWN
2016-01-23T20:52:16.000000;2016-01-23T20:52:16.000000;c1a3f6bf-feb1-4673-b622-c8ce55fbd1af;390.04;0.3;UNKNOWN
2016-01-23T20:52:18.000000;2016-01-23T20:52:18.000000;fd9b0c87-fc07-4d8e-92e3-509099ad009f;390.05;0.285428;UNKNOWN
2016-01-23T20:52:18.000000;2016-01-23T20:52:18.000000;d4f75c32-a3ea-4b88-8281-02542b04cb20;390.05;0.7688304;UNKNOWN
2016-01-23T20:52:18.000000;2016-01-23T20:52:18.000000;bd04ff28-2805-4a1c-8c8b-1a6f0b37fefb;390.04;1.474;UNKNOWN
2016-01-23T20:52:26.000000;2016-01-23T20:52:26.000000;404fc78e-3f31-44ac-8175-5cf8085a8675;390.45;0.4;UNKNOWN
2016-01-23T20:52:26.000000;2016-01-23T20:52:26.000000;438da921-0d61-4087-b091-6f2da382530b;390.41;0.1;UNKNOWN
2016-01-23T20:52:26.000000;2016-01-23T20:52:26.000000;872a90c3-f9af-4fc1-ae68-d24f974ecaeb;390.45;0.25;UNKNOWN
2016-01-23T20:52:29.000000;2016-01-23T20:52:29.000000;f14b2706-a602-4509-ae48-1662aed86f58;390.68;1.59489137;UNKNOWN
2016-01-23T20:52:29.000000;2016-01-23T20:52:29.000000;e684ff4f-4da6-4000-88af-4eed21220ca5;390.66;0.05;UNKNOWN
2016-01-23T20:52:29.000000;2016-01-23T20:52:29.000000;9f7287d6-b90e-4030-ae94-d2bc2146b103;390.45;4.35;UNKNOWN
2016-01-23T20:52:30.000000;2016-01-23T20:52:30.000000;66e68584-523c-49ce-a0ce-6d072b673fe6;390.68;1.84141;UNKNOWN
2016-01-23T20:52:34.000000;2016-01-23T20:52:34.000000;3ee1e02d-923a-4eb9-8479-4b4a74fb5791;390.65;1.81675;UNKNOWN
2016-01-23T20:52:43.000000;2016-01-23T20:52:43.000000;e2395812-c575-4207-840a-c530a4e8bb12;390.66;0.0998;UNKNOWN
2016-01-23T20:52:47.000000;2016-01-23T20:52:47.000000;0b88ff88-e85c-419a-88bb-6129844b4c52;390.66;0.02566471;UNKNOWN
2016-01-23T20:52:52.000000;2016-01-23T20:52:52.000000;723abb7b-5f6a-45c0-b7cd-b36127ea8b4e;390.68;0.43;UNKNOWN
2016-01-23T20:53:05.000000;2016-01-23T20:53:05.000000;f3992550-5507-49cd-a57f-c7d000d93cd2;390.68;0.1745;UNKNOWN
2016-01-23T20:53:10.000000;2016-01-23T20:53:10.000000;ce0bf311-74db-4d5b-b199-bb2b875d65db;390.68;0.95919863;UNKNOWN
2016-01-23T20:53:10.000000;2016-01-23T20:53:10.000000;bce276af-7f0d-42bb-9b7d-54cfddda8754;390.95;0.1;UNKNOWN
2016-01-23T20:53:10.000000;2016-01-23T20:53:10.000000;c6019496-64ef-4333-bff8-cf8a38074aa4;390.8;0.02;UNKNOWN
2016-01-23T20:53:10.000000;2016-01-23T20:53:10.000000;23a35445-4127-4a8a-b268-c58a35d82223;391.0;22.0;UNKNOWN
2016-01-23T20:53:10.000000;2016-01-23T20:53:10.000000;7051fb00-a42d-4dd3-88bc-d72bcd0f8af8;391.0;1.22199802;UNKNOWN
2016-01-23T20:53:10.000000;2016-01-23T20:53:10.000000;8b023dbe-52be-4eb4-9853-2dadd49e43ea;390.95;0.17;UNKNOWN
2016-01-23T20:53:14.000000;2016-01-23T20:53:14.000000;3e4439d4-b2d8-491b-8ebb-16cfd6235f3d;391.0;0.1047;UNKNOWN
2016-01-23T20:53:33.000000;2016-01-23T20:53:33.000000;02071104-f288-4345-bc96-c3085df949b7;391.0;0.33;UNKNOWN
2016-01-23T20:53:45.000000;2016-01-23T20:53:45.000000;c72df03e-4294-4731-b149-ea66d8aa3843;390.95;0.1;UNKNOWN
2016-01-23T20:53:51.000000;2016-01-23T20:53:51.000000;b405b3f8-71f8-4875-84c7-1448db650fcb;390.92;7.5615;UNKNOWN
2016-01-23T20:54:01.000000;2016-01-23T20:54:01.000000;6b77a2de-69eb-460d-9db6-6e6a6a44f800;390.9;0.08;UNKNOWN
2016-01-23T20:54:20.000000;2016-01-23T20:54:20.000000;3b0101e3-435d-4600-96e0-0a890f61593d;390.86;0.1;UNKNOWN
2016-01-23T20:54:21.000000;2016-01-23T20:54:21.000000;6140f238-abec-4861-ba3f-ca67df7bb901;390.83;0.078179;UNKNOWN
2016-01-23T20:55:10.000000;2016-01-23T20:55:10.000000;be883556-300d-40b1-9df4-39e7ee19ff39;390.91;0.2;UNKNOWN
2016-01-23T20:55:20.000000;2016-01-23T20:55:20.000000;5caadc66-dc8f-4be0-82ef-2b6af7b5b885;390.94;0.01;UNKNOWN
2016-01-23T20:55:30.000000;2016-01-23T20:55:30.000000;9f5525b8-08c1-46c9-a5d7-f27b2663e50e;390.91;0.3;UNKNOWN
2016-01-23T20:55:50.000000;2016-01-23T20:55:50.000000;2454e138-cec8-4bb3-addf-55128a14499f;390.93;0.2218;UNKNOWN
2016-01-23T20:56:22.000000;2016-01-23T20:56:22.000000;12832ad5-a06e-41be-a359-a154cadf0459;390.84;0.22;UNKNOWN
2016-01-23T20:56:50.000000;2016-01-23T20:56:50.000000;1a9e0752-048e-48a1-b544-68c7da68897f;390.73;7.66;UNKNOWN
2016-01-23T20:56:50.000000;2016-01-23T20:56:50.000000;9a0fbbe7-39e3-4d5b-b40f-15a6e906e09b;390.64;17.6791;UNKNOWN
2016-01-23T20:56:50.000000;2016-01-23T20:56:50.000000;2dd3d156-eee8-4168-9e61-a5b76ce53f75;390.27;16.2791;UNKNOWN
2016-01-23T20:56:50.000000;2016-01-23T20:56:50.000000;e4ca9780-a129-4b36-9994-ba429182939c;390.47;14.7912;UNKNOWN
2016-01-23T20:56:50.000000;2016-01-23T20:56:50.000000;052d0f5b-d22e-4046-8ee6-616e3686ff64;390.05;3.6371366;UNKNOWN
2016-01-23T20:56:50.000000;2016-01-23T20:56:50.000000;a66bcb61-534b-4e59-9e67-1ac476953eac;390.72;0.3;UNKNOWN
2016-01-23T20:56:50.000000;2016-01-23T20:56:50.000000;4d4f83b1-8eae-4e0a-b2a0-aaf5e5294684;390.46;2.55806815;UNKNOWN
2016-01-23T20:56:50.000000;2016-01-23T20:56:50.000000;734ecf57-a779-443b-9b66-d852667e4c34;390.06;4.971;UNKNOWN
2016-01-23T20:56:50.000000;2016-01-23T20:56:50.000000;3412be06-98a4-4217-8d0c-872e1cd3ec62;390.28;0.51;UNKNOWN
2016-01-23T20:56:50.000000;2016-01-23T20:56:50.000000;05d536d1-982d-4ed0-8bd8-b8c8289d2393;390.45;17.4257;UNKNOWN
2016-01-23T20:56:50.000000;2016-01-23T20:56:50.000000;ec72a12e-850e-49fa-8cff-6c8a627743e3;390.07;5.494;UNKNOWN
2016-01-23T20:56:50.000000;2016-01-23T20:56:50.000000;4aab3073-711c-4c01-9e31-88e9a297357c;390.23;2.55826447;UNKNOWN
2016-01-23T20:56:50.000000;2016-01-23T20:56:50.000000;ec8f5419-9995-478a-81b6-7232564c8706;390.24;1.02;UNKNOWN
2016-01-23T20:56:50.000000;2016-01-23T20:56:50.000000;ac7ccc32-5097-4753-b90d-80ce31fca0d1;390.33;2.55826447;UNKNOWN
2016-01-23T20:56:50.000000;2016-01-23T20:56:50.000000;331a81af-dd1c-4268-925e-19d4299f08b1;390.14;2.55816631;UNKNOWN
2016-01-23T20:57:13.000000;2016-01-23T20:57:13.000000;5bdee1d3-85e5-4670-87cf-eceed8be6a06;390.09;0.1;UNKNOWN
2016-01-23T20:59:36.000000;2016-01-23T20:59:36.000000;ed076a0b-a0a4-4ebc-9030-937078bdd327;390.11;0.08;UNKNOWN
2016-01-23T20:59:51.000000;2016-01-23T20:59:51.000000;a71e09e5-06a1-4d10-a18d-ce434a1de04f;390.07;0.1;UNKNOWN
2016-01-23T20:59:55.000000;2016-01-23T20:59:55.000000;b36f5312-88a2-4aeb-96b2-825ee624c7de;390.05;0.08;UNKNOWN
2016-01-23T21:00:04.000000;2016-01-23T21:00:04.000000;9afea43a-c015-4d39-881a-c57360ee9140;389.82;0.01;UNKNOWN
2016-01-23T21:00:18.000000;2016-01-23T21:00:18.000000;ba2545be-6745-4a63-bc6b-d8c4746124ec;389.89;0.04;UNKNOWN
2016-01-23T21:00:37.000000;2016-01-23T21:00:37.000000;506539a2-c3c2-4b6d-9244-7c2f5d09e54c;389.85;6.398;UNKNOWN
2016-01-23T21:00:37.000000;2016-01-23T21:00:37.000000;b51cc533-429b-4f85-b9e1-26285219ca75;389.86;19.94;UNKNOWN
2016-01-23T21:00:37.000000;2016-01-23T21:00:37.000000;0ab0e25f-cc75-4ef1-b44d-e6c34f47f56f;390.4;7.67;UNKNOWN
2016-01-23T21:00:37.000000;2016-01-23T21:00:37.000000;5601c532-e6c1-498a-bd7d-bf3f3bab6eea;389.88;2.56765778;UNKNOWN
2016-01-23T21:00:37.000000;2016-01-23T21:00:37.000000;1a9a02b4-3b9a-4c69-b396-cbd00b453763;389.91;2.56673511;UNKNOWN
2016-01-23T21:00:37.000000;2016-01-23T21:00:37.000000;ec42ef41-d4d6-49f6-8058-cb0532b84b5d;389.9;0.3;UNKNOWN
2016-01-23T21:00:37.000000;2016-01-23T21:00:37.000000;69244b99-8bfc-41c7-bd36-87ee1f10f172;390.42;2.56413544;UNKNOWN
2016-01-23T21:00:37.000000;2016-01-23T21:00:37.000000;2b956814-c9dc-45dd-9930-75249cb21030;390.52;2.56416831;UNKNOWN
2016-01-23T21:00:37.000000;2016-01-23T21:00:37.000000;44f50c17-35ab-46c2-867f-c88274a3c8f6;390.0;2.5;UNKNOWN
2016-01-23T21:00:37.000000;2016-01-23T21:00:37.000000;577659a5-7a73-4e6f-a965-e1f09ec96475;390.39;4.1;UNKNOWN
2016-01-23T21:00:37.000000;2016-01-23T21:00:37.000000;b8910e55-83d4-492e-82c5-ee7c362190f6;390.4;9.0;UNKNOWN
2016-01-23T21:00:37.000000;2016-01-23T21:00:37.000000;9bdeaa69-5a6c-41e2-a570-43e8f7ec53b0;390.4;7.93;UNKNOWN
2016-01-23T21:00:37.000000;2016-01-23T21:00:37.000000;12e766f7-2f7d-45e9-9e5a-9b3e1532b4fe;390.47;10.2292;UNKNOWN
2016-01-23T21:00:37.000000;2016-01-23T21:00:37.000000;6f57e8b5-7b4d-4188-82f3-6b3a2dd3ac57;390.41;17.3868;UNKNOWN
2016-01-23T21:00:37.000000;2016-01-23T21:00:37.000000;be238f04-0119-478e-ab58-1981452b0c6c;390.37;7.68;UNKNOWN
2016-01-23T21:00:37.000000;2016-01-23T21:00:37.000000;a42ff06b-a7b3-45b3-9d1d-3af321aaad07;390.6;2.25839839;UNKNOWN
2016-01-23T21:00:37.000000;2016-01-23T21:00:37.000000;7da6000b-c7dd-4b2c-9a9e-52ab595fa096;390.48;5.0;UNKNOWN
2016-01-23T21:00:46.000000;2016-01-23T21:00:46.000000;7e857e73-cb60-44e8-8679-f346bdc3ca23;389.87;0.01;UNKNOWN
2016-01-23T21:00:46.000000;2016-01-23T21:00:46.000000;92cf4a32-232c-4470-bd80-ad3e9b5f9a8d;389.79;0.1044906;UNKNOWN
2016-01-23T21:00:48.000000;2016-01-23T21:00:48.000000;04940af1-0135-49db-a86b-56e220bf3f5b;389.81;1.00304882;UNKNOWN
2016-01-23T21:01:12.000000;2016-01-23T21:01:12.000000;d01df8a5-1585-46ac-856c-5012ea2f9b56;389.82;0.29;UNKNOWN
2016-01-23T21:01:12.000000;2016-01-23T21:01:12.000000;23795d13-9d43-4f09-b214-73855723741a;389.82;0.1955;UNKNOWN
2016-01-23T21:01:12.000000;2016-01-23T21:01:12.000000;d2f1f438-b0d0-4e06-b259-2fbcb0323fb8;389.81;0.65721512;UNKNOWN
2016-01-23T21:01:12.000000;2016-01-23T21:01:12.000000;be948709-239e-4103-b433-b7f51ea14b65;389.82;0.3;UNKNOWN
2016-01-23T21:02:14.000000;2016-01-23T21:02:14.000000;980a8ef8-00ff-4539-b3ef-2aba821859fa;389.61;0.01;UNKNOWN
2016-01-23T21:02:30.000000;2016-01-23T21:02:30.000000;4b436e10-d557-4706-83c2-af02bf5a85c7;389.61;0.01;UNKNOWN
2016-01-23T21:04:00.000000;2016-01-23T21:04:00.000000;f1a4a8ba-becb-44cc-993e-8b61ee31175f;389.99;0.1;UNKNOWN
2016-01-23T21:05:08.000000;2016-01-23T21:05:08.000000;4d57edfe-1286-4a99-b3e2-57ffae42b890;390.0;0.1;UNKNOWN
2016-01-23T21:05:46.000000;2016-01-23T21:05:46.000000;0d38571e-9106-4815-99e4-c2dca65894b6;390.0;0.3;UNKNOWN
2016-01-23T21:06:01.000000;2016-01-23T21:06:01.000000;437d4d8a-34e9-4b00-ad36-882c3b71be6f;390.0;0.3;UNKNOWN
2016-01-23T21:06:01.000000;2016-01-23T21:06:01.000000;2a1e5a5b-f534-4b07-a2dc-45ce04c3b899;390.0;0.3;UNKNOWN
2016-01-23T21:07:16.000000;2016-01-23T21:07:16.000000;9c98120d-1336-4f08-8fd2-596c801a646b;390.0;0.3;UNKNOWN
2016-01-23T21:07:18.000000;2016-01-23T21:07:18.000000;a0f25fe4-c031-4517-a93c-7ca5a2a0b5ab;390.0;0.3;UNKNOWN
2016-01-23T21:07:21.000000;2016-01-23T21:07:21.000000;bbef483c-a619-40e6-9f47-69a38437bac7;390.0;0.3;UNKNOWN
2016-01-23T21:07:26.000000;2016-01-23T21:07:26.000000;96972715-41c3-411e-a070-0a1863bb778b;390.0;0.3;UNKNOWN
2016-01-23T21:07:53.000000;2016-01-23T21:07:53.000000;087ab0d9-52f9-4366-8835-df61f702e647;390.0;0.3;UNKNOWN
2016-01-23T21:07:53.000000;2016-01-23T21:07:53.000000;59dcd23a-c586-430a-8fd0-6fb668b1b9d1;390.0;0.3;UNKNOWN
2016-01-23T21:07:54.000000;2016-01-23T21:07:54.000000;b98c5c3c-d551-4054-89c8-7708d88a8db1;390.0;0.3;UNKNOWN
2016-01-23T21:07:58.000000;2016-01-23T21:07:58.000000;d4a71400-e97a-40f4-a6f3-55786aea3989;390.0;0.3;UNKNOWN
2016-01-23T21:08:05.000000;2016-01-23T21:08:05.000000;dcd548fe-87c2-4547-844a-cd539c45b775;390.0;0.3;UNKNOWN
2016-01-23T21:08:11.000000;2016-01-23T21:08:11.000000;0bf69726-d780-4158-bdf8-36ac09673a64;390.0;0.3;UNKNOWN
2016-01-23T21:08:15.000000;2016-01-23T21:08:15.000000;93496db5-751e-4d6e-89a1-461001e707b1;390.0;0.3;UNKNOWN
2016-01-23T21:08:20.000000;2016-01-23T21:08:20.000000;1ddcd147-4f7a-43b2-b035-96be789056b3;390.0;0.3;UNKNOWN
2016-01-23T21:08:26.000000;2016-01-23T21:08:26.000000;77308268-388a-4a3b-be8b-9b25a8517335;390.0;0.3;UNKNOWN
2016-01-23T21:08:30.000000;2016-01-23T21:08:30.000000;1e084c31-b350-43ff-9d4b-09f0c6520f49;390.0;0.1;UNKNOWN
2016-01-23T21:09:59.000000;2016-01-23T21:09:59.000000;8832b2f2-cd6b-4702-8729-cf9721cf9ac9;390.03;0.3;UNKNOWN
2016-01-23T21:09:59.000000;2016-01-23T21:09:59.000000;3834b0cb-46bf-4378-b555-a75fd78723a6;390.04;0.2;UNKNOWN
2016-01-23T21:09:59.000000;2016-01-23T21:09:59.000000;1865b36b-ec76-4b32-aedd-9858fc43b1c8;390.04;0.3;UNKNOWN
2016-01-23T21:11:00.000000;2016-01-23T21:11:00.000000;80dfc4b8-b9e8-4512-97e7-678752c622aa;389.83;0.1;UNKNOWN
2016-01-23T21:11:06.000000;2016-01-23T21:11:06.000000;34971b47-56ff-43fa-8d8a-701e06d21ae2;389.8;3.0;UNKNOWN
2016-01-23T21:11:06.000000;2016-01-23T21:11:06.000000;e5aa55a6-7e74-4a8d-8add-d40d735c0036;389.81;0.3;UNKNOWN
2016-01-23T21:11:06.000000;2016-01-23T21:11:06.000000;48def455-ba97-44d0-a082-ba1425e01e55;389.8;6.0;UNKNOWN
2016-01-23T21:11:06.000000;2016-01-23T21:11:06.000000;f55bfac4-dd0b-44ba-8bb5-fb2a908231d8;389.81;6.4076;UNKNOWN
2016-01-23T21:11:06.000000;2016-01-23T21:11:06.000000;ce441fb1-f7d0-43a5-a3fe-fde7e55c49c1;389.8;0.5;UNKNOWN
2016-01-23T21:11:48.000000;2016-01-23T21:11:48.000000;80ccc706-c0be-4332-a46e-252e42817219;389.9;3.7924;UNKNOWN
2016-01-23T21:12:12.000000;2016-01-23T21:12:12.000000;263168b5-54b7-4dd8-8fad-d255b202f36e;389.36;0.23507788;UNKNOWN
2016-01-23T21:12:12.000000;2016-01-23T21:12:12.000000;46cbe564-3651-4959-9d3e-f5b377b2a680;389.61;0.03;UNKNOWN
2016-01-23T21:12:39.000000;2016-01-23T21:12:39.000000;84565e77-b0b9-4a91-b2f5-09fd163088ce;389.47;0.3;UNKNOWN
2016-01-23T21:12:39.000000;2016-01-23T21:12:39.000000;f7fe1fae-d60a-4fef-a826-912335c6f5a7;389.46;0.97215587;UNKNOWN
2016-01-23T21:12:39.000000;2016-01-23T21:12:39.000000;f87cdda1-f6ce-436b-9b9f-d19e358f430f;389.46;0.5;UNKNOWN
2016-01-23T21:13:01.000000;2016-01-23T21:13:01.000000;8fbdbdc3-9cc4-4e61-919b-6ce7e18c901a;389.89;0.0644;UNKNOWN
2016-01-23T21:13:53.000000;2016-01-23T21:13:53.000000;3ab496ca-42e9-4687-94e0-f828a399b4a8;389.89;0.01;UNKNOWN
2016-01-23T21:14:51.000000;2016-01-23T21:14:51.000000;9d0360f9-02bf-43f5-a002-d26469b26f11;389.9;0.2076;UNKNOWN
2016-01-23T21:14:51.000000;2016-01-23T21:14:51.000000;b9ac4984-36be-46ff-a40b-244bab31e130;389.89;0.3;UNKNOWN
2016-01-23T21:14:51.000000;2016-01-23T21:14:51.000000;4cc44560-ebce-4611-974a-8816e4e191f4;389.99;1.8324;UNKNOWN
2016-01-23T21:15:23.000000;2016-01-23T21:15:23.000000;b07a6b4f-3082-4cdc-ba6f-4c4e042ffa59;389.99;1.71;UNKNOWN
2016-01-23T21:18:13.000000;2016-01-23T21:18:13.000000;2b767131-81b7-48f7-9fbd-9e6bfb24e391;389.95;0.05055356;UNKNOWN
2016-01-23T21:20:48.000000;2016-01-23T21:20:48.000000;3ce5e868-b184-451b-bfb3-e3bbe9a1d581;389.97;20.0;UNKNOWN
2016-01-23T21:21:32.000000;2016-01-23T21:21:32.000000;1008c4c3-47f6-4e76-92ec-638e5ba8f511;389.83;0.03380109;UNKNOWN
2016-01-23T21:21:59.000000;2016-01-23T21:21:59.000000;53aed94b-b22f-44df-a381-185920c46a0d;389.85;0.3;UNKNOWN
2016-01-23T21:22:24.000000;2016-01-23T21:22:24.000000;c0c8979c-2b18-44bb-9ab6-4b5cb033ea32;389.84;6.3727;UNKNOWN
2016-01-23T21:23:07.000000;2016-01-23T21:23:07.000000;e15be8eb-26fc-467a-96a2-2773a72de08c;389.9;0.25;UNKNOWN
2016-01-23T21:23:21.000000;2016-01-23T21:23:21.000000;f2cef872-4799-4c7f-9a1f-7f1b4bb23b94;389.9;6.664086;UNKNOWN
2016-01-23T21:23:38.000000;2016-01-23T21:23:38.000000;4c10528e-8434-41b9-8059-5125e3e235f1;389.74;0.0641947;UNKNOWN
2016-01-23T21:23:58.000000;2016-01-23T21:23:58.000000;5ca893f7-e84b-453a-b664-f001399246b8;389.74;0.3358053;UNKNOWN
2016-01-23T21:23:58.000000;2016-01-23T21:23:58.000000;f9c65b5a-4eeb-44a6-900f-773b3f749aed;389.74;0.9551677;UNKNOWN
2016-01-23T21:26:46.000000;2016-01-23T21:26:46.000000;f59eee1c-cfdf-44b0-abb1-d63cef8c2d0e;389.68;0.1;UNKNOWN
2016-01-23T21:27:44.000000;2016-01-23T21:27:44.000000;6303faee-25ef-41b1-9a54-a74821433e0a;389.98;0.29201138;UNKNOWN
2016-01-23T21:29:13.000000;2016-01-23T21:29:13.000000;b1f30da9-7f59-4ccd-8760-4849a397534a;389.74;0.12895721;UNKNOWN
2016-01-23T21:30:54.000000;2016-01-23T21:30:54.000000;97ced2ce-b303-4540-9e59-d91bf0125dc4;389.99;1.3301;UNKNOWN
2016-01-23T21:31:17.000000;2016-01-23T21:31:17.000000;1d2c8510-1b06-40ce-8096-4364bf33f942;389.99;0.3;UNKNOWN
2016-01-23T21:31:39.000000;2016-01-23T21:31:39.000000;6c81319a-6514-4b01-99b4-19fe55134bc3;389.99;0.08;UNKNOWN
2016-01-23T21:31:49.000000;2016-01-23T21:31:49.000000;79acb751-d779-489b-9de8-44c8659f6875;389.99;0.05;UNKNOWN
2016-01-23T21:31:50.000000;2016-01-23T21:31:50.000000;4b7b1eaf-1309-4a27-8a10-8cea2441f2f2;389.99;0.05;UNKNOWN
2016-01-23T21:31:52.000000;2016-01-23T21:31:52.000000;b66e8349-d161-4136-b66c-9ccc6685fe00;389.99;0.05;UNKNOWN
2016-01-23T21:31:53.000000;2016-01-23T21:31:53.000000;99fa0137-d8d7-4cc1-b09b-23009510e789;389.99;0.14;UNKNOWN
2016-01-23T21:31:54.000000;2016-01-23T21:31:54.000000;0c32a1c4-3dab-4d45-9b36-c9b681fbf7c2;389.99;0.00128503;UNKNOWN
2016-01-23T21:31:54.000000;2016-01-23T21:31:54.000000;fc3c5dee-7417-4402-819d-7e3f4a474f5c;389.99;0.02371497;UNKNOWN
2016-01-23T21:31:54.000000;2016-01-23T21:31:54.000000;9b864730-8021-4d1c-abd1-d646f36a8f6e;389.99;0.025;UNKNOWN
2016-01-23T21:31:56.000000;2016-01-23T21:31:56.000000;6576d69e-38bb-40b3-89f3-df5a47479117;389.99;0.00128503;UNKNOWN
2016-01-23T21:31:56.000000;2016-01-23T21:31:56.000000;ddaf960a-1b4b-4b5f-8cca-b294a3867d55;389.99;0.00128503;UNKNOWN
2016-01-23T21:31:56.000000;2016-01-23T21:31:56.000000;0e531b61-1f25-4a65-a1d2-d610632782af;389.99;0.02371497;UNKNOWN
2016-01-23T21:31:56.000000;2016-01-23T21:31:56.000000;354e891f-f1a4-4923-9b31-75f0e506b909;389.99;0.025;UNKNOWN
2016-01-23T21:31:56.000000;2016-01-23T21:31:56.000000;5ea3ab07-9114-4da9-b188-4b3bb43e08c8;389.99;0.01343497;UNKNOWN
2016-01-23T21:31:57.000000;2016-01-23T21:31:57.000000;038ced8b-9dc5-4ff5-9d1b-7aac11bfb260;390.0;0.03843497;UNKNOWN
2016-01-23T21:31:57.000000;2016-01-23T21:31:57.000000;b9e13595-f3bf-4366-8a5f-83da4a027700;389.99;0.01156503;UNKNOWN
2016-01-23T21:31:59.000000;2016-01-23T21:31:59.000000;ff8429dc-b513-44f0-a922-d9a051c01742;390.0;0.05;UNKNOWN
2016-01-23T21:32:01.000000;2016-01-23T21:32:01.000000;aa8454bc-72cf-46a7-a9ff-0bbee831d836;390.0;0.06;UNKNOWN
2016-01-23T21:32:06.000000;2016-01-23T21:32:06.000000;37b78943-b7af-45bb-91f6-6b36866e76f5;390.0;0.06;UNKNOWN
2016-01-23T21:32:20.000000;2016-01-23T21:32:20.000000;171f6d17-1ba1-41cd-bd62-4f16b8b84819;390.0;0.02056503;UNKNOWN
2016-01-23T21:33:05.000000;2016-01-23T21:33:05.000000;11794c18-a942-410e-a3b4-910c84d4a488;390.47;2.5;UNKNOWN
2016-01-23T21:33:05.000000;2016-01-23T21:33:05.000000;ad7b3b61-c187-42b8-acfe-d1bcaa82cea8;390.48;0.5;UNKNOWN
2016-01-23T21:33:11.000000;2016-01-23T21:33:11.000000;a85ab5e7-0d8c-4405-a816-5137d9e9b50b;390.48;0.37639152;UNKNOWN
2016-01-23T21:34:13.000000;2016-01-23T21:34:13.000000;0eab418a-f75a-4c5c-b4c1-6ecfa4c11eb7;390.54;0.5;UNKNOWN
2016-01-23T21:34:13.000000;2016-01-23T21:34:13.000000;e23c695c-6795-4de5-9cdd-d1acf8f3d81b;390.53;0.49567;UNKNOWN
2016-01-23T21:34:14.000000;2016-01-23T21:34:14.000000;a00ea5f1-2393-4ecc-85a6-f942caf97282;390.53;0.04;UNKNOWN
2016-01-23T21:34:14.000000;2016-01-23T21:34:14.000000;8515a423-9aff-4354-b2d0-8ace150c54ea;390.53;0.12833346;UNKNOWN
2016-01-23T21:34:53.000000;2016-01-23T21:34:53.000000;7e00d2f9-a014-4a57-a740-96007b91d13f;390.55;0.05126634;UNKNOWN
2016-01-23T21:35:00.000000;2016-01-23T21:35:00.000000;1660b567-0eb6-4055-bec5-79a074250f9d;390.58;0.288;UNKNOWN
2016-01-23T21:35:06.000000;2016-01-23T21:35:06.000000;4e5c1f1f-aa00-464a-990f-9e65833c5fc2;390.59;0.288;UNKNOWN
2016-01-23T21:35:12.000000;2016-01-23T21:35:12.000000;5f89de5c-eadd-4312-96b8-dfbb2218a543;390.6;0.288;UNKNOWN
2016-01-23T21:35:17.000000;2016-01-23T21:35:17.000000;b3fc8a13-466f-4bd7-bac9-2d0d342151f7;390.6;0.09;UNKNOWN
2016-01-23T21:35:18.000000;2016-01-23T21:35:18.000000;cf3a3d4c-3500-4627-8b57-22f8522358a8;390.6;0.288;UNKNOWN
2016-01-23T21:35:19.000000;2016-01-23T21:35:19.000000;443edf61-01a3-443c-b3ee-b829892305bd;390.6;0.1;UNKNOWN
2016-01-23T21:35:21.000000;2016-01-23T21:35:21.000000;18d74916-57d8-4fb8-9646-8e50680dc74d;390.6;0.1;UNKNOWN
2016-01-23T21:35:24.000000;2016-01-23T21:35:24.000000;acddf792-685d-4efd-97ba-ee6e814d2d5f;391.0;0.34330198;UNKNOWN
2016-01-23T21:35:24.000000;2016-01-23T21:35:24.000000;c1dd5cb6-2f4d-466f-a12a-c4ba75568592;391.0;2.60109641;UNKNOWN
2016-01-23T21:35:24.000000;2016-01-23T21:35:24.000000;a76dd05f-258b-4637-9f71-2da903a22cec;390.6;5.77560161;UNKNOWN
2016-01-23T21:35:24.000000;2016-01-23T21:35:24.000000;b45cc162-9764-432c-9086-26e956b3e010;390.6;0.1;UNKNOWN
2016-01-23T21:35:24.000000;2016-01-23T21:35:24.000000;fdc05672-c33b-4d47-b758-3788a605e75a;390.66;0.3;UNKNOWN
2016-01-23T21:35:26.000000;2016-01-23T21:35:26.000000;cc8cb971-e043-47fb-9f76-e356e1ec5a07;390.99;0.1;UNKNOWN
2016-01-23T21:35:28.000000;2016-01-23T21:35:28.000000;8d815175-30f0-455d-9b53-cdafa2e227bf;390.99;0.04;UNKNOWN
2016-01-23T21:35:58.000000;2016-01-23T21:35:58.000000;b54e7850-675a-412d-af9b-e4a7a9a92f0d;390.96;0.01048;UNKNOWN
2016-01-23T21:35:59.000000;2016-01-23T21:35:59.000000;638c1c88-d5e0-4db9-9d22-fb9a5db430d7;390.94;0.01397;UNKNOWN
2016-01-23T21:36:24.000000;2016-01-23T21:36:24.000000;55d37404-c850-4a14-bcee-abcb53456d3b;391.0;0.01;UNKNOWN
2016-01-23T21:36:43.000000;2016-01-23T21:36:43.000000;3cf5c6c0-2b64-4faa-8ba8-0846a6793aa5;391.0;0.3;UNKNOWN
2016-01-23T21:36:43.000000;2016-01-23T21:36:43.000000;223a9a7a-bb37-4564-92bf-15dcdf6a047f;391.0;10.0;UNKNOWN
2016-01-23T21:36:45.000000;2016-01-23T21:36:45.000000;c32d27ef-4920-4b6a-8b3e-e0347f93ff46;391.0;0.3;UNKNOWN
2016-01-23T21:36:46.000000;2016-01-23T21:36:46.000000;76e1cbe3-c875-4dd1-b07a-9eb43469ba9e;390.99;0.01397;UNKNOWN
2016-01-23T21:36:46.000000;2016-01-23T21:36:46.000000;cd7f54a6-87bc-4e38-b5f2-9d3c61334e67;391.0;3.08890359;UNKNOWN
2016-01-23T21:36:46.000000;2016-01-23T21:36:46.000000;8186a97e-2b7d-4f76-a937-e6d57b2f7a02;391.0;0.3;UNKNOWN
2016-01-23T21:36:46.000000;2016-01-23T21:36:46.000000;377d4d4c-408a-450c-85d4-938196f37998;391.0;10.0;UNKNOWN
2016-01-23T21:36:50.000000;2016-01-23T21:36:50.000000;4679f217-2012-4bbe-b458-7bf5788011c6;391.04;0.21276171;UNKNOWN
2016-01-23T21:37:09.000000;2016-01-23T21:37:09.000000;88c747fd-78dc-4b5d-b23d-10611c3c9179;391.01;3.7;UNKNOWN
2016-01-23T21:37:09.000000;2016-01-23T21:37:09.000000;ab5b4525-a47f-4d1d-b294-5e1b07c0a234;391.06;0.3;UNKNOWN
2016-01-23T21:37:28.000000;2016-01-23T21:37:28.000000;380dbecf-50a7-44f3-853e-fd59f8f9ccc8;391.03;0.1;UNKNOWN
2016-01-23T21:37:31.000000;2016-01-23T21:37:31.000000;06461621-b63c-4c76-ad06-b7e9f2a67a1e;391.04;0.1;UNKNOWN
2016-01-23T21:37:56.000000;2016-01-23T21:37:56.000000;14f8522d-49ac-4a3d-874a-bbd56272ee1f;391.0;0.01048;UNKNOWN
2016-01-23T21:38:26.000000;2016-01-23T21:38:26.000000;41b9bf59-2d0a-4f01-8ca2-2415c4f05248;390.91;0.01397;UNKNOWN
2016-01-23T21:38:54.000000;2016-01-23T21:38:54.000000;f447b945-7cf1-42fa-ac3a-6911a8882cab;390.91;0.28603;UNKNOWN
2016-01-23T21:38:54.000000;2016-01-23T21:38:54.000000;a706aa6d-4ea5-4faf-8151-185a24727ee2;390.71;0.21397;UNKNOWN
2016-01-23T21:41:49.000000;2016-01-23T21:41:49.000000;d95b0bd4-6931-4e8a-8a60-e7cfd54aaff0;390.69;0.1;UNKNOWN
2016-01-23T21:42:24.000000;2016-01-23T21:42:24.000000;86febacf-954a-4a01-93ea-59c3cd23a9c9;390.46;6.3763;UNKNOWN
2016-01-23T21:42:24.000000;2016-01-23T21:42:24.000000;361bd47a-9f35-48e9-b1d1-c973397c01ec;390.44;16.6919;UNKNOWN
2016-01-23T21:42:24.000000;2016-01-23T21:42:24.000000;1568059e-57ff-4ebb-ba2d-ce7909f516c4;390.3;2.55466994;UNKNOWN
2016-01-23T21:42:24.000000;2016-01-23T21:42:24.000000;3d4a953e-b9f1-4b0a-8c94-7dfd12071493;390.3;15.27543006;UNKNOWN
2016-01-23T21:43:58.000000;2016-01-23T21:43:58.000000;bf53f35c-cf8a-4ac8-aa91-130b0a062986;390.12;4.0;UNKNOWN
2016-01-23T21:43:59.000000;2016-01-23T21:43:59.000000;9ef57571-54ae-4043-bf10-846a7ec4f375;390.29;0.30516329;UNKNOWN
2016-01-23T21:44:08.000000;2016-01-23T21:44:08.000000;ba891d69-fe61-4ba3-876d-d35298b6afbe;390.11;0.226213;UNKNOWN
2016-01-23T21:44:13.000000;2016-01-23T21:44:13.000000;da9002b6-9d8c-4baf-b233-ec8f98517e2f;390.21;0.1;UNKNOWN
2016-01-23T21:44:28.000000;2016-01-23T21:44:28.000000;8ba00848-e8b0-4de3-971c-e5b611289d8e;390.21;0.02;UNKNOWN
2016-01-23T21:44:35.000000;2016-01-23T21:44:35.000000;da93307f-f5d4-41c6-9c59-90090f3ba7d0;390.22;0.4309;UNKNOWN
2016-01-23T21:44:35.000000;2016-01-23T21:44:35.000000;15efd288-bc8d-46d6-a878-105dc45cb36a;390.19;0.594;UNKNOWN
2016-01-23T21:44:40.000000;2016-01-23T21:44:40.000000;304ec92e-cb0b-475c-947f-988b638ec422;390.11;0.083787;UNKNOWN
2016-01-23T21:44:40.000000;2016-01-23T21:44:40.000000;0ccf5728-8822-4ac8-9bce-5cc5445c9bc5;390.1;1.616213;UNKNOWN
2016-01-23T21:44:40.000000;2016-01-23T21:44:40.000000;e4898e54-282f-4b47-aeba-6ce69146283f;390.11;0.5;UNKNOWN
2016-01-23T21:45:15.000000;2016-01-23T21:45:15.000000;d88464ef-6825-4c78-886a-8bb267b4839e;390.1;0.9386201;UNKNOWN
2016-01-23T21:45:18.000000;2016-01-23T21:45:18.000000;29e315ae-a18d-4a70-b171-bbb16b2d9e12;389.93;0.75438795;UNKNOWN
2016-01-23T21:45:24.000000;2016-01-23T21:45:24.000000;a1c962e8-8679-4893-8ee7-c7f6634459cc;389.89;6.3173;UNKNOWN
2016-01-23T21:46:12.000000;2016-01-23T21:46:12.000000;bb1faa40-9182-487e-ae37-eb39abd693ad;390.01;6.3584;UNKNOWN
2016-01-23T21:46:12.000000;2016-01-23T21:46:12.000000;a31acb7d-d831-4bc6-b45b-dbcb4ac361a8;390.75;5.211903;UNKNOWN
2016-01-23T21:46:12.000000;2016-01-23T21:46:12.000000;7bb406c4-08c2-4cd5-b1d9-da908f24cb2a;390.44;12.0;UNKNOWN
2016-01-23T21:46:12.000000;2016-01-23T21:46:12.000000;a23742de-48f7-48f0-9901-03908b764b4e;390.49;1.01;UNKNOWN
2016-01-23T21:46:12.000000;2016-01-23T21:46:12.000000;56040828-e8a2-4681-9be9-a4fb921076b6;390.37;0.014997;UNKNOWN
2016-01-23T21:46:12.000000;2016-01-23T21:46:12.000000;005597a2-9705-4845-907c-f8888d2ea15a;390.0;2.2;UNKNOWN
2016-01-23T21:46:12.000000;2016-01-23T21:46:12.000000;f7bd71ec-b562-4f23-b7a1-6b1458cfce36;390.42;0.5;UNKNOWN
2016-01-23T21:46:12.000000;2016-01-23T21:46:12.000000;b00ce5d2-7386-4299-a842-9964ae6fb0c7;390.75;1.52;UNKNOWN
2016-01-23T21:46:12.000000;2016-01-23T21:46:12.000000;8d77de1c-0815-4169-bb85-76b34fe517de;390.5;2.0;UNKNOWN
2016-01-23T21:47:03.000000;2016-01-23T21:47:03.000000;a1f2011c-1f5d-4227-9e36-8612f6c20f1a;390.85;20.06;UNKNOWN
2016-01-23T21:47:03.000000;2016-01-23T21:47:03.000000;2914a1bc-8061-4ca3-adf6-6749f325004c;390.86;5.7675;UNKNOWN
2016-01-23T21:47:13.000000;2016-01-23T21:47:13.000000;460b38f7-7876-4600-9cda-4d89d93aaa54;390.29;0.05645224;UNKNOWN
2016-01-23T21:47:20.000000;2016-01-23T21:47:20.000000;3b52bb01-d6c8-47b4-a08e-b88473a3b4ae;390.34;2.2;UNKNOWN
2016-01-23T21:47:32.000000;2016-01-23T21:47:32.000000;b7e91ab8-b223-4f51-98d8-3d67d5b04e53;390.34;0.1;UNKNOWN
2016-01-23T21:47:43.000000;2016-01-23T21:47:43.000000;7c75945b-1f25-4221-b380-29f02bd537ed;390.78;0.08;UNKNOWN
2016-01-23T21:48:00.000000;2016-01-23T21:48:00.000000;f94072ff-e963-4412-bc96-69a53ef85751;390.71;0.08;UNKNOWN
2016-01-23T21:48:12.000000;2016-01-23T21:48:12.000000;e6de433f-018f-4b04-aead-3f16bd0618d5;390.34;0.78;UNKNOWN
2016-01-23T21:48:14.000000;2016-01-23T21:48:14.000000;96918a62-11bf-42b3-95af-c8d8c5b73413;390.34;1.0;UNKNOWN
2016-01-23T21:48:19.000000;2016-01-23T21:48:19.000000;4b7e08d3-8a64-446c-9675-8aa789a8fe3e;390.43;0.04;UNKNOWN
2016-01-23T21:48:37.000000;2016-01-23T21:48:37.000000;6dc5958f-b07d-4de1-b1f3-39e31112d9c5;390.39;0.08;UNKNOWN
2016-01-23T21:48:53.000000;2016-01-23T21:48:53.000000;32c201ba-ab07-498e-95c0-5c586e446762;390.41;0.035825;UNKNOWN
2016-01-23T21:50:43.000000;2016-01-23T21:50:43.000000;7061a4e6-9d35-4bae-96ec-db03b5f8c10e;390.16;1.29;UNKNOWN
2016-01-23T21:50:43.000000;2016-01-23T21:50:43.000000;318e516e-bfd3-49e9-aef8-1565f2ce2dcd;390.16;0.73;UNKNOWN
2016-01-23T21:52:17.000000;2016-01-23T21:52:17.000000;23e04250-d931-4ea3-9cc0-0ed95b820860;390.36;0.8526;UNKNOWN
2016-01-23T21:52:42.000000;2016-01-23T21:52:42.000000;87a08f10-d813-4ed1-ac56-c829c4055715;389.79;0.1;UNKNOWN
2016-01-23T21:54:18.000000;2016-01-23T21:54:18.000000;70a82391-75cb-482e-bb05-2b9a9fd1850d;389.8;0.22966984;UNKNOWN
2016-01-23T21:54:42.000000;2016-01-23T21:54:42.000000;1c160dad-cafb-461e-a16c-95883aa61758;389.65;0.1842;UNKNOWN
2016-01-23T21:56:04.000000;2016-01-23T21:56:04.000000;75f4b4f7-55c4-4f6b-a3e3-d381e5c94f28;389.78;0.1;UNKNOWN
2016-01-23T21:57:00.000000;2016-01-23T21:57:00.000000;2b2a118e-8ffc-499a-98cc-b9e406b71d87;389.77;0.025;UNKNOWN
2016-01-23T21:57:18.000000;2016-01-23T21:57:18.000000;38fb3830-a2bf-45bb-a7da-ca5ae0e60860;389.78;0.25629209;UNKNOWN
2016-01-23T21:57:54.000000;2016-01-23T21:57:54.000000;b7d5a7db-8862-4228-905b-bc2dde0133fb;389.55;1.3274398;UNKNOWN
2016-01-23T21:57:54.000000;2016-01-23T21:57:54.000000;9ae55d42-7aea-468c-8cb9-23bef127238b;389.54;0.0187;UNKNOWN
2016-01-23T21:59:13.000000;2016-01-23T21:59:13.000000;99143bc2-813e-49a6-975f-90b375110682;389.76;0.04882931;UNKNOWN
2016-01-23T21:59:19.000000;2016-01-23T21:59:19.000000;d5fd7059-48ec-495c-82b5-42170525bce6;389.76;3.82687069;UNKNOWN
2016-01-23T21:59:19.000000;2016-01-23T21:59:19.000000;e6174b61-35af-42cc-ba70-e173057978a0;389.28;0.51;UNKNOWN
2016-01-23T21:59:19.000000;2016-01-23T21:59:19.000000;8121a72e-6641-456a-b0a7-60013c3f934d;389.24;4.70562931;UNKNOWN
2016-01-23T21:59:27.000000;2016-01-23T21:59:27.000000;c07be5ff-d6a8-4c20-ad73-1bdc11cd2493;388.76;0.1433869;UNKNOWN
2016-01-23T21:59:27.000000;2016-01-23T21:59:27.000000;48c9de5a-2eea-4ec6-a511-679f756ba014;388.74;0.8566131;UNKNOWN
2016-01-23T21:59:27.000000;2016-01-23T21:59:27.000000;19ef38bd-fc22-421a-bec4-f58dbff4b2a6;388.76;0.0766131;UNKNOWN
2016-01-23T22:00:37.000000;2016-01-23T22:00:37.000000;a85361c5-b058-4100-9015-5ae89b004636;388.68;0.3;UNKNOWN
2016-01-23T22:00:37.000000;2016-01-23T22:00:37.000000;9a048b83-45a7-456d-953f-7b34ba4ab29e;388.55;0.06145616;UNKNOWN
2016-01-23T22:00:37.000000;2016-01-23T22:00:37.000000;bab7b2c1-24cf-4c18-8661-b57f7938aeb6;388.58;0.05;UNKNOWN
2016-01-23T22:00:37.000000;2016-01-23T22:00:37.000000;37e13dcb-c1bb-4a1d-bf13-f98f3e823d9e;388.61;0.025;UNKNOWN
2016-01-23T22:00:37.000000;2016-01-23T22:00:37.000000;9f479859-cde1-4c36-a075-d1237dffa953;388.67;2.56354384;UNKNOWN
2016-01-23T22:00:47.000000;2016-01-23T22:00:47.000000;cca4a2ab-988b-40d0-b58e-3a2f8a856a7a;388.08;1.32274501;UNKNOWN
2016-01-23T22:00:47.000000;2016-01-23T22:00:47.000000;c3a256b5-42c1-482f-a70e-09f75005b95a;388.55;2.50231771;UNKNOWN
2016-01-23T22:00:47.000000;2016-01-23T22:00:47.000000;07ab3936-387b-49a1-8e9b-8a77732d114f;388.26;2.56673511;UNKNOWN
2016-01-23T22:00:47.000000;2016-01-23T22:00:47.000000;e965f252-cf75-45fd-9385-7ff2533caaac;388.35;2.56670217;UNKNOWN
2016-01-23T22:00:47.000000;2016-01-23T22:00:47.000000;cd69d638-b2e3-47a0-bed4-49748f3a9409;388.2;0.0615;UNKNOWN
2016-01-23T22:01:03.000000;2016-01-23T22:01:03.000000;8262027b-736d-4015-b03a-3bd4091042c2;388.2;0.33;UNKNOWN
2016-01-23T22:01:04.000000;2016-01-23T22:01:04.000000;b23f4dbb-43ef-446c-af5d-5e2a01134586;388.2;0.17;UNKNOWN
2016-01-23T22:01:04.000000;2016-01-23T22:01:04.000000;91a4717b-7e01-4ace-aace-98864f8a7afe;388.2;0.639838;UNKNOWN
2016-01-23T22:02:02.000000;2016-01-23T22:02:02.000000;e3bc3f2d-b365-4b12-91ff-eca1c23c20bb;388.68;0.1;UNKNOWN
2016-01-23T22:02:02.000000;2016-01-23T22:02:02.000000;ed5297fb-f4ad-4f95-b5ca-cf9c4df856b2;388.77;2.57271125;UNKNOWN
2016-01-23T22:02:02.000000;2016-01-23T22:02:02.000000;b4300ba5-0217-44ac-86fa-f026cfcd7e75;388.79;1.56796703;UNKNOWN
2016-01-23T22:02:18.000000;2016-01-23T22:02:18.000000;4991dc12-6462-42be-8a74-6645d951d06e;388.19;0.66961762;UNKNOWN
2016-01-23T22:05:45.000000;2016-01-23T22:05:45.000000;ed739ad0-5ef7-4c63-b59e-a5e7e4af986b;388.88;1.9309;UNKNOWN
2016-01-23T22:05:45.000000;2016-01-23T22:05:45.000000;9b80f0a7-4b7d-4750-8d97-99f0a1435626;388.88;6.4098;UNKNOWN
2016-01-23T22:05:45.000000;2016-01-23T22:05:45.000000;fe5a2aa7-c1de-4a2b-87e0-c40e13177bac;388.87;0.67;UNKNOWN
2016-01-23T22:05:59.000000;2016-01-23T22:05:59.000000;c95ed8c4-6707-4f73-83b0-13a649d87b68;389.12;0.15848002;UNKNOWN
2016-01-23T22:05:59.000000;2016-01-23T22:05:59.000000;0bf80041-9105-43aa-9101-904a3edaa6dc;389.02;2.57118982;UNKNOWN
2016-01-23T22:05:59.000000;2016-01-23T22:05:59.000000;55db5a54-67fa-446f-9fed-8bb8ecfb9124;389.0;4.77033016;UNKNOWN
2016-01-23T22:07:00.000000;2016-01-23T22:07:00.000000;1b7299a4-e660-4bd3-90f8-9de48d8090ae;389.06;0.03;UNKNOWN
2016-01-23T22:07:00.000000;2016-01-23T22:07:00.000000;bed46c41-2344-4c7b-9605-b838d3cc19e1;389.09;0.3;UNKNOWN
2016-01-23T22:07:03.000000;2016-01-23T22:07:03.000000;b59338f4-a396-4e2f-a8fc-9c8a3f3713a6;389.1;6.3581;UNKNOWN
2016-01-23T22:07:07.000000;2016-01-23T22:07:07.000000;fde012c9-da45-45b0-aef9-c71d99ee0cad;389.11;0.05;UNKNOWN
2016-01-23T22:07:53.000000;2016-01-23T22:07:53.000000;a74a1983-6f8d-46a1-9834-2e765905ade7;389.0;0.056641;UNKNOWN
2016-01-23T22:08:12.000000;2016-01-23T22:08:12.000000;a7bfa127-b6ef-4eee-9759-173d0a2c375b;389.08;1.5582029;UNKNOWN
2016-01-23T22:08:37.000000;2016-01-23T22:08:37.000000;95979ddb-9602-440d-9b2b-83de90add490;389.24;0.4014336;UNKNOWN
2016-01-23T22:09:08.000000;2016-01-23T22:09:08.000000;0adc2791-20ee-42fb-a753-335b16365639;389.05;1.80128714;UNKNOWN
2016-01-23T22:09:45.000000;2016-01-23T22:09:45.000000;4ac2ed0d-06a5-4f44-aea6-14dfda27fee2;389.0;0.243359;UNKNOWN
2016-01-23T22:10:17.000000;2016-01-23T22:10:17.000000;45c01219-480e-402f-b19a-6e3009ecda98;388.36;0.2268;UNKNOWN
2016-01-23T22:10:29.000000;2016-01-23T22:10:29.000000;ecb0193e-5639-4f6b-bdcb-aa042ca3b4fd;387.88;4.975;UNKNOWN
2016-01-23T22:10:29.000000;2016-01-23T22:10:29.000000;6922f86d-db7e-4159-a871-48ebda877174;388.21;0.025;UNKNOWN
2016-01-23T22:10:31.000000;2016-01-23T22:10:31.000000;ca628309-3b75-4194-986f-9ddc6df1ca22;387.88;0.1;UNKNOWN
2016-01-23T22:10:36.000000;2016-01-23T22:10:36.000000;2618583d-2659-48fc-81b2-4720b72afba6;387.61;2.41009869;UNKNOWN
2016-01-23T22:10:36.000000;2016-01-23T22:10:36.000000;0fd4af68-99bf-4900-96d1-d143ee25a0ef;387.68;2.56990131;UNKNOWN
2016-01-23T22:10:36.000000;2016-01-23T22:10:36.000000;b08f76e8-20b6-4f7e-86eb-6ba9dc0d3a9d;387.8;0.02;UNKNOWN
2016-01-23T22:10:53.000000;2016-01-23T22:10:53.000000;fa123d0a-fd0e-4edb-ac2c-dbd5d67f50ba;387.61;0.1597696;UNKNOWN
2016-01-23T22:11:07.000000;2016-01-23T22:11:07.000000;66d65673-498c-4f30-b4f5-68475125eca4;387.58;5.0545808;UNKNOWN
2016-01-23T22:11:38.000000;2016-01-23T22:11:38.000000;81a173dd-392c-445b-9558-b000e3eda5d1;387.53;0.157228;UNKNOWN
2016-01-23T22:11:44.000000;2016-01-23T22:11:44.000000;f7210701-2ba7-4b10-ac90-820d8244f947;387.15;3.0;UNKNOWN
2016-01-23T22:11:44.000000;2016-01-23T22:11:44.000000;bbb3212c-3184-4209-b982-b9a15d1fe2b4;387.27;0.2873;UNKNOWN
2016-01-23T22:11:44.000000;2016-01-23T22:11:44.000000;046d956a-c3b1-431f-8258-5a4d06ed7fed;387.2;0.1;UNKNOWN
2016-01-23T22:11:44.000000;2016-01-23T22:11:44.000000;5ad458b8-2725-44da-9419-a52e17e818ab;387.15;0.5;UNKNOWN
2016-01-23T22:11:44.000000;2016-01-23T22:11:44.000000;5a68ae59-0108-454e-a877-7e94b85e1701;387.14;1.0927;UNKNOWN
2016-01-23T22:11:44.000000;2016-01-23T22:11:44.000000;4c9c87af-4752-4ef8-9bbf-f6903bb1fc07;387.2;0.02;UNKNOWN
2016-01-23T22:15:48.000000;2016-01-23T22:15:48.000000;612e559f-d7be-4e7e-a686-c01981c1f3b2;388.0;5.1620603;UNKNOWN
2016-01-23T22:16:07.000000;2016-01-23T22:16:07.000000;27711f55-f205-49f5-b9aa-b054e0093517;388.0;0.413917;UNKNOWN
2016-01-23T22:18:18.000000;2016-01-23T22:18:18.000000;8fcc426b-9848-4b1a-8882-dd1582315364;388.04;0.10237772;UNKNOWN
2016-01-23T22:21:26.000000;2016-01-23T22:21:26.000000;9dab043a-dacd-4ae4-89aa-b086ae091f5a;388.64;0.2998;UNKNOWN
2016-01-23T22:23:06.000000;2016-01-23T22:23:06.000000;a7d4f517-5962-480c-acc2-93c5c1763011;388.85;0.0732;UNKNOWN
2016-01-23T22:23:06.000000;2016-01-23T22:23:06.000000;9c014c2d-0a0a-476c-bde0-3c7ff75621b2;388.85;0.0268;UNKNOWN
2016-01-23T22:24:29.000000;2016-01-23T22:24:29.000000;90a17faa-0e53-46b3-b932-9ac88eebc188;388.63;0.02;UNKNOWN
2016-01-23T22:24:30.000000;2016-01-23T22:24:30.000000;498f159f-b75b-4e1e-bd63-82c3d8881600;388.63;0.0098;UNKNOWN
2016-01-23T22:24:30.000000;2016-01-23T22:24:30.000000;7bdf4fa2-1ebe-4504-aec9-0c26a059bbd5;388.71;0.2192;UNKNOWN
2016-01-23T22:25:01.000000;2016-01-23T22:25:01.000000;c572dcdc-8522-4e08-8020-413a54f7f8b4;388.67;1.0;UNKNOWN
2016-01-23T22:25:13.000000;2016-01-23T22:25:13.000000;8d9e0c2c-84b2-40e1-b08d-943f13fdde03;388.71;0.1;UNKNOWN
2016-01-23T22:26:05.000000;2016-01-23T22:26:05.000000;d889b611-3749-48de-98f3-3a0fb3231f71;388.78;1.0;UNKNOWN
2016-01-23T22:26:52.000000;2016-01-23T22:26:52.000000;fa3d8916-e826-4178-9726-7b9ec1c726ff;388.76;0.038433;UNKNOWN
2016-01-23T22:26:53.000000;2016-01-23T22:26:53.000000;3fc41b1e-89e1-40b1-be75-497e8ee8a3d0;388.81;0.043513;UNKNOWN
2016-01-23T22:26:56.000000;2016-01-23T22:26:56.000000;5be7b953-c82d-4c30-90c1-860d677faf4a;388.81;0.023933;UNKNOWN
2016-01-23T22:27:15.000000;2016-01-23T22:27:15.000000;9cd8599c-cd42-493d-8651-dbf50a7fbeec;388.97;1.328;UNKNOWN
2016-01-23T22:27:31.000000;2016-01-23T22:27:31.000000;440b5636-d098-4265-8079-72ad7f58cfb4;388.93;0.61398839;UNKNOWN
2016-01-23T22:28:05.000000;2016-01-23T22:28:05.000000;80947ec7-5555-499e-8f32-69b807b65c89;388.98;0.5;UNKNOWN
2016-01-23T22:28:05.000000;2016-01-23T22:28:05.000000;0ac00958-7219-4b4b-88c3-1ab8b85aa59b;388.98;3.0;UNKNOWN
2016-01-23T22:28:32.000000;2016-01-23T22:28:32.000000;be3783c4-6ca2-4572-8bd1-3536818c236a;388.99;0.998;UNKNOWN
2016-01-23T22:29:13.000000;2016-01-23T22:29:13.000000;1e9d55f8-0d04-4981-b9ed-246bcc0a13bb;389.16;0.10178377;UNKNOWN
2016-01-23T22:33:16.000000;2016-01-23T22:33:16.000000;63c05524-b062-467b-a40e-41c001b1e59b;389.22;2.57171881;UNKNOWN
2016-01-23T22:33:16.000000;2016-01-23T22:33:16.000000;c92a421b-dfd5-463a-b09b-d1b4752353ba;389.35;2.42828119;UNKNOWN
2016-01-23T22:33:30.000000;2016-01-23T22:33:30.000000;568aaab5-e71b-4188-a4ea-f41a0ccb31dd;389.35;0.14327228;UNKNOWN
2016-01-23T22:33:31.000000;2016-01-23T22:33:31.000000;dfb94a94-e9e9-4547-970e-8dc2f5e1d622;389.5;1.49;UNKNOWN
2016-01-23T22:33:31.000000;2016-01-23T22:33:31.000000;aed2f539-91d7-4466-8763-3bdf9cd864e8;389.49;0.51;UNKNOWN
2016-01-23T22:33:35.000000;2016-01-23T22:33:35.000000;49b03764-81e0-4ea1-a9cf-81a0650bae11;389.76;2.57181802;UNKNOWN
2016-01-23T22:33:35.000000;2016-01-23T22:33:35.000000;fa8b121e-c07c-49a9-af37-94c34df274d1;389.66;2.57171881;UNKNOWN
2016-01-23T22:33:35.000000;2016-01-23T22:33:35.000000;4bd209d5-9b26-4ebf-b6c5-ca66850282a9;389.5;1.08128899;UNKNOWN
2016-01-23T22:33:35.000000;2016-01-23T22:33:35.000000;8decbdf5-ce4a-4f1a-854a-6f462b38b233;389.88;0.83517418;UNKNOWN
2016-01-23T22:34:07.000000;2016-01-23T22:34:07.000000;8d86b993-0931-4c36-9ee3-8900c40c46f7;389.88;0.3;UNKNOWN
2016-01-23T22:34:58.000000;2016-01-23T22:34:58.000000;160d7029-cfc0-4145-8363-8eecc4098852;390.58;1.0;UNKNOWN
2016-01-23T22:35:01.000000;2016-01-23T22:35:01.000000;87c343a1-a331-4018-8bdf-170398472610;390.6;1.0;UNKNOWN
2016-01-23T22:35:06.000000;2016-01-23T22:35:06.000000;b22cb790-3f07-4c37-8d02-e69919db8e33;390.6;0.1567;UNKNOWN
2016-01-23T22:35:19.000000;2016-01-23T22:35:19.000000;c96667a9-a790-454c-bad3-cb03e0aaf024;390.59;0.1;UNKNOWN
2016-01-23T22:35:33.000000;2016-01-23T22:35:33.000000;bf1887cb-8537-4038-9c3a-27dca904b95a;390.59;1.0;UNKNOWN
2016-01-23T22:36:23.000000;2016-01-23T22:36:23.000000;5cdc1a9a-6ca5-4ba4-8c37-8f516b16b162;390.29;1.0;UNKNOWN
2016-01-23T22:36:55.000000;2016-01-23T22:36:55.000000;da4c0cbe-4a38-4f02-9ca2-0f48973fefc5;389.87;0.1;UNKNOWN
2016-01-23T22:37:00.000000;2016-01-23T22:37:00.000000;1e06e7be-c0a8-45a4-bef3-86748ba0b58c;389.87;0.2;UNKNOWN
2016-01-23T22:37:00.000000;2016-01-23T22:37:00.000000;48ecc5a8-5a62-4dce-bb78-d65ee1f13595;389.81;1.8;UNKNOWN
2016-01-23T22:37:35.000000;2016-01-23T22:37:35.000000;4c1f3fe9-28fb-46dd-aca9-829bcbc6f771;389.65;0.025344;UNKNOWN
2016-01-23T22:37:35.000000;2016-01-23T22:37:35.000000;4879f11e-ec72-47ac-995b-c131f740c755;389.66;1.3;UNKNOWN
2016-01-23T22:38:06.000000;2016-01-23T22:38:06.000000;a7d06c88-e3b1-4367-af6c-1aaaf4f909aa;390.06;0.1;UNKNOWN
2016-01-23T22:38:59.000000;2016-01-23T22:38:59.000000;2e90977d-3337-4e1c-abc2-51330586050f;389.5;1.0;UNKNOWN
2016-01-23T22:41:04.000000;2016-01-23T22:41:04.000000;7b5fab64-4a0e-4c02-8ff2-e3da2194b195;390.22;1.49619914;UNKNOWN
2016-01-23T22:41:04.000000;2016-01-23T22:41:04.000000;1c6ebfa7-6bab-4743-9b0f-2b8a187930e2;390.22;0.74369;UNKNOWN
2016-01-23T22:41:24.000000;2016-01-23T22:41:24.000000;65747b82-3586-475f-80cf-4a71b60549e8;390.22;0.0761;UNKNOWN
2016-01-23T22:43:06.000000;2016-01-23T22:43:06.000000;65a3f5ee-3796-463c-aab7-c73c04f6f41c;389.7;0.1;UNKNOWN
2016-01-23T22:43:12.000000;2016-01-23T22:43:12.000000;4e76624f-cace-40e7-b7d8-1277e54dec77;389.93;0.3;UNKNOWN
2016-01-23T22:45:27.000000;2016-01-23T22:45:27.000000;3529fd0c-9660-4126-ae85-a14294436f77;389.63;1.659829;UNKNOWN
2016-01-23T22:45:52.000000;2016-01-23T22:45:52.000000;9dd546da-4634-4afd-83de-08a74f0c5533;389.61;0.27445525;UNKNOWN
2016-01-23T22:45:52.000000;2016-01-23T22:45:52.000000;5e17bc2b-38e8-4942-8c90-ecfed2e5f2e0;389.61;0.1239;UNKNOWN
2016-01-23T22:45:52.000000;2016-01-23T22:45:52.000000;1b218bc9-6d01-4587-90be-df801d0b6d90;389.61;0.3;UNKNOWN
2016-01-23T22:45:56.000000;2016-01-23T22:45:56.000000;b3b8e7e1-d25d-4a2c-a461-717cfd2ed9fa;389.6;0.0255;UNKNOWN
2016-01-23T22:46:08.000000;2016-01-23T22:46:08.000000;79170e43-e2db-4df7-a87e-760633b81b17;389.61;0.026025;UNKNOWN
2016-01-23T22:46:12.000000;2016-01-23T22:46:12.000000;fd20d605-8a71-41c4-81b5-087c6b472cdf;389.54;0.02537813;UNKNOWN
2016-01-23T22:46:14.000000;2016-01-23T22:46:14.000000;c90d1169-e6a7-4f0e-965f-f81b58825ea3;389.54;0.2563;UNKNOWN
2016-01-23T22:47:03.000000;2016-01-23T22:47:03.000000;9bdb33ee-be06-4906-a255-2ed8a440fbb3;389.77;0.07708309;UNKNOWN
2016-01-23T22:47:14.000000;2016-01-23T22:47:14.000000;bcb26dc4-dd8f-43e5-84d3-78f3fb1d9eeb;389.83;0.01397;UNKNOWN
2016-01-23T22:48:01.000000;2016-01-23T22:48:01.000000;73ce520e-630f-4979-bea5-37af7e26d002;389.79;0.01397;UNKNOWN
2016-01-23T22:48:15.000000;2016-01-23T22:48:15.000000;c913e8ff-2cdd-4696-be92-19ded75a8bcc;389.86;0.5;UNKNOWN
2016-01-23T22:48:15.000000;2016-01-23T22:48:15.000000;cc8a6a91-e555-4f24-ae7f-724eb18149b5;389.85;0.05542984;UNKNOWN
2016-01-23T22:48:49.000000;2016-01-23T22:48:49.000000;ce00c205-3dfc-4c49-a3cd-01a60f73c141;389.99;2.0;UNKNOWN
2016-01-23T22:48:50.000000;2016-01-23T22:48:50.000000;14aa8cdd-e3d0-44d1-ad46-492f53595f74;389.98;0.01397;UNKNOWN
2016-01-23T22:49:35.000000;2016-01-23T22:49:35.000000;c9d2a38f-2ad4-4923-8278-d11ce3cbb13e;389.69;0.01397;UNKNOWN
2016-01-23T22:49:58.000000;2016-01-23T22:49:58.000000;8e1253b8-2d7f-4c8a-97d0-de0f01b6c22c;389.75;0.09766;UNKNOWN
2016-01-23T22:51:39.000000;2016-01-23T22:51:39.000000;a54627ac-2782-4f8e-9563-efc4e769f404;389.76;0.175891;UNKNOWN
2016-01-23T22:51:39.000000;2016-01-23T22:51:39.000000;b4d977e0-783f-4010-bf96-470c10c9d36a;389.8;0.2215449;UNKNOWN
2016-01-23T22:51:41.000000;2016-01-23T22:51:41.000000;38540dd3-e529-4d65-ac71-f52590044580;389.75;0.094126;UNKNOWN
2016-01-23T22:53:38.000000;2016-01-23T22:53:38.000000;1e22e142-18a8-49f9-b0c6-3e2d008b2b99;389.78;0.05136499;UNKNOWN
2016-01-23T22:54:24.000000;2016-01-23T22:54:24.000000;3af61098-7c67-4f0c-bff5-dee2096da37c;389.81;0.079895;UNKNOWN
2016-01-23T22:54:27.000000;2016-01-23T22:54:27.000000;56b4cb0b-23df-4780-bb5c-6142e8ba677a;389.8;0.085451;UNKNOWN
2016-01-23T22:55:12.000000;2016-01-23T22:55:12.000000;846a72a4-c735-4152-8d04-dd32c45cc110;389.61;0.0311;UNKNOWN
2016-01-23T22:55:12.000000;2016-01-23T22:55:12.000000;2eac92a4-8253-482c-86ba-79c7ee78fbf5;389.58;0.0076928;UNKNOWN
2016-01-23T22:55:12.000000;2016-01-23T22:55:12.000000;e5e39eef-021c-4722-9f24-e189144ff8df;389.59;0.2145;UNKNOWN
2016-01-23T22:56:04.000000;2016-01-23T22:56:04.000000;4e37d9d0-ce5b-4efa-8ed4-13d18c52b2ce;389.51;0.1;UNKNOWN
2016-01-23T22:58:02.000000;2016-01-23T22:58:02.000000;8ef7cadd-0332-402c-be43-2859ac688043;389.5;0.011548;UNKNOWN
2016-01-23T22:58:41.000000;2016-01-23T22:58:41.000000;420b404c-95d8-497a-9a6d-37bd575006cc;389.5;3.0;UNKNOWN
2016-01-23T23:00:26.000000;2016-01-23T23:00:26.000000;385bcfed-230c-417a-9de5-9b73c6c21818;389.5;3.301;UNKNOWN
2016-01-23T23:00:34.000000;2016-01-23T23:00:34.000000;a65661d9-ae83-4c4c-bd7a-7fea41246d0a;389.5;7.687452;UNKNOWN
2016-01-23T23:00:34.000000;2016-01-23T23:00:34.000000;1b405dac-2dd0-41e9-b2a4-9d9938bdaf20;389.5;2.0;UNKNOWN
2016-01-23T23:01:14.000000;2016-01-23T23:01:14.000000;13cd590b-114c-4c04-a850-8f41882d1332;389.49;0.025;UNKNOWN
2016-01-23T23:01:26.000000;2016-01-23T23:01:26.000000;6bd1bc3f-eb87-47f4-9d29-6c8d9f72652a;389.0;0.666678;UNKNOWN
2016-01-23T23:01:26.000000;2016-01-23T23:01:26.000000;5ae18a33-1c77-4ad7-8ae6-cfa35ef99bf5;389.01;0.069375;UNKNOWN
2016-01-23T23:03:03.000000;2016-01-23T23:03:03.000000;388e93e0-8613-49de-9122-ce3d04e8a14b;389.1;0.1776163;UNKNOWN
2016-01-23T23:03:28.000000;2016-01-23T23:03:28.000000;1f6bdd0d-6feb-41b3-8b28-475fa73b8f77;389.0;0.08491782;UNKNOWN
2016-01-23T23:04:25.000000;2016-01-23T23:04:25.000000;2f46c9cd-5542-48f7-857e-324f01400297;389.0;0.36;UNKNOWN
2016-01-23T23:04:37.000000;2016-01-23T23:04:37.000000;b50b7178-cf93-428f-8fbe-2917d39d318c;389.1;0.3;UNKNOWN
2016-01-23T23:04:37.000000;2016-01-23T23:04:37.000000;89caaf21-1dbe-4532-93cf-d1bdc4c9202f;389.11;0.00418394;UNKNOWN
2016-01-23T23:04:37.000000;2016-01-23T23:04:37.000000;208f0258-6682-4c8d-9619-ca14fc701d0e;389.1;0.0973837;UNKNOWN
2016-01-23T23:04:44.000000;2016-01-23T23:04:44.000000;d91f5dc3-3ac1-41c8-84b6-555e2d076b2b;389.11;0.40156764;UNKNOWN
2016-01-23T23:06:13.000000;2016-01-23T23:06:13.000000;0aca9e0e-197c-4dd9-9fee-34a054961d87;389.0;0.50648561;UNKNOWN
2016-01-23T23:06:28.000000;2016-01-23T23:06:28.000000;f35b656b-6e60-4405-a414-9eed1e6068ed;389.0;0.38191857;UNKNOWN
2016-01-23T23:06:28.000000;2016-01-23T23:06:28.000000;c0921083-3b33-4c57-a4ff-b93b592e1dae;388.68;2.61808143;UNKNOWN
2016-01-23T23:06:46.000000;2016-01-23T23:06:46.000000;3c2df13e-338b-4db3-8ca4-fb299a39c9b1;388.6;0.3637;UNKNOWN
2016-01-23T23:06:46.000000;2016-01-23T23:06:46.000000;0e4af122-339b-431e-9887-978a6d3f475e;388.5;1.6363;UNKNOWN
2016-01-23T23:06:54.000000;2016-01-23T23:06:54.000000;db85e279-537a-48d8-b218-7cf29c301272;388.19;1.47943644;UNKNOWN
2016-01-23T23:06:54.000000;2016-01-23T23:06:54.000000;fddadb79-82ce-4179-b8cc-f0bc5c90f079;388.28;2.57128899;UNKNOWN
2016-01-23T23:06:54.000000;2016-01-23T23:06:54.000000;60c86c2a-e995-4044-ac93-1bedbb03fc99;388.19;3.0;UNKNOWN
2016-01-23T23:06:54.000000;2016-01-23T23:06:54.000000;7c4391e5-edd0-4a7e-8461-f73b0ad4000c;388.5;0.3637;UNKNOWN
2016-01-23T23:07:30.000000;2016-01-23T23:07:30.000000;389847d2-09c4-4a06-8ba8-6ada217afec0;388.8;0.02;UNKNOWN
2016-01-23T23:07:38.000000;2016-01-23T23:07:38.000000;efa9e39d-652b-47cb-8834-c4d4aafc2d4c;388.21;0.06566336;UNKNOWN
2016-01-23T23:07:38.000000;2016-01-23T23:07:38.000000;b47cb363-6203-4361-bffc-8dc7dc6d552a;388.88;0.063;UNKNOWN
2016-01-23T23:07:39.000000;2016-01-23T23:07:39.000000;c81ded5d-774d-4805-967f-e6404154f5ef;388.22;0.05146534;UNKNOWN
2016-01-23T23:07:59.000000;2016-01-23T23:07:59.000000;0eb9da45-3b94-486f-afd5-6e635e018acd;388.91;0.19527979;UNKNOWN
2016-01-23T23:10:23.000000;2016-01-23T23:10:23.000000;0f10f751-646f-41d8-b962-da87d3ba2a2b;388.45;0.09006435;UNKNOWN
2016-01-23T23:10:58.000000;2016-01-23T23:10:58.000000;56f09dd1-3586-4414-a3c9-3e1eb3edd64b;388.34;0.02366;UNKNOWN
2016-01-23T23:11:44.000000;2016-01-23T23:11:44.000000;b398174e-913d-4b87-a701-9d1c712042d2;388.5;0.0105776;UNKNOWN
2016-01-23T23:11:44.000000;2016-01-23T23:11:44.000000;645b531d-7d0d-4c83-b293-47dae72538e5;388.5;0.3;UNKNOWN
2016-01-23T23:13:26.000000;2016-01-23T23:13:26.000000;b7d0dee9-f8e3-47ba-8c1c-8c698ed869e9;388.54;0.1;UNKNOWN
2016-01-23T23:13:29.000000;2016-01-23T23:13:29.000000;97211afb-25e8-4324-9f52-dfdb3cfce3da;388.54;0.02;UNKNOWN
2016-01-23T23:13:39.000000;2016-01-23T23:13:39.000000;1d708478-cce9-4dd8-914d-a89070ef346b;388.5;0.6866;UNKNOWN
2016-01-23T23:13:39.000000;2016-01-23T23:13:39.000000;95b66dc5-fb9e-41af-94f7-34e473718818;388.51;0.0134;UNKNOWN
2016-01-23T23:13:39.000000;2016-01-23T23:13:39.000000;91459211-c395-4275-b4be-f0285577e2fd;388.51;0.3;UNKNOWN
2016-01-23T23:14:01.000000;2016-01-23T23:14:01.000000;898b368b-74a8-49c4-bb90-a5fe91def1ce;388.51;0.02;UNKNOWN
2016-01-23T23:14:30.000000;2016-01-23T23:14:30.000000;b002312d-d756-4f68-ad8f-97628d6a05c5;388.51;0.02;UNKNOWN
2016-01-23T23:14:46.000000;2016-01-23T23:14:46.000000;3da5a1ed-dfea-4a91-a6a2-175ba70b28d4;388.69;0.11218676;UNKNOWN
2016-01-23T23:15:03.000000;2016-01-23T23:15:03.000000;6bbfbf7e-968e-4bf6-aec8-fe2436330b5a;388.55;0.15;UNKNOWN
2016-01-23T23:16:29.000000;2016-01-23T23:16:29.000000;31405088-020a-4fe1-9bda-dc325616dbef;388.56;0.02;UNKNOWN
2016-01-23T23:17:18.000000;2016-01-23T23:17:18.000000;ac27528d-8539-465a-87f7-cf2b872f4a75;388.25;0.5;UNKNOWN
2016-01-23T23:17:18.000000;2016-01-23T23:17:18.000000;fa86cbe0-fba3-4eee-b44e-6669e48d3654;388.5;0.108314;UNKNOWN
2016-01-23T23:17:18.000000;2016-01-23T23:17:18.000000;8113a9f3-ec6a-4704-bbcf-0ac874bcae78;388.5;0.12918599;UNKNOWN
2016-01-23T23:17:18.000000;2016-01-23T23:17:18.000000;8cb840fc-457c-4308-8142-f0af52d5c8a7;388.24;0.45297725;UNKNOWN
2016-01-23T23:17:19.000000;2016-01-23T23:17:19.000000;f7d7f973-f862-44eb-b770-2d98f1b19b4e;388.26;0.15960277;UNKNOWN
2016-01-23T23:19:08.000000;2016-01-23T23:19:08.000000;9e4dc1b6-f495-4b4f-9a32-56674e12ada6;388.25;0.25764463;UNKNOWN
2016-01-23T23:19:58.000000;2016-01-23T23:19:58.000000;79a2300c-58cc-44f8-9c02-ec39ae40e528;388.21;0.1327;UNKNOWN
2016-01-23T23:20:36.000000;2016-01-23T23:20:36.000000;149cda63-4258-42cd-bce1-215e2de55876;388.21;0.2;UNKNOWN
2016-01-23T23:21:26.000000;2016-01-23T23:21:26.000000;dc50f6ac-aadc-438a-b928-ddfe7a89c832;388.21;0.2398;UNKNOWN
2016-01-23T23:21:28.000000;2016-01-23T23:21:28.000000;1e416d32-2340-4e50-97bd-bc498d6c7eee;388.24;0.1044392;UNKNOWN
2016-01-23T23:21:32.000000;2016-01-23T23:21:32.000000;57947ef6-ce20-47de-a742-a19815a93aa6;388.21;10.8922;UNKNOWN
2016-01-23T23:21:32.000000;2016-01-23T23:21:32.000000;663a48d1-ebb5-473a-b481-2715982a4780;388.22;0.5;UNKNOWN
2016-01-23T23:21:32.000000;2016-01-23T23:21:32.000000;0630ee0f-b6f0-49c7-a717-2b563ceb4df2;388.22;3.0;UNKNOWN
2016-01-23T23:21:35.000000;2016-01-23T23:21:35.000000;09d3d419-f791-4131-bbcb-c98dfb28587a;388.0;0.1064;UNKNOWN
2016-01-23T23:21:35.000000;2016-01-23T23:21:35.000000;484daafd-b299-474a-a47b-7640299966ed;388.0;1.89366336;UNKNOWN
2016-01-23T23:21:35.000000;2016-01-23T23:21:35.000000;2dda1c7f-4076-4a20-b8d8-329510762c50;388.12;0.0303;UNKNOWN
2016-01-23T23:21:35.000000;2016-01-23T23:21:35.000000;9fb3231c-7210-4e99-be7f-37023c31312b;388.21;1.46963664;UNKNOWN
2016-01-23T23:21:38.000000;2016-01-23T23:21:38.000000;5a49ef1e-ddcf-4b4d-b278-355c1a38f3d0;388.0;0.10633664;UNKNOWN
2016-01-23T23:22:00.000000;2016-01-23T23:22:00.000000;5a282ff3-8d86-42ec-9812-285fc93c89ea;387.51;0.02;UNKNOWN
2016-01-23T23:22:01.000000;2016-01-23T23:22:01.000000;892b0fb8-78d9-4354-9a1e-b82a8fd7ad14;387.51;0.1002;UNKNOWN
2016-01-23T23:22:03.000000;2016-01-23T23:22:03.000000;9fda14be-3c22-40a9-9ce5-9d2a4e7fe2f5;387.51;3.282;UNKNOWN
2016-01-23T23:22:03.000000;2016-01-23T23:22:03.000000;3c52f1be-ef99-4267-b0c6-ca56dd08eac0;387.51;2.969;UNKNOWN
2016-01-23T23:22:18.000000;2016-01-23T23:22:18.000000;5103713c-ba40-4025-a2cd-b3ee427c89ee;387.2;0.1;UNKNOWN
2016-01-23T23:22:18.000000;2016-01-23T23:22:18.000000;3c59a0b1-540b-496e-b834-63e3803a8ef9;387.2;0.22704;UNKNOWN
2016-01-23T23:22:28.000000;2016-01-23T23:22:28.000000;3c428847-2551-4ef5-94c3-10014a34dcc8;387.59;0.02;UNKNOWN
2016-01-23T23:22:52.000000;2016-01-23T23:22:52.000000;703db018-c399-4e8c-bd23-ad9636fc85ad;387.5;0.160793;UNKNOWN
2016-01-23T23:23:01.000000;2016-01-23T23:23:01.000000;eeeb4bdd-6727-4d7a-87d1-979352b3a7c4;387.58;0.02;UNKNOWN
2016-01-23T23:24:01.000000;2016-01-23T23:24:01.000000;e1184b63-9d6f-4700-8a9c-788955e178b8;387.61;0.02;UNKNOWN
2016-01-23T23:24:50.000000;2016-01-23T23:24:50.000000;eb88f949-01cb-4e1e-b803-949178e8670f;387.61;3.0;UNKNOWN
2016-01-23T23:27:58.000000;2016-01-23T23:27:58.000000;66ee822a-fe15-4d96-ac5d-753c893735a5;387.68;0.3;UNKNOWN
2016-01-23T23:30:28.000000;2016-01-23T23:30:28.000000;f8b2c3f8-53b3-44d2-923b-c5291797dd1b;387.93;0.276;UNKNOWN
2016-01-23T23:30:30.000000;2016-01-23T23:30:30.000000;e3eac08e-bd3b-4038-a0b0-778a84665685;387.93;0.3;UNKNOWN
2016-01-23T23:31:18.000000;2016-01-23T23:31:18.000000;d2e20be1-0fdb-431a-9a95-bb35bb157507;387.61;0.77260053;UNKNOWN
2016-01-23T23:31:24.000000;2016-01-23T23:31:24.000000;a0cd94b1-7759-4feb-be75-988a5b7518a9;387.61;8.0;UNKNOWN
2016-01-23T23:31:49.000000;2016-01-23T23:31:49.000000;84e21221-1a95-4b95-a9c6-9f52e626d528;387.61;0.16500107;UNKNOWN
2016-01-23T23:32:27.000000;2016-01-23T23:32:27.000000;f8799973-37f0-4031-9d8e-8f4b9d0180d2;387.61;2.0;UNKNOWN
2016-01-23T23:33:02.000000;2016-01-23T23:33:02.000000;29a5bc1e-1ea0-4280-8066-0d572d8264db;387.61;2.0623984;UNKNOWN
2016-01-23T23:33:02.000000;2016-01-23T23:33:02.000000;2003a9be-8939-4966-b0cd-cd532d2ac311;387.61;0.0133;UNKNOWN
2016-01-23T23:33:02.000000;2016-01-23T23:33:02.000000;bbfd7423-92a1-4932-b064-7ac630ad61db;387.58;0.02;UNKNOWN
2016-01-23T23:33:02.000000;2016-01-23T23:33:02.000000;58162715-966e-467d-9e63-0077b777e621;387.58;0.025;UNKNOWN
2016-01-23T23:33:02.000000;2016-01-23T23:33:02.000000;ea718dd4-269d-4ce9-84b9-bcd2a4c3d514;387.13;0.3793016;UNKNOWN
2016-01-23T23:33:02.000000;2016-01-23T23:33:02.000000;ac6f483b-20dc-4a0a-a6d0-b6dc5c7c7e14;387.14;0.5;UNKNOWN
2016-01-23T23:33:29.000000;2016-01-23T23:33:29.000000;eb1910d8-5ab2-4b3a-b862-5d445726c092;387.16;0.02;UNKNOWN
2016-01-23T23:33:29.000000;2016-01-23T23:33:29.000000;78a7c320-482c-4e3e-9da0-3ce95c24e606;387.13;12.6206984;UNKNOWN
2016-01-23T23:33:33.000000;2016-01-23T23:33:33.000000;e8330342-7484-47a4-8480-4030cb9f3104;387.0;2.0;UNKNOWN
2016-01-23T23:33:33.000000;2016-01-23T23:33:33.000000;9a60ccb8-be55-460c-be00-c9866832588d;386.96;0.02;UNKNOWN
2016-01-23T23:33:33.000000;2016-01-23T23:33:33.000000;305149d2-4fd8-46b5-918e-ba783b18e2ab;387.0;4.0;UNKNOWN
2016-01-23T23:33:33.000000;2016-01-23T23:33:33.000000;62c084c4-7e85-411c-9aac-00e5473e81c4;387.0;0.33;UNKNOWN
2016-01-23T23:34:01.000000;2016-01-23T23:34:01.000000;f18bacbf-9971-42b3-8fd3-4140081f73e4;386.81;0.02;UNKNOWN
2016-01-23T23:34:01.000000;2016-01-23T23:34:01.000000;fa5981a8-d3f7-487a-b4ff-3eff2b9945a5;386.81;0.02;UNKNOWN
2016-01-23T23:34:09.000000;2016-01-23T23:34:09.000000;4e61ae38-713d-47da-a421-d5f9b28ad9e3;386.8;0.02;UNKNOWN
2016-01-23T23:34:21.000000;2016-01-23T23:34:21.000000;ff8a970b-045e-4569-9a7c-2ee61364fd3f;386.71;10.0;UNKNOWN
2016-01-23T23:34:25.000000;2016-01-23T23:34:25.000000;e5093d03-23ec-499e-b205-e426d146f7da;386.62;0.05;UNKNOWN
2016-01-23T23:34:47.000000;2016-01-23T23:34:47.000000;5ceaa438-51dd-4014-a1ba-cf78cb8628ce;386.61;0.15;UNKNOWN
2016-01-23T23:36:08.000000;2016-01-23T23:36:08.000000;97d718c6-8487-4abc-b535-1bef2938c577;386.51;0.7765;UNKNOWN
2016-01-23T23:36:13.000000;2016-01-23T23:36:13.000000;a1446776-e720-4a33-9516-590914eb5063;386.5;0.31781245;UNKNOWN
2016-01-23T23:36:18.000000;2016-01-23T23:36:18.000000;08cd489c-f262-48f4-a712-8c9cb55b1b08;386.5;0.05;UNKNOWN
2016-01-23T23:36:39.000000;2016-01-23T23:36:39.000000;0e26cfef-b9c7-4cf9-aeb6-e1b37005069a;386.51;4.596;UNKNOWN
2016-01-23T23:37:55.000000;2016-01-23T23:37:55.000000;636e733c-1e02-4f79-96d3-04113a798561;386.5;2.3;UNKNOWN
2016-01-23T23:38:06.000000;2016-01-23T23:38:06.000000;eaa9c142-3afe-4816-be87-9eec76be2996;386.5;0.33;UNKNOWN
2016-01-23T23:39:11.000000;2016-01-23T23:39:11.000000;a8754647-6d3b-41c5-8289-8dc250e323e4;386.51;5.0;UNKNOWN
2016-01-23T23:39:18.000000;2016-01-23T23:39:18.000000;eb6a3c6a-8e61-45ee-8d96-3fec2d2c370d;386.5;5.0;UNKNOWN
2016-01-23T23:39:37.000000;2016-01-23T23:39:37.000000;c09cfc52-144a-4746-9af0-cc7cec389d72;386.5;0.17;UNKNOWN
2016-01-23T23:39:37.000000;2016-01-23T23:39:37.000000;5ca66389-65de-4008-8a79-e661fea21420;386.5;0.3;UNKNOWN
2016-01-23T23:39:51.000000;2016-01-23T23:39:51.000000;0b91cacf-1f83-4ff5-8cce-7e117334a892;386.5;0.13;UNKNOWN
2016-01-23T23:40:05.000000;2016-01-23T23:40:05.000000;7e6ee919-7ab8-4852-82ed-89d1421c487e;386.5;16.40218755;UNKNOWN
2016-01-23T23:40:16.000000;2016-01-23T23:40:16.000000;48493603-48dd-4955-a0c4-879bb40632aa;386.27;0.5;UNKNOWN
2016-01-23T23:40:16.000000;2016-01-23T23:40:16.000000;df458597-b77d-43ee-af63-6f08dc2b1fe6;386.33;2.0;UNKNOWN
2016-01-23T23:41:03.000000;2016-01-23T23:41:03.000000;a0c52e04-7eec-4fe3-8cfa-d4b19ae24dcb;386.14;0.05;UNKNOWN
2016-01-23T23:41:03.000000;2016-01-23T23:41:03.000000;adf8fb8a-a6ac-4ed5-b4d9-5ba3badf20be;386.03;0.5;UNKNOWN
2016-01-23T23:41:03.000000;2016-01-23T23:41:03.000000;b2f985ac-567d-4956-a382-c55d8566b73a;386.27;1.5;UNKNOWN
2016-01-23T23:41:03.000000;2016-01-23T23:41:03.000000;2b98f32c-3615-46bb-ab78-721cc2c2d0ba;386.17;2.0;UNKNOWN
2016-01-23T23:41:03.000000;2016-01-23T23:41:03.000000;cb5948b3-7033-40f6-be0a-83d39034bced;386.2;0.02;UNKNOWN
2016-01-23T23:41:03.000000;2016-01-23T23:41:03.000000;7f79d0f0-40ef-4cd2-8da5-eceab3291c16;386.13;0.25343913;UNKNOWN
2016-01-23T23:41:06.000000;2016-01-23T23:41:06.000000;822a7371-a8d5-4a9b-a5fa-24a1b62fd716;385.62;0.1;UNKNOWN
2016-01-23T23:41:06.000000;2016-01-23T23:41:06.000000;64ee1621-000a-4484-bb17-46913f6fa43c;385.6;2.0;UNKNOWN
2016-01-23T23:41:06.000000;2016-01-23T23:41:06.000000;03c7b43d-786d-46c8-a743-90f0ce972ebc;385.67;1.0;UNKNOWN
2016-01-23T23:41:06.000000;2016-01-23T23:41:06.000000;0b6b91d9-2fa9-423a-abb4-e170444aa393;386.0;22.0;UNKNOWN
2016-01-23T23:41:06.000000;2016-01-23T23:41:06.000000;c1b3ddd8-c0e6-4580-a60e-81b1f4435c40;386.03;1.5;UNKNOWN
2016-01-23T23:41:06.000000;2016-01-23T23:41:06.000000;81bcc7b3-5d23-4a94-b08c-223974276f6a;385.62;0.1;UNKNOWN
2016-01-23T23:41:06.000000;2016-01-23T23:41:06.000000;80ed110f-b017-43c2-b379-c9d354407ba9;384.54;2.59450484;UNKNOWN
2016-01-23T23:41:06.000000;2016-01-23T23:41:06.000000;1527d1eb-e3d3-4c58-afdc-79ab6688658c;384.43;0.05919516;UNKNOWN
2016-01-23T23:41:06.000000;2016-01-23T23:41:06.000000;02ccc54e-6455-4715-980a-0a2229802713;384.66;1.0;UNKNOWN
2016-01-23T23:41:06.000000;2016-01-23T23:41:06.000000;9b4d230d-084c-4d36-aa79-d1e95cae9091;386.0;0.1;UNKNOWN
2016-01-23T23:41:06.000000;2016-01-23T23:41:06.000000;371a0514-24a1-4b0e-973e-0f7d861bc925;384.65;26.232;UNKNOWN
2016-01-23T23:41:06.000000;2016-01-23T23:41:06.000000;ae87ff20-39f3-420b-9d2e-7b987a466e6d;384.67;15.8729;UNKNOWN
2016-01-23T23:41:06.000000;2016-01-23T23:41:06.000000;9082af9f-ef66-486d-b990-f51946d31db0;384.55;1.18;UNKNOWN
2016-01-23T23:41:06.000000;2016-01-23T23:41:06.000000;f0e24995-d47e-4533-a481-6540d4f6333b;385.8;0.02;UNKNOWN
2016-01-23T23:41:06.000000;2016-01-23T23:41:06.000000;01685e93-c690-4513-88ab-09b9ef2b7f85;384.62;12.5;UNKNOWN
2016-01-23T23:41:06.000000;2016-01-23T23:41:06.000000;d4eb91c2-0af7-443f-bf06-fda3c2b674d4;385.0;0.05;UNKNOWN
2016-01-23T23:41:06.000000;2016-01-23T23:41:06.000000;8c516d76-5692-4220-bce7-60d87f5c5c09;384.55;1.16;UNKNOWN
2016-01-23T23:41:06.000000;2016-01-23T23:41:06.000000;64404c00-4637-4f1c-8a52-2ac4ceb03da4;384.63;5.7;UNKNOWN
2016-01-23T23:41:06.000000;2016-01-23T23:41:06.000000;fe8d78cc-3c7e-4440-984b-acb2a2cf8a58;385.13;10.0;UNKNOWN
2016-01-23T23:41:06.000000;2016-01-23T23:41:06.000000;0592251f-6bd4-4e47-a2ea-830e221cf78b;385.17;7.0;UNKNOWN
2016-01-23T23:41:06.000000;2016-01-23T23:41:06.000000;77c462ff-eb8d-4128-9ae8-cd3cdd6315f5;385.13;0.05;UNKNOWN
2016-01-23T23:41:06.000000;2016-01-23T23:41:06.000000;34b00482-5922-4d41-b4e2-cc5456960bee;385.5;2.5;UNKNOWN
2016-01-23T23:41:06.000000;2016-01-23T23:41:06.000000;815baebc-7a7d-4830-8884-2cb81bb0f510;385.0;1.0;UNKNOWN
2016-01-23T23:41:06.000000;2016-01-23T23:41:06.000000;6026d768-0c35-4340-bb65-af7a9b97208d;385.2;0.02;UNKNOWN
2016-01-23T23:41:06.000000;2016-01-23T23:41:06.000000;475cb76b-fa23-48bd-b10f-97b32de9cf8e;384.87;0.5;UNKNOWN
2016-01-23T23:41:06.000000;2016-01-23T23:41:06.000000;d2143d5f-84a5-4803-b368-92c157305d18;384.86;18.5614;UNKNOWN
2016-01-23T23:41:12.000000;2016-01-23T23:41:12.000000;de105242-8910-46de-b900-9d5c0c70a689;384.4;6.0;UNKNOWN
2016-01-23T23:41:12.000000;2016-01-23T23:41:12.000000;22ae93f1-8eb2-4281-98b3-154805bcd963;384.44;0.5;UNKNOWN
2016-01-23T23:41:12.000000;2016-01-23T23:41:12.000000;5f9354a8-13a1-44d1-8318-7327efe91573;384.31;3.27388488;UNKNOWN
2016-01-23T23:41:12.000000;2016-01-23T23:41:12.000000;8b52850b-96f2-428c-afab-6769e83419bc;384.32;10.27388488;UNKNOWN
2016-01-23T23:41:12.000000;2016-01-23T23:41:12.000000;f0058cc8-e575-4307-b9a8-16f970f90ddc;384.31;0.0760239;UNKNOWN
2016-01-23T23:41:12.000000;2016-01-23T23:41:12.000000;75389118-e810-4b65-b97e-440eeb01893a;385.32;0.5;UNKNOWN
2016-01-23T23:41:12.000000;2016-01-23T23:41:12.000000;8055eb6c-66e1-404b-bb3d-f7f788210b64;384.32;12.22;UNKNOWN
2016-01-23T23:41:12.000000;2016-01-23T23:41:12.000000;e2b21a0d-bb09-475a-a3dd-4c06e475cc93;384.32;1.72611512;UNKNOWN
2016-01-23T23:41:12.000000;2016-01-23T23:41:12.000000;17ce5aa3-f06d-4dce-b0d3-532fd2028f34;384.44;0.3;UNKNOWN
2016-01-23T23:41:12.000000;2016-01-23T23:41:12.000000;71b3e8c5-954d-4ce8-8ffa-f7c131e5c623;384.31;0.69835525;UNKNOWN
2016-01-23T23:41:12.000000;2016-01-23T23:41:12.000000;ed96f56c-9a5b-41f2-8dd0-88726f7e993a;384.37;2.59443752;UNKNOWN
2016-01-23T23:41:12.000000;2016-01-23T23:41:12.000000;bf64dead-33ee-433e-95a3-e28216d8eea0;384.42;2.59467314;UNKNOWN
2016-01-23T23:41:12.000000;2016-01-23T23:41:12.000000;fdb07b51-5245-4e24-b4bf-d9740992e9b0;384.41;3.0;UNKNOWN
2016-01-23T23:41:12.000000;2016-01-23T23:41:12.000000;0f572ed9-8eb9-427e-b57d-d3c0eb82a12e;384.44;0.3;UNKNOWN
2016-01-23T23:41:12.000000;2016-01-23T23:41:12.000000;3a73e876-e52a-4bf9-90cc-8ff191a77e1c;384.43;0.22;UNKNOWN
2016-01-23T23:41:12.000000;2016-01-23T23:41:12.000000;f608823b-2118-469c-a7ea-f10c55b8cf7f;384.31;0.255;UNKNOWN
2016-01-23T23:41:17.000000;2016-01-23T23:41:17.000000;00fd81aa-a765-49ae-b4c9-f566753d7922;384.3;2.59430291;UNKNOWN
2016-01-23T23:41:17.000000;2016-01-23T23:41:17.000000;83d52e6f-c018-478f-9e22-2c3b3b09dffb;384.29;0.05;UNKNOWN
2016-01-23T23:41:17.000000;2016-01-23T23:41:17.000000;16c59270-7093-4563-b0c7-976b81845b8e;384.15;0.3;UNKNOWN
2016-01-23T23:41:17.000000;2016-01-23T23:41:17.000000;fe34e42e-ef51-439a-bdb6-7efc88e76531;384.43;0.102;UNKNOWN
2016-01-23T23:41:17.000000;2016-01-23T23:41:17.000000;f082d229-b878-4ba7-ac21-d63f883902e3;384.15;0.25;UNKNOWN
2016-01-23T23:41:17.000000;2016-01-23T23:41:17.000000;82c4fdc8-5442-4c06-9e73-c2270feb0ae6;384.17;0.15;UNKNOWN
2016-01-23T23:41:17.000000;2016-01-23T23:41:17.000000;46fe61ad-d453-4c72-86cf-4059de419c91;384.15;0.17247516;UNKNOWN
2016-01-23T23:41:17.000000;2016-01-23T23:41:17.000000;aa53075c-9786-4cc3-8b4f-177212b8ab45;384.17;0.24495901;UNKNOWN
2016-01-23T23:41:17.000000;2016-01-23T23:41:17.000000;34369ab3-af9f-44ff-9658-c781f4accf42;384.43;0.2;UNKNOWN
2016-01-23T23:41:17.000000;2016-01-23T23:41:17.000000;a4576cc7-7c09-4232-8842-3076f344f622;384.19;2.59443752;UNKNOWN
2016-01-23T23:41:17.000000;2016-01-23T23:41:17.000000;082e877e-3327-48eb-b676-771d1b4bbd35;384.45;0.3;UNKNOWN
2016-01-23T23:41:17.000000;2016-01-23T23:41:17.000000;67b4775d-6d6c-4e35-8ebd-03d4257158b7;384.24;2.59467314;UNKNOWN
2016-01-23T23:41:17.000000;2016-01-23T23:41:17.000000;f47936be-b3e8-46cb-b2d9-9d4164b53b08;384.22;0.1041;UNKNOWN
2016-01-23T23:41:17.000000;2016-01-23T23:41:17.000000;82564643-266a-4851-bd08-51c667b4660a;384.43;2.0;UNKNOWN
2016-01-23T23:41:17.000000;2016-01-23T23:41:17.000000;c082ad45-b50c-4cbf-a763-fa293d9d4f18;384.33;1.41574014;UNKNOWN
2016-01-23T23:41:17.000000;2016-01-23T23:41:17.000000;cca9edcc-9ca8-44e0-849e-e583e71842c8;384.33;1.178933;UNKNOWN
2016-01-23T23:41:17.000000;2016-01-23T23:41:17.000000;8c1fb0f7-0a92-4c37-9334-e532cf781e6c;384.43;0.998;UNKNOWN
2016-01-23T23:41:17.000000;2016-01-23T23:41:17.000000;761ce503-3086-4e5a-99ce-e1f24f549387;384.43;3.7;UNKNOWN
2016-01-23T23:41:23.000000;2016-01-23T23:41:23.000000;83fc6b3c-b5d3-4f5f-a9d7-ac084f52ab6e;384.34;0.5300679;UNKNOWN
2016-01-23T23:41:24.000000;2016-01-23T23:41:24.000000;355ba4af-9d96-42a3-84b8-de577e84f85f;384.74;0.24999527;UNKNOWN
2016-01-23T23:41:29.000000;2016-01-23T23:41:29.000000;2b47882d-d04b-4d3b-adf8-aa88a034ef1a;384.01;2.59447118;UNKNOWN
2016-01-23T23:41:29.000000;2016-01-23T23:41:29.000000;278a52b2-3d38-4b63-b131-267cf19a5d20;384.01;20.0;UNKNOWN
2016-01-23T23:41:29.000000;2016-01-23T23:41:29.000000;7268fbc8-9ec3-4085-8996-8f96038d5608;384.0;2.0;UNKNOWN
2016-01-23T23:41:29.000000;2016-01-23T23:41:29.000000;e9cb2c20-0ba0-4980-89ac-234c0ec70f1f;384.11;11.0;UNKNOWN
2016-01-23T23:41:29.000000;2016-01-23T23:41:29.000000;5960a460-8497-4d25-a4d3-0ca6c7415f0e;384.01;50.0;UNKNOWN
2016-01-23T23:41:29.000000;2016-01-23T23:41:29.000000;f8c97491-a69a-4225-8c03-8aceafd1d9e8;384.1;2.59447118;UNKNOWN
2016-01-23T23:41:29.000000;2016-01-23T23:41:29.000000;a0027826-f4a4-4194-83fc-65480f884d14;384.0;5.0;UNKNOWN
2016-01-23T23:41:29.000000;2016-01-23T23:41:29.000000;6b09a3cb-1734-4735-9a7f-a467ddb7277c;384.7;0.02;UNKNOWN
2016-01-23T23:41:29.000000;2016-01-23T23:41:29.000000;2964db66-b179-4bd0-be5d-c53cf9550548;384.0;13.22749934;UNKNOWN
2016-01-23T23:41:29.000000;2016-01-23T23:41:29.000000;2055b42e-891f-4fd5-91e9-f1eb481bcc56;384.15;2.02752484;UNKNOWN
2016-01-23T23:41:29.000000;2016-01-23T23:41:29.000000;bb2eb432-c897-465e-9c2c-2c78868d7be2;384.1;0.2;UNKNOWN
2016-01-23T23:41:29.000000;2016-01-23T23:41:29.000000;64d9d6fd-34ab-44e5-9d3a-0679aca9f5b5;384.02;0.2128416;UNKNOWN
2016-01-23T23:41:30.000000;2016-01-23T23:41:30.000000;2ff6cde2-9fac-40c9-872c-bee612469864;384.0;8.0;UNKNOWN
2016-01-23T23:41:35.000000;2016-01-23T23:41:35.000000;f2d8d695-3f25-43f0-9961-64476c8342c7;384.51;0.99139277;UNKNOWN
2016-01-23T23:41:48.000000;2016-01-23T23:41:48.000000;6c4e1340-3422-4417-8938-4277fea0a65e;384.03;10.7303776;UNKNOWN
2016-01-23T23:41:49.000000;2016-01-23T23:41:49.000000;c43a2fb9-08b6-483c-be0b-6a873dea4b8a;384.44;1.81675;UNKNOWN
2016-01-23T23:41:50.000000;2016-01-23T23:41:50.000000;9db07616-f385-4e63-956a-0022f5c84e3b;384.03;0.1;UNKNOWN
2016-01-23T23:41:55.000000;2016-01-23T23:41:55.000000;0bed65cc-700e-418f-99d1-ca40c255f3c7;384.01;4.0;UNKNOWN
2016-01-23T23:42:00.000000;2016-01-23T23:42:00.000000;d0b1e658-1021-4748-a05b-8b9a287f5064;384.01;1.1;UNKNOWN
2016-01-23T23:42:01.000000;2016-01-23T23:42:01.000000;c98d89ea-bfb5-4e85-861a-88af218d4f93;384.32;0.02;UNKNOWN
2016-01-23T23:42:03.000000;2016-01-23T23:42:03.000000;29ba0379-2b91-4c75-a1ee-e247f1e6bba5;384.31;0.05;UNKNOWN
2016-01-23T23:42:05.000000;2016-01-23T23:42:05.000000;03cda2ca-f9d0-4247-b324-4118a7d3c930;384.01;6.0;UNKNOWN
2016-01-23T23:42:12.000000;2016-01-23T23:42:12.000000;87833918-4e49-4719-925b-b5508b426ad8;384.25;0.1;UNKNOWN
2016-01-23T23:42:12.000000;2016-01-23T23:42:12.000000;a35ad6d8-7f43-450f-8af8-83f909654593;384.01;1.00816323;UNKNOWN
2016-01-23T23:42:16.000000;2016-01-23T23:42:16.000000;61d909b6-cea7-4fcb-97be-5c83d4d92fcf;384.23;5.0;UNKNOWN
2016-01-23T23:42:28.000000;2016-01-23T23:42:28.000000;d65950e7-1595-42b9-b0b2-a879314e28f9;384.16;7.0;UNKNOWN
2016-01-23T23:42:29.000000;2016-01-23T23:42:29.000000;65991114-b7e1-4d18-80d4-d5b773032997;384.16;0.02;UNKNOWN
2016-01-23T23:42:46.000000;2016-01-23T23:42:46.000000;1dc1876e-252d-4f19-9292-a886d95d9ba3;384.11;0.2;UNKNOWN
2016-01-23T23:43:02.000000;2016-01-23T23:43:02.000000;50ccef5c-aad2-40db-a47b-70659d9cf7d2;384.22;0.02;UNKNOWN
2016-01-23T23:43:04.000000;2016-01-23T23:43:04.000000;559a5090-b64c-434d-95d3-5689d5c41c54;384.12;12.5540424;UNKNOWN
2016-01-23T23:43:07.000000;2016-01-23T23:43:07.000000;0713cfbe-0ba6-4e91-ac68-ee3aea1b4d74;384.12;2.0;UNKNOWN
2016-01-23T23:43:09.000000;2016-01-23T23:43:09.000000;ed89f2ad-75d0-4416-815a-38116bb407fd;384.12;0.05;UNKNOWN
2016-01-23T23:43:13.000000;2016-01-23T23:43:13.000000;1b87cc32-07a3-4da7-8c35-d42490a1cae2;384.12;1.0153;UNKNOWN
2016-01-23T23:43:15.000000;2016-01-23T23:43:15.000000;b437f468-f453-4438-8221-e6be1786a8e3;384.12;1.0144;UNKNOWN
2016-01-23T23:43:17.000000;2016-01-23T23:43:17.000000;9e466170-bd17-4923-ae63-ea91d969f5e0;384.12;1.0152;UNKNOWN
2016-01-23T23:43:19.000000;2016-01-23T23:43:19.000000;7604740b-ccc0-440c-9805-6f1d4efaa616;384.22;1.42249;UNKNOWN
2016-01-23T23:43:19.000000;2016-01-23T23:43:19.000000;963aee09-495b-4900-ad9e-54a51ce4c4c5;384.12;1.0064;UNKNOWN
2016-01-23T23:43:28.000000;2016-01-23T23:43:28.000000;b04a65c9-23cb-4ecb-b9df-7d538a6e6601;384.22;0.02;UNKNOWN
2016-01-23T23:43:29.000000;2016-01-23T23:43:29.000000;ec4f6fe3-d172-4ff5-a853-180ec44f6651;384.12;0.6546576;UNKNOWN
2016-01-23T23:43:29.000000;2016-01-23T23:43:29.000000;2055f2fb-ffac-40cb-a275-f8400b6e59ab;384.0;0.0546424;UNKNOWN
2016-01-23T23:43:29.000000;2016-01-23T23:43:29.000000;e9d63403-fe6f-43c2-8354-cb78d72f1483;384.11;0.3;UNKNOWN
2016-01-23T23:43:34.000000;2016-01-23T23:43:34.000000;f66113a2-1e36-4b38-a308-4e8266847576;384.22;2.60071259;UNKNOWN
2016-01-23T23:43:34.000000;2016-01-23T23:43:34.000000;5e201d6c-7f06-45e7-b425-658c4a9c301c;384.22;1.13818878;UNKNOWN
2016-01-23T23:43:34.000000;2016-01-23T23:43:34.000000;d05dd499-a981-4370-ba12-52a64396278f;384.22;1.26109863;UNKNOWN
2016-01-23T23:44:00.000000;2016-01-23T23:44:00.000000;fe6554f4-5e7b-46da-bd68-ae9a351334c2;384.2;0.02;UNKNOWN
2016-01-23T23:44:39.000000;2016-01-23T23:44:39.000000;6719950a-e4de-4ec8-a82d-7cd56f015a43;384.3;0.24170873;UNKNOWN
2016-01-23T23:44:39.000000;2016-01-23T23:44:39.000000;57c02bcc-8f3c-4403-b0f7-c28da71701b1;384.35;2.15829127;UNKNOWN
2016-01-23T23:44:46.000000;2016-01-23T23:44:46.000000;ef337ebc-1819-4f0d-b884-075fedbddcee;384.45;0.0203;UNKNOWN
2016-01-23T23:44:53.000000;2016-01-23T23:44:53.000000;7d7442e3-50c4-41f5-a0a5-d64defd6ef25;384.3;0.05182908;UNKNOWN
2016-01-23T23:44:55.000000;2016-01-23T23:44:55.000000;5361fcf9-2609-4042-bc6e-b22e5a925d9d;384.48;0.293;UNKNOWN
2016-01-23T23:44:57.000000;2016-01-23T23:44:57.000000;326fd2fd-40e8-488a-a902-afcc29bb714d;384.48;0.5;UNKNOWN
2016-01-23T23:45:00.000000;2016-01-23T23:45:00.000000;f55cba08-01a1-48fc-b6c4-6535c76f63e2;384.48;1.1;UNKNOWN
2016-01-23T23:45:01.000000;2016-01-23T23:45:01.000000;8ede520c-54a4-492e-984a-6123ca7b147a;384.48;0.293;UNKNOWN
2016-01-23T23:45:04.000000;2016-01-23T23:45:04.000000;3cdf4aef-8fe1-4681-832e-f3d601c1f601;384.49;0.7135;UNKNOWN
2016-01-23T23:45:04.000000;2016-01-23T23:45:04.000000;51d02075-310c-4417-8ad1-3fbcf23ed7ef;384.48;4.2865;UNKNOWN
2016-01-23T23:45:13.000000;2016-01-23T23:45:13.000000;06a7a076-cd59-4b2b-a3eb-b755b73a46f9;384.55;2.60044207;UNKNOWN
2016-01-23T23:45:13.000000;2016-01-23T23:45:13.000000;11e7ab21-0a64-4562-8c2b-4b98e75923b1;384.58;0.01217623;UNKNOWN
2016-01-23T23:45:13.000000;2016-01-23T23:45:13.000000;406f1547-699c-4c9f-a9eb-461038ac22e8;384.58;1.0;UNKNOWN
2016-01-23T23:45:13.000000;2016-01-23T23:45:13.000000;c9015356-7d69-4633-9d99-fd40b94ec3fd;384.48;0.5;UNKNOWN
2016-01-23T23:45:13.000000;2016-01-23T23:45:13.000000;660982f1-7a13-4539-bf54-619711b09a6c;384.49;1.8873817;UNKNOWN
2016-01-23T23:45:18.000000;2016-01-23T23:45:18.000000;43132953-318f-4165-87e7-80ed2524bc3c;384.3;0.1085699;UNKNOWN
2016-01-23T23:45:23.000000;2016-01-23T23:45:23.000000;bbf9937d-d46e-46c0-8306-73091bb7e73d;384.57;0.01;UNKNOWN
2016-01-23T23:45:55.000000;2016-01-23T23:45:55.000000;34d54692-d2de-4dd7-9ede-0fa6454e43aa;384.58;0.292;UNKNOWN
2016-01-23T23:46:06.000000;2016-01-23T23:46:06.000000;20ebeed3-c26f-49bc-a602-53d215e7a5e9;384.58;0.02;UNKNOWN
2016-01-23T23:46:18.000000;2016-01-23T23:46:18.000000;b5c093d1-2927-461d-8613-157093951b3b;384.56;0.3;UNKNOWN
2016-01-23T23:46:28.000000;2016-01-23T23:46:28.000000;47bea179-3078-4003-8b67-1fd48e06edc1;384.5;0.01;UNKNOWN
2016-01-23T23:46:29.000000;2016-01-23T23:46:29.000000;b9d94574-80b1-41a0-84ad-85a50aa25df0;384.49;6.4418;UNKNOWN
2016-01-23T23:46:56.000000;2016-01-23T23:46:56.000000;1faa4d5b-5c7e-4426-9491-5fd81f87aa49;384.5;2.4;UNKNOWN
2016-01-23T23:47:04.000000;2016-01-23T23:47:04.000000;1bee4e5e-fa74-4151-b1eb-3d2b153eb6b5;384.5;0.5;UNKNOWN
2016-01-23T23:47:06.000000;2016-01-23T23:47:06.000000;a8ac7b66-804f-41d4-9d7a-c5d57218f49e;384.5;1.3405;UNKNOWN
2016-01-23T23:47:07.000000;2016-01-23T23:47:07.000000;37be6543-b8ef-44ab-b211-6b97519ea3c1;384.5;10.4055;UNKNOWN
2016-01-23T23:47:14.000000;2016-01-23T23:47:14.000000;00566475-65c7-4a2a-b971-3f1286dddd15;384.72;0.72329453;UNKNOWN
2016-01-23T23:47:14.000000;2016-01-23T23:47:14.000000;28ee5d69-6589-4e48-824e-7254ff76a48b;384.58;1.27670547;UNKNOWN
2016-01-23T23:47:32.000000;2016-01-23T23:47:32.000000;2c29bc87-0f0f-4522-8152-e1e15502bea8;384.6;1.337819;UNKNOWN
2016-01-23T23:48:04.000000;2016-01-23T23:48:04.000000;00af4ef4-7c4e-49db-b805-7f1b08649df0;384.73;2.0;UNKNOWN
2016-01-23T23:48:28.000000;2016-01-23T23:48:28.000000;a0729578-fbca-4627-8644-28fedda51549;384.73;0.60054351;UNKNOWN
2016-01-23T23:48:37.000000;2016-01-23T23:48:37.000000;188fae1b-90d0-45b6-96ad-01628075b020;385.68;5.0;UNKNOWN
2016-01-23T23:48:37.000000;2016-01-23T23:48:37.000000;4fb0a731-c624-491e-9e69-89a8c6ac3440;385.68;0.4786;UNKNOWN
2016-01-23T23:48:37.000000;2016-01-23T23:48:37.000000;7d0b32ad-2c49-4760-9a9e-ddc0a6bedf90;385.61;0.0214;UNKNOWN
2016-01-23T23:48:39.000000;2016-01-23T23:48:39.000000;3a350e50-3878-480d-840d-2ac1cfa377d2;385.67;0.050157;UNKNOWN
2016-01-23T23:48:39.000000;2016-01-23T23:48:39.000000;980cd807-e1df-43ed-a943-c1e3aeed8b45;385.68;4.949843;UNKNOWN
2016-01-23T23:48:41.000000;2016-01-23T23:48:41.000000;e4546fda-3fc6-45e4-8ad9-9a8af77c499a;385.9;1.544835;UNKNOWN
2016-01-23T23:48:41.000000;2016-01-23T23:48:41.000000;9d0225f5-4fad-4640-b4ca-345e46b05866;385.74;0.025;UNKNOWN
2016-01-23T23:48:41.000000;2016-01-23T23:48:41.000000;b51f8751-3146-4be4-bb74-ef3f6a979110;385.68;2.050157;UNKNOWN
2016-01-23T23:48:41.000000;2016-01-23T23:48:41.000000;3eaaccda-6c03-4071-8750-b6c2da019710;385.6;0.042189;UNKNOWN
2016-01-23T23:48:42.000000;2016-01-23T23:48:42.000000;5d5d7f18-fa30-4d1c-a455-82b6d1c62b01;385.8;2.59215097;UNKNOWN
2016-01-23T23:48:42.000000;2016-01-23T23:48:42.000000;90f54061-fb00-4e26-9561-2d32b04c4633;385.9;0.071339;UNKNOWN
2016-01-23T23:48:42.000000;2016-01-23T23:48:42.000000;08916016-3d15-49c9-86a0-25a579a77fcd;385.91;2.33651003;UNKNOWN
2016-01-23T23:48:44.000000;2016-01-23T23:48:44.000000;a078edde-54ca-4a17-901b-459d23871917;385.91;0.01032462;UNKNOWN
2016-01-23T23:50:23.000000;2016-01-23T23:50:23.000000;56e02b40-5724-48ab-9542-abf168f10131;385.8;0.05203789;UNKNOWN
2016-01-23T23:50:36.000000;2016-01-23T23:50:36.000000;af0a9952-7eda-48a7-bdab-1e1036685541;385.94;1.33055322;UNKNOWN
2016-01-23T23:50:58.000000;2016-01-23T23:50:58.000000;fe3f1770-c3d1-40d5-9542-02d2bc47de35;385.95;1.83960102;UNKNOWN
2016-01-23T23:51:33.000000;2016-01-23T23:51:33.000000;0d62060d-01c5-46c8-a16b-eac18dc8d99b;386.0;2.0;UNKNOWN
2016-01-23T23:52:07.000000;2016-01-23T23:52:07.000000;c2eab67a-82c8-4f40-bc9b-c542984b846c;385.99;0.199;UNKNOWN
2016-01-23T23:52:10.000000;2016-01-23T23:52:10.000000;04777a21-7390-48f9-9db7-334391534d3e;385.99;1.5;UNKNOWN
2016-01-23T23:52:21.000000;2016-01-23T23:52:21.000000;6f15903f-2d19-4be7-9fea-e5b6c832c085;386.0;0.05;UNKNOWN
2016-01-23T23:52:37.000000;2016-01-23T23:52:37.000000;a4ac571f-2f5c-4e84-9004-44827b758674;386.0;1.5;UNKNOWN
2016-01-23T23:52:37.000000;2016-01-23T23:52:37.000000;0fb39f35-b01c-4fec-b4f8-82aa35eaaab6;386.0;1.0;UNKNOWN
2016-01-23T23:53:49.000000;2016-01-23T23:53:49.000000;9cfb6360-7bf2-4f0e-b97a-0c7212f67732;385.95;0.3244;UNKNOWN
2016-01-23T23:54:44.000000;2016-01-23T23:54:44.000000;fa4576ac-87c7-4fe5-98cc-b825456edca6;385.52;0.65229211;UNKNOWN
2016-01-23T23:54:44.000000;2016-01-23T23:54:44.000000;6e80fe58-447a-410c-a604-de03ebad9f4a;385.95;0.6756;UNKNOWN
2016-01-23T23:54:58.000000;2016-01-23T23:54:58.000000;75673368-1339-4de9-b29d-a2421e00af86;385.5;1.0;UNKNOWN
2016-01-23T23:54:58.000000;2016-01-23T23:54:58.000000;796f88c9-a24e-45ae-bd07-f51b6d210532;385.51;6.4273;UNKNOWN
2016-01-23T23:55:05.000000;2016-01-23T23:55:05.000000;5344712a-752c-4704-9e0d-d09ae7141409;385.12;0.1;UNKNOWN
2016-01-23T23:55:13.000000;2016-01-23T23:55:13.000000;a5822856-0ba1-4179-ae4e-4d23160ad4de;385.12;0.16614267;UNKNOWN
2016-01-23T23:55:24.000000;2016-01-23T23:55:24.000000;73d4ba33-e06a-4d71-bc95-979bcccd9742;385.6;5.39536716;UNKNOWN
2016-01-23T23:55:24.000000;2016-01-23T23:55:24.000000;0428a8c0-b123-4287-9d2d-e54c05107734;385.13;6.60408933;UNKNOWN
2016-01-23T23:55:56.000000;2016-01-23T23:55:56.000000;feff7af8-1f12-4e45-ac02-ba6d57627ce7;385.91;0.01032598;UNKNOWN
2016-01-23T23:56:25.000000;2016-01-23T23:56:25.000000;66c4475a-f2be-452c-9ddb-dca5ab1585c9;385.94;0.1;UNKNOWN
2016-01-23T23:56:29.000000;2016-01-23T23:56:29.000000;ebff468c-5506-487d-98cc-0a92da5ccc7a;385.97;0.8;UNKNOWN
2016-01-23T23:57:10.000000;2016-01-23T23:57:10.000000;18f47a63-4748-4fab-aa88-ca82d0103d6e;385.98;0.1;UNKNOWN
2016-01-23T23:57:38.000000;2016-01-23T23:57:38.000000;ff3f0f60-2060-4c66-a500-7003afde0944;385.27;0.8764;UNKNOWN
2016-01-23T23:57:38.000000;2016-01-23T23:57:38.000000;591f45bc-4d5a-4c13-b1a2-39a9dc1512a6;385.5;0.1236;UNKNOWN
2016-01-23T23:57:53.000000;2016-01-23T23:57:53.000000;92c0d48f-7cfd-4993-b4bf-743064c220ff;385.72;0.79410973;UNKNOWN
2016-01-23T23:57:53.000000;2016-01-23T23:57:53.000000;88bca603-ac61-4e66-952e-6bf7e6ec8648;385.72;0.5;UNKNOWN
2016-01-23T23:58:49.000000;2016-01-23T23:58:49.000000;16933d52-988a-4e94-ad82-5239cb3f77d0;385.57;0.01;UNKNOWN
